PERMCO_Y,NIMTA_t,NIMTA_t+1,TLMTA_t,TLMTA_t+1,CASHMTA_t,CASHMTA_t+1,MB_t,MB_t+1,SIGMA_t,SIGMA_t+1,RSIZE_t,RSIZE_t+1,EXRET_t,EXRET_t+1,PRICE_t,PRICE_t+1,gind_15,gind_20,gind_25,gind_30,gind_35,gind_40,gind_45,gind_50,gind_55,gind_60,y_t+2
10039_2008,0.00651315095013397,0.005965681784421785,0.8981326347043143,0.9165506082470968,0.03444109304148429,0.0522163238591929,1.3465649149578576,1.1301417805465876,0.029018350947804118,0.02973062704538904,-12.074839183016081,-12.230173430735938,-0.2275997116949241,-0.2008911029128153,2.7080502011022096,2.7080502011022096,0,0,0,0,0,1,0,0,0,0,0.0
10039_2009,0.005965681784421785,0.007860195818300787,0.9165506082470968,0.933428581147736,0.0522163238591929,0.04235376158831733,1.1301417805465876,0.8996858644406863,0.02973062704538904,0.06792729589681643,-12.230173430735938,-11.901631524164115,-0.2008911029128153,0.19758004859570666,2.7080502011022096,2.7080502011022096,0,0,0,0,0,1,0,0,0,0,0.0
10039_2010,0.007860195818300787,0.008693043814453598,0.933428581147736,0.9295635454479246,0.04235376158831733,0.0710862987472292,0.8996858644406863,0.9985193527307415,0.06792729589681643,0.04300174173076897,-11.901631524164115,-11.933587716694285,0.19758004859570666,-0.11143759839411302,2.7080502011022096,2.7080502011022096,0,0,0,0,0,1,0,0,0,0,0.0
10059_2008,0.017313605229474022,0.0151565261030663,0.05542625486272572,0.043042034483620574,0.06001770818324921,0.03646122755843891,4.252375801477223,4.614618596332138,0.20826814591549672,0.16424784022105698,-11.297362403162007,-11.076559666731416,-0.30467058649908685,0.2642652166209881,2.2353763433005955,2.470638677990296,0,0,0,1,0,0,0,0,0,0,0.0
10059_2009,0.0151565261030663,0.012059781700290456,0.043042034483620574,0.052742622687148966,0.03646122755843891,0.03493678391104019,4.614618596332138,3.8823894371522187,0.16424784022105698,0.17737452890596525,-11.076559666731416,-10.864415926483693,0.2642652166209881,0.2859780859610065,2.470638677990296,2.194999882314108,0,0,0,1,0,0,0,0,0,0,0.0
10059_2010,0.012059781700290456,0.025523120877408836,0.052742622687148966,0.08659990331456903,0.03493678391104019,0.025999674660398157,3.8823894371522187,4.047618805884986,0.17737452890596525,0.12343257763565885,-10.864415926483693,-10.81584127026356,0.2859780859610065,0.1766802988629974,2.194999882314108,2.4748563139344992,0,0,0,1,0,0,0,0,0,0,0.0
10107_2008,0.03604045280538794,0.037420133070075016,0.014820850682631757,0.007559121005202617,0.053480649562449814,0.07244498368587543,3.9561842834888727,3.6430406120148935,0.047377029386235836,0.04051826991502805,-8.670382191287345,-8.510924167200672,-0.12996555602531612,0.11231133820046027,2.7080502011022096,2.7080502011022096,0,0,0,0,1,0,0,0,0,0,0.0
10107_2009,0.037420133070075016,0.03439527188067785,0.007559121005202617,0.006722087212895567,0.07244498368587543,0.06853446741167724,3.6430406120148935,4.055162642897352,0.04051826991502805,0.05732527222625251,-8.510924167200672,-8.085264487269674,0.11231133820046027,0.412793210948736,2.7080502011022096,2.7080502011022096,0,0,0,0,1,0,0,0,0,0,0.0
10107_2010,0.03439527188067785,0.043996340229557535,0.006722087212895567,0.00648937866425402,0.06853446741167724,0.08481676023027156,4.055162642897352,3.66474087344378,0.05732527222625251,0.08321727401584557,-8.085264487269674,-8.265169211170162,0.412793210948736,-0.16283117775227138,2.7080502011022096,2.7080502011022096,0,0,0,0,1,0,0,0,0,0,0.0
10108_2008,-0.22750559285944236,-0.1459624919163613,0.1862815750755928,0.2858805777107135,0.11729344277743553,0.12157792627721492,15.819530383785713,82.82,0.17710641051635947,0.19238210560735586,-11.352879021794989,-11.953572811588788,-0.10880463900878648,-0.7082822642301713,1.6658182458702082,1.0043016091968684,0,0,0,0,1,0,0,0,0,0,0.0
10108_2009,-0.1459624919163613,-0.34265610466831714,0.2858805777107135,0.6632253060834525,0.12157792627721492,0.10135809164659833,82.82,23.9694,0.19238210560735586,0.29334748292603824,-11.953572811588788,-12.699483022646909,-0.7082822642301713,-0.5669331946176259,1.0043016091968684,-0.23572233352106986,0,0,0,0,1,0,0,0,0,0,0.0
10108_2010,-0.34265610466831714,0.0,0.6632253060834525,0.0,0.10135809164659833,0.0,23.9694,0.0,0.29334748292603824,0.0,-12.699483022646909,0.0,-0.5669331946176259,0.0,-0.23572233352106986,0.0,0,0,0,0,1,0,0,0,0,0,0.0
10110_2008,0.0,-0.1244235603232798,0.0,0.7221325741163654,0.0,0.0037696969611294776,0.0,1.5864425867219758,0.0,0.17178612427998352,0.0,-10.501477094468003,0.0,2.8876690703031005,0.0,2.3599101596133147,0,1,0,0,0,0,0,0,0,0,0.0
10110_2009,-0.1244235603232798,-0.1477570738739802,0.7221325741163654,0.9496638659473704,0.0037696969611294776,0.004242089425414954,1.5864425867219758,0.8583899665418183,0.17178612427998352,0.33267222849736056,-10.501477094468003,-12.044244925164074,2.8876690703031005,-1.1978907475898501,2.3599101596133147,0.3220834991691132,0,1,0,0,0,0,0,0,0,0,0.0
10110_2010,-0.1477570738739802,-0.00022148931631181225,0.9496638659473704,0.7689706354498281,0.004242089425414954,0.009544175993799909,0.8583899665418183,2.91473510785462,0.33267222849736056,0.20810338800257014,-12.044244925164074,-10.675027588457178,-1.1978907475898501,1.251161958474897,0.3220834991691132,1.912501086924184,0,1,0,0,0,0,0,0,0,0,0.0
10147_2008,-0.10751841254191764,0.1258217298761205,0.2739110598261882,0.08973991373013564,0.3010394376773438,0.2670765985144505,1.5213915237920292,1.3240741755531928,0.1301466361020262,0.09200538563043442,-10.356031866621366,-10.292485594776991,0.004204425062598924,0.20019321488477546,2.363680192353857,2.525728644308256,0,0,0,0,0,0,0,0,0,0,0.0
10147_2009,0.1258217298761205,-0.11926949103756232,0.08973991373013564,0.21905155638239587,0.2670765985144505,0.5399189385326475,1.3240741755531928,0.54060146188096,0.09200538563043442,0.16379114299680742,-10.292485594776991,-10.923231136219316,0.20019321488477546,-0.6160367303542864,2.525728644308256,1.4586150226995167,0,0,0,0,0,0,0,0,0,0,0.0
10147_2010,-0.11926949103756232,-0.0162161936465089,0.21905155638239587,0.08757892802974553,0.5399189385326475,0.16867033475192408,0.54060146188096,0.6606512481730099,0.16379114299680742,0.21017681431904275,-10.923231136219316,-10.94257805609921,-0.6160367303542864,-0.017172130111060002,1.4586150226995167,1.6658182458702082,0,0,0,0,0,0,0,0,0,0,0.0
10210_2008,0.03855821177256363,-0.010302913771872764,0.06651861714038644,0.10110989839310852,0.37558144871059773,0.3304440175160108,1.9747826866059903,1.9042360332703576,0.1132418686171872,0.0922740794113678,-9.951595243089391,-10.216557078255052,-0.3129429063438579,-0.3572212242130057,1.928618651945252,1.6639260977181702,0,0,0,0,0,0,1,0,0,0,0.0
10210_2009,-0.010302913771872764,0.012328194634343977,0.10110989839310852,0.1297316320542994,0.3304440175160108,0.4136774490180372,1.9042360332703576,1.3615579248050491,0.0922740794113678,0.20982558153649206,-10.216557078255052,-10.712355722114395,-0.3572212242130057,-0.04089696082619504,1.6639260977181702,0.9858167945227654,0,0,0,0,0,0,1,0,0,0,0.0
10210_2010,0.012328194634343977,0.06401398244891911,0.1297316320542994,0.0817037675357851,0.4136774490180372,0.17896174248467542,1.3615579248050491,2.187357849499275,0.20982558153649206,0.1415340025376144,-10.712355722114395,-10.009343646521089,-0.04089696082619504,0.5864265720439712,0.9858167945227654,1.9198594718553708,0,0,0,0,0,0,1,0,0,0,0.0
10218_2008,0.00809830469803042,0.008249341355054505,0.8655421828135835,0.8974834411530774,0.027150157822812698,0.041616687349336885,1.4544204136525518,1.1388067489242557,0.042548026669428286,0.07303735004445787,-10.14202979212556,-10.365975663617043,-0.044383441152465036,-0.1870819076386289,2.7080502011022096,2.7080502011022096,0,0,0,0,0,1,0,0,0,0,0.0
10218_2009,0.008249341355054505,0.0042477122185880355,0.8974834411530774,0.9031898264678452,0.041616687349336885,0.03896356974458196,1.1388067489242557,1.1664701814969447,0.07303735004445787,0.1451993257411074,-10.365975663617043,-9.716306934168609,-0.1870819076386289,0.22491099948937213,2.7080502011022096,2.7080502011022096,0,0,0,0,0,1,0,0,0,0,0.0
10218_2010,0.0042477122185880355,-0.009838385042237136,0.9031898264678452,0.9695664137813368,0.03896356974458196,0.06110452169647133,1.1664701814969447,0.383536121382716,0.1451993257411074,0.16767092365502045,-9.716306934168609,-11.273795490365414,0.22491099948937213,-1.2673728964090856,2.7080502011022096,1.7817091333745536,0,0,0,0,0,1,0,0,0,0,0.0
10224_2008,0.01862706482116758,0.02201521136484776,0.2832594872335442,0.3378771808829141,0.13762106457825754,0.11518784794125547,1.2969455810240798,1.2377520743329098,0.07060819340785082,0.07166618906309181,-6.489550213512822,-6.849361462979977,0.02105978169212258,-0.10979705370482626,2.7080502011022096,2.7080502011022096,0,0,0,0,0,0,1,0,0,0,0.0
10224_2009,0.02201521136484776,-0.3559731009487853,0.3378771808829141,0.3542946148810052,0.11518784794125547,0.1053375386124404,1.2377520743329098,2.5568173623508987,0.07166618906309181,0.17063808830286678,-6.849361462979977,-6.54344638847427,-0.10979705370482626,0.13790001058514156,2.7080502011022096,2.6041700706148183,0,0,0,0,0,0,1,0,0,0,0.0
10224_2010,-0.3559731009487853,0.03536028490286693,0.3542946148810052,0.33101980993104,0.1053375386124404,0.15075169081838508,2.5568173623508987,2.481283802605596,0.17063808830286678,0.07972486289111702,-6.54344638847427,-6.534203566578934,0.13790001058514156,-0.1422658102244724,2.6041700706148183,2.7080502011022096,0,0,0,0,0,0,1,0,0,0,0.0
10256_2008,0.03582534705102696,0.028719129391534325,0.04926018927972221,0.06745616246278785,0.1938730611457909,0.2320282299251428,1.9872491922944642,1.6924787594368242,0.06760392774797,0.06942260187415111,-9.395568670248073,-9.597800725377711,-0.3079890287926327,-0.09659095676411973,2.7080502011022096,2.7080502011022096,0,0,0,0,0,0,1,0,0,0,0.0
10256_2009,0.028719129391534325,0.04209975519629059,0.06745616246278785,0.09411205403586544,0.2320282299251428,0.2773675420534493,1.6924787594368242,1.3634210533040592,0.06942260187415111,0.17454592852487194,-9.597800725377711,-9.501416397986768,-0.09659095676411973,0.38697957995904464,2.7080502011022096,2.694627180770069,0,0,0,0,0,0,1,0,0,0,0.0
10256_2010,0.04209975519629059,-0.006510331357012985,0.09411205403586544,0.06073233940580958,0.2773675420534493,0.2345190096594651,1.3634210533040592,1.6518926094095443,0.17454592852487194,0.1066527580877823,-9.501416397986768,-9.556227050156911,0.38697957995904464,0.00787931308507972,2.694627180770069,2.7080502011022096,0,0,0,0,0,0,1,0,0,0,0.0
10279_2008,-0.18449376027580813,-0.026483176089475303,0.6843416602084496,0.7209965871383195,0.007659324820558135,0.04640467238892435,1.0845961072799986,0.4817001437697616,0.11515181896226945,0.2166214516285479,-12.751590882318453,-13.678722855744205,-0.28735260641910165,-1.1287510166097414,1.4816045409242156,0.5653138090500605,0,0,1,0,0,0,0,0,0,0,0.0
10279_2009,-0.026483176089475303,-0.8002138289779386,0.7209965871383195,0.8959022966054649,0.04640467238892435,0.018751156526923947,0.4817001437697616,0.2415795475691744,0.2166214516285479,0.3219145024666596,-13.678722855744205,-14.921237758139346,-1.1287510166097414,-1.21471177014772,0.5653138090500605,-1.171182981502945,0,0,1,0,0,0,0,0,0,0,0.0
10279_2010,-0.8002138289779386,-0.4894287314477737,0.8959022966054649,0.7141556986838421,0.018751156526923947,0.024922990758891064,0.2415795475691744,0.9156350914962326,0.3219145024666596,0.3863329705871607,-14.921237758139346,-14.703993676368182,-1.21471177014772,0.11881942910028835,-1.171182981502945,-0.6931471805599453,0,0,1,0,0,0,0,0,0,0,0.0
10288_2008,0.03388919033246317,0.030434217136491856,0.04953949696928506,0.03800881027568651,0.04985517709840938,0.03589818800940145,2.3621449330314146,2.7637620903357467,0.08348431773150497,0.10600529119119674,-11.038042408203696,-10.427811313328707,-0.1316992967073085,0.13573963967846808,2.7080502011022096,2.7080502011022096,0,0,0,0,1,0,0,0,0,0,0.0
10288_2009,0.030434217136491856,0.04101087642495355,0.03800881027568651,0.0398964825650568,0.03589818800940145,0.04091628596469707,2.7637620903357467,2.1903049703809625,0.10600529119119674,0.1263931741558975,-10.427811313328707,-9.968570478648164,0.13573963967846808,0.460226901936851,2.7080502011022096,2.7080502011022096,0,0,0,0,1,0,0,0,0,0,0.0
10288_2010,0.04101087642495355,0.028776314371831837,0.0398964825650568,0.044640158930791006,0.04091628596469707,0.037456345275041186,2.1903049703809625,2.9743651523070973,0.1263931741558975,0.1504643908384824,-9.968570478648164,-9.836040108419164,0.460226901936851,-0.3996393803060105,2.7080502011022096,2.7080502011022096,0,0,0,0,1,0,0,0,0,0,0.0
10299_2008,0.0,0.03625740656900296,0.0,0.5646037878011785,0.0,0.2375931501009574,0.0,1.696033626088951,0.0,0.08441301341776017,0.0,-10.573028953721604,0.0,0.4244442311645897,0.0,2.7080502011022096,0,0,0,0,0,1,0,0,0,0,0.0
10299_2009,0.03625740656900296,0.02384450550425611,0.5646037878011785,0.6622428290870802,0.2375931501009574,0.2350085920816795,1.696033626088951,1.0165346794982282,0.08441301341776017,0.18304611481473496,-10.573028953721604,-10.668337548345773,0.4244442311645897,0.025823741447042803,2.7080502011022096,2.171336806384092,0,0,0,0,0,1,0,0,0,0,0.0
10299_2010,0.02384450550425611,0.0,0.6622428290870802,0.0,0.2350085920816795,0.0,1.0165346794982282,0.0,0.18304611481473496,0.0,-10.668337548345773,0.0,0.025823741447042803,0.0,2.171336806384092,0.0,0,0,0,0,0,1,0,0,0,0,0.0
10302_2008,0.0,0.0,0.0,0.0,0.0,0.0,0.0,0.0,0.0,0.0,0.0,0.0,0.0,0.0,0.0,0.0,0,0,0,0,0,0,0,0,0,1,0.0
10302_2009,0.0,0.0,0.0,0.0,0.0,0.0,0.0,0.0,0.0,0.0,0.0,0.0,0.0,0.0,0.0,0.0,0,0,0,0,0,0,0,0,0,1,0.0
10302_2010,0.0,0.0,0.0,0.0,0.0,0.0,0.0,0.0,0.0,0.0,0.0,0.0,0.0,0.0,0.0,0.0,0,0,0,0,0,0,0,0,0,1,0.0
10303_2008,0.004529775426787245,-0.025826805499209536,0.06639697138738146,0.09784604726572776,0.17737646934366896,0.17157190613571802,3.0150738721094483,2.8881334497294198,0.11212323517593936,0.05011189721316542,-6.703631762243051,-6.543853628520488,-0.18550135572919305,0.13849583787218506,2.7080502011022096,2.7080502011022096,0,0,0,0,0,0,0,1,0,0,0.0
10303_2009,-0.025826805499209536,-0.14670000496191193,0.09784604726572776,0.2081845658650662,0.17157190613571802,0.3397830997279578,2.8881334497294198,1.7232262832256446,0.05011189721316542,0.16878266449594773,-6.543853628520488,-7.329733896723735,0.13849583787218506,-0.6626982869099269,2.7080502011022096,2.7080502011022096,0,0,0,0,0,0,0,1,0,0,0.0
10303_2010,-0.14670000496191193,-0.08392118033491468,0.2081845658650662,0.2376320571669593,0.3397830997279578,0.24742492754577505,1.7232262832256446,2.0025641288303984,0.16878266449594773,0.08817852870077816,-7.329733896723735,-7.444480001886943,-0.6626982869099269,-0.15727204353658267,2.7080502011022096,2.7080502011022096,0,0,0,0,0,0,0,1,0,0,0.0
10323_2008,0.030075452498484458,0.050348272134791684,0.08522505845674203,0.07364195511102567,0.15935145492335673,0.2176742220055026,1.6231248946570032,1.5350692219683255,0.051271362720623735,0.07022345894137771,-10.410241716453653,-10.471603208156242,0.0914585671401483,0.11626114991473173,2.6239436918052106,2.6525374911719517,0,0,0,0,0,0,1,0,0,0,0.0
10323_2009,0.050348272134791684,0.041402238959067736,0.07364195511102567,0.1323490566417223,0.2176742220055026,0.2464256167596103,1.5350692219683255,1.1031909251273908,0.07022345894137771,0.16753387405239684,-10.471603208156242,-10.547311825090636,0.11626114991473173,0.05285991810506052,2.6525374911719517,2.0930978681273213,0,0,0,0,0,0,1,0,0,0,0.0
10323_2010,0.041402238959067736,0.017025659415923558,0.1323490566417223,0.12243629972332785,0.2464256167596103,0.2949988428556239,1.1031909251273908,0.9243644328820348,0.16753387405239684,0.1033772449818966,-10.547311825090636,-10.693512155975018,0.05285991810506052,-0.11437445806742284,2.0930978681273213,2.21046980408624,0,0,0,0,0,0,1,0,0,0,0.0
10358_2008,-0.21577402349755664,-0.02631589204442845,0.21501082852004325,0.06419167791582812,0.14139016518193906,0.039814885791237216,8.948097042870437,10.091099881335488,0.2655944955840876,0.2140636100214652,-12.097138239289274,-10.706909877349323,-0.4734020333270708,1.0205080239244917,0.17395330712343798,1.5260563034950492,0,0,0,0,0,0,1,0,0,0,0.0
10358_2009,-0.02631589204442845,-0.05668183181681832,0.06419167791582812,0.21518681465186815,0.039814885791237216,0.13795495450454956,10.091099881335488,11.843212946342964,0.2140636100214652,0.15362165727348184,-10.706909877349323,-11.554121873079062,1.0205080239244917,-0.6756020101531359,1.5260563034950492,0.17395330712343798,0,0,0,0,0,0,1,0,0,0,0.0
10358_2010,-0.05668183181681832,-0.033930022293592994,0.21518681465186815,0.16629918705655716,0.13795495450454956,0.10184362046726267,11.843212946342964,11.965583350352794,0.15362165727348184,0.17428628116241465,-11.554121873079062,-11.41972398356456,-0.6756020101531359,-0.022566908814300013,0.17395330712343798,0.5364933705145685,0,0,0,0,0,0,1,0,0,0,0.0
10359_2008,0.0032270433115536602,-0.5165793013720319,0.2257094043846264,0.1939800339696083,0.2433146836730701,0.18323124859312614,1.3928115404671662,1.2683078365446456,0.14029567371440027,0.0916310602035468,-9.747994628799477,-10.44549084669268,0.25296752124409355,-0.6064628719991622,1.8687205103641835,1.1786549963416462,0,0,0,0,0,0,1,0,0,0,0.0
10359_2009,-0.5165793013720319,-0.1807667850140427,0.1939800339696083,0.17504655669697267,0.18323124859312614,0.3118399736557227,1.2683078365446456,0.7062441277357522,0.0916310602035468,0.13145047357828746,-10.44549084669268,-10.715382732132422,-0.6064628719991622,-0.1422447615839329,1.1786549963416462,0.41210965082683293,0,0,0,0,0,0,1,0,0,0,0.0
10359_2010,-0.1807667850140427,-0.019580889592153452,0.17504655669697267,0.12158052144778682,0.3118399736557227,0.4631076000421058,0.7062441277357522,1.203926154085439,0.13145047357828746,0.14021579700986467,-10.715382732132422,-10.367507166004026,-0.1422447615839329,0.2647733417233682,0.41210965082683293,0.9932517730102834,0,0,0,0,0,0,1,0,0,0,0.0
1035_2008,0.013842596521632965,0.013110695378578924,0.7292701265713473,0.7416958607878685,0.03681929375540657,0.006517711224917029,3.496349480735988,2.6508741713534283,0.05707723111667545,0.06092334037069039,-10.240026275250877,-10.401026844278316,0.31522951442162994,-0.08046599309379808,2.7080502011022096,2.7080502011022096,0,0,0,1,0,0,0,0,0,0,0.0
1035_2009,0.013110695378578924,0.006083279432974921,0.7416958607878685,0.7956683249642237,0.006517711224917029,0.030384277770662438,2.6508741713534283,3.077775779850247,0.06092334037069039,0.13605736575002866,-10.401026844278316,-10.154774977560516,-0.08046599309379808,0.1526326180127357,2.7080502011022096,2.7080502011022096,0,0,0,1,0,0,0,0,0,0,0.0
1035_2010,0.006083279432974921,0.0254275123870444,0.7956683249642237,0.742757266203705,0.030384277770662438,0.0148487177695479,3.077775779850247,2.693401100703155,0.13605736575002866,0.09003993556742683,-10.154774977560516,-10.155618517774178,0.1526326180127357,-0.11289242741453726,2.7080502011022096,2.7080502011022096,0,0,0,1,0,0,0,0,0,0,0.0
10380_2008,-0.1176450410181039,-0.07386779427194877,0.14366231374297786,0.08566750038807144,0.4949020922003594,0.2322592994172509,1.6622234378145155,3.0898139211834197,0.16093207410789334,0.08107959349821403,-11.006975192467058,-11.188239040521774,0.12951852665946706,-0.13715804043883506,1.623340817603092,1.423108334242607,0,0,0,0,1,0,0,0,0,0,0.0
10380_2009,-0.07386779427194877,-0.17457230602819654,0.08566750038807144,0.1528679852818427,0.2322592994172509,0.2629870182973803,3.0898139211834197,2.379228804432959,0.08107959349821403,0.2397018934426273,-11.188239040521774,-10.490307448751453,-0.13715804043883506,0.6294596667409078,1.423108334242607,1.4562867329399256,0,0,0,0,1,0,0,0,0,0,0.0
10380_2010,-0.17457230602819654,-0.0608636706756483,0.1528679852818427,0.06450363720320218,0.2629870182973803,0.13624337540385048,2.379228804432959,4.492813950187082,0.2397018934426273,0.19599631288882485,-10.490307448751453,-10.000563953700857,0.6294596667409078,0.3371745557690277,1.4562867329399256,2.0617866064411148,0,0,0,0,1,0,0,0,0,0,0.0
10408_2008,0.025247537114493467,0.05760180327614466,0.18970911283192612,0.1988035283951396,0.07609519581670553,0.10556387725061177,3.312958237413268,2.719041297429928,0.2670849217966857,0.1005699835358455,-8.732194364758033,-8.735062689857411,0.9522710174430375,-0.12165628542808063,2.7080502011022096,2.7080502011022096,0,0,0,0,0,0,1,0,0,0,0.0
10408_2009,0.05760180327614466,0.028706892477988813,0.1988035283951396,0.2330523370065708,0.10556387725061177,0.09254444882420672,2.719041297429928,2.5193296128620783,0.1005699835358455,0.13668302974567378,-8.735062689857411,-8.584590891410713,-0.12165628542808063,0.15753696554951352,2.7080502011022096,2.537657215173529,0,0,0,0,0,0,1,0,0,0,0.0
10408_2010,0.028706892477988813,0.014386643907515085,0.2330523370065708,0.2686512464286692,0.09254444882420672,0.10730970397889608,2.5193296128620783,1.8948726553681137,0.13668302974567378,0.13503951169267855,-8.584590891410713,-8.549725004700871,0.15753696554951352,0.29969549723426003,2.537657215173529,2.7080502011022096,0,0,0,0,0,0,1,0,0,0,0.0
10416_2008,0.024398795199923502,-0.0015759832840001205,0.43891270511615055,0.4264251146157642,0.005869947462642165,0.017081966467518084,2.321552991755446,1.6776531483056685,0.14538507387842325,0.1586054989269986,-11.688502332876244,-12.107588267540038,1.0755293140760456,-0.599220534490809,2.7080502011022096,2.367436065313662,0,1,0,0,0,0,0,0,0,0,0.0
10416_2009,-0.0015759832840001205,0.04438493128596862,0.4264251146157642,0.7761556903154058,0.017081966467518084,0.0196079342128924,1.6776531483056685,0.5518124802993051,0.1586054989269986,0.21138549454346464,-12.107588267540038,-12.4939175377334,-0.599220534490809,-0.885565170736365,2.367436065313662,1.4655675420143983,0,1,0,0,0,0,0,0,0,0,0.0
10416_2010,0.04438493128596862,0.03748600594672028,0.7761556903154058,0.625850176355166,0.0196079342128924,0.06988399481567976,0.5518124802993051,0.6663265109239301,0.21138549454346464,0.1106333042763702,-12.4939175377334,-12.272285620037293,-0.885565170736365,0.020839020740084646,1.4655675420143983,1.916922612182061,0,1,0,0,0,0,0,0,0,0,0.0
10419_2008,0.036111975874604456,0.06157266947974086,0.1584995116710215,0.2246891970769,0.032927638324967264,0.13497757121342166,2.2797541545228595,1.2337181080284396,0.1732227633482232,0.13707500269862166,-10.783465044622885,-10.879205213076807,0.1699509875711508,-0.40168242875501226,2.7080502011022096,2.6925980965432883,0,0,1,0,0,0,0,0,0,0,0.0
10419_2009,0.06157266947974086,-0.06662740609520372,0.2246891970769,0.5638847068992539,0.13497757121342166,0.011911150793839257,1.2337181080284396,0.5917175777391295,0.13707500269862166,0.2331195155652417,-10.879205213076807,-11.215865590602704,-0.40168242875501226,-0.3180738951370433,2.6925980965432883,1.8547342683894437,0,0,1,0,0,0,0,0,0,0,0.0
10419_2010,-0.06662740609520372,0.07418275132921093,0.5638847068992539,0.23342611439598646,0.011911150793839257,0.10948726710304406,0.5917175777391295,1.355699150419041,0.2331195155652417,0.2951837680586838,-11.215865590602704,-10.113241802999678,-0.3180738951370433,1.0744847084484652,1.8547342683894437,2.7080502011022096,0,0,1,0,0,0,0,0,0,0,0.0
10421_2008,0.012454937801678155,0.01155266400512593,0.8364858253019856,0.8839710187786485,0.053943173024540436,0.031751195228941785,2.034510557788716,1.469040783224827,0.06990345785748546,0.044243922301997037,-10.358956490044124,-10.685765186851787,-0.07195879677231823,-0.3046503372036677,2.7080502011022096,2.7080502011022096,0,0,0,0,0,1,0,0,0,0,0.0
10421_2009,0.01155266400512593,-0.0017170014082668733,0.8839710187786485,0.9406422376297378,0.031751195228941785,0.06511266406417646,1.469040783224827,0.8699419245373603,0.044243922301997037,0.2307537378812733,-10.685765186851787,-10.845308846017618,-0.3046503372036677,-0.14489002611268326,2.7080502011022096,2.437115985951652,0,0,0,0,0,1,0,0,0,0,0.0
10421_2010,-0.0017170014082668733,0.017926379234623778,0.9406422376297378,0.9210838604106442,0.06511266406417646,0.1225212227252925,0.8699419245373603,1.1582087673566168,0.2307537378812733,0.1157825440077546,-10.845308846017618,-10.45360330667786,-0.14489002611268326,0.4039699981125952,2.437115985951652,2.7080502011022096,0,0,0,0,0,1,0,0,0,0,0.0
10467_2008,0.024584770331981767,0.03300930489098439,0.17821140784478154,0.4184526751775153,0.058880604370372014,0.0275817063783628,2.0593292564235384,1.9120198091577267,0.11360878989526994,0.08718019557355643,-9.368774385807557,-9.346292015730583,0.2682100347831549,-0.029604268108971207,2.7080502011022096,2.7080502011022096,0,0,1,0,0,0,0,0,0,0,0.0
10467_2009,0.03300930489098439,0.05100186572331911,0.4184526751775153,0.5865021900784056,0.0275817063783628,0.04891244172022845,1.9120198091577267,0.9338572005840508,0.08718019557355643,0.12346250413397225,-9.346292015730583,-9.532792083176217,-0.029604268108971207,-0.33392739023583057,2.7080502011022096,2.280339484046726,0,0,1,0,0,0,0,0,0,0,0.0
10467_2010,0.05100186572331911,0.04318578644806552,0.5865021900784056,0.4788498831222235,0.04891244172022845,0.11587964670805764,0.9338572005840508,0.9972855789101404,0.12346250413397225,0.19465604312606352,-9.532792083176217,-9.301933203594832,-0.33392739023583057,0.1299064704360703,2.280339484046726,2.539236994333048,0,0,1,0,0,0,0,0,0,0,0.0
10486_2008,0.04368524328139748,0.03699779516753195,0.15185710823105142,0.11024162340250554,0.13946396484136464,0.11234050282289193,3.348394086324003,3.8364612951437014,0.08125162819630778,0.06473324547149792,-4.339854544508422,-4.361206012291012,0.28140657495021515,-0.00020866822580511982,2.7080502011022096,2.7080502011022096,0,0,0,0,0,0,1,0,0,0,0.0
10486_2009,0.03699779516753195,0.05231320589450027,0.11024162340250554,0.1580830757358396,0.11234050282289193,0.17044671592675292,3.8364612951437014,2.95345674043,0.06473324547149792,0.09099710259138342,-4.361206012291012,-4.4100293794631895,-0.00020866822580511982,0.012697217849400366,2.7080502011022096,2.7080502011022096,0,0,0,0,0,0,1,0,0,0,0.0
10486_2010,0.05231320589450027,0.0391251753664477,0.1580830757358396,0.18785059336766408,0.17044671592675292,0.2232507764918546,2.95345674043,2.6797352882773966,0.09099710259138342,0.08245116441049245,-4.4100293794631895,-4.277870390591171,0.012697217849400366,0.1728064868369127,2.7080502011022096,2.7080502011022096,0,0,0,0,0,0,1,0,0,0,0.0
10504_2008,0.01080646075268262,0.02613916289343271,0.09869569805685467,0.07203097409824476,0.011791624734803706,0.027749057624281804,2.9554338656764467,3.164842923029504,0.15038773283106766,0.07243184328448035,-8.538717415765332,-7.295174107880741,-0.18974848338090244,0.19642547663144386,2.7080502011022096,2.7080502011022096,0,0,0,0,1,0,0,0,0,0,0.0
10504_2009,0.02613916289343271,-0.045668026205612056,0.07203097409824476,0.4135951604921721,0.027749057624281804,0.011758761470462198,3.164842923029504,1.0595643674332655,0.07243184328448035,0.22096117365396425,-7.295174107880741,-7.7598148816496595,0.19642547663144386,-1.1739675669006868,2.7080502011022096,2.570319527636131,0,0,0,0,1,0,0,0,0,0,0.0
10504_2010,-0.045668026205612056,-0.29455086642663386,0.4135951604921721,0.4300181399752517,0.011758761470462198,0.03980632574384401,1.0595643674332655,1.5698448885769951,0.22096117365396425,0.1010145473998184,-7.7598148816496595,-7.882559210652077,-1.1739675669006868,-0.08979907998412825,2.570319527636131,2.6741486494265287,0,0,0,0,1,0,0,0,0,0,0.0
10512_2008,0.026206659998359555,0.0373729868683868,0.06701542125911701,0.08643642048877863,0.02095936273992856,0.04213451829773093,2.4345097511641547,2.0482175234835847,0.0997175949375729,0.07581802422296778,-10.277345659526055,-10.427336316881595,0.010623570896410112,-0.14255450904497374,2.7080502011022096,2.631888840136646,0,0,0,0,1,0,0,0,0,0,0.0
10512_2009,0.0373729868683868,0.038299747680294025,0.08643642048877863,0.0692396316557291,0.04213451829773093,0.06338758838350009,2.0482175234835847,2.2362624739034453,0.07581802422296778,0.14692219186518485,-10.427336316881595,-9.654264899688794,-0.14255450904497374,0.5291042514535863,2.631888840136646,2.7080502011022096,0,0,0,0,1,0,0,0,0,0,0.0
10512_2010,0.038299747680294025,0.037871503819760566,0.0692396316557291,0.08859208776372217,0.06338758838350009,0.01030918477259616,2.2362624739034453,2.1588930271249254,0.14692219186518485,0.15937986782063548,-9.654264899688794,-9.815186251466747,0.5291042514535863,-0.0734225174746049,2.7080502011022096,2.7080502011022096,0,0,0,0,1,0,0,0,0,0,0.0
10544_2008,0.040656794922190674,0.014345522614853059,0.26570702828033305,0.4226307338025757,0.0024411316922106872,0.01298930206247739,3.2720242059318045,2.2314621974079962,0.19777101991087476,0.12663022911871558,-8.842508941861873,-9.316637535386237,-0.5440675358911224,-0.4140489316107743,2.7080502011022096,2.7080502011022096,0,0,0,0,0,0,0,0,0,0,0.0
10544_2009,0.014345522614853059,-0.009612203506569224,0.4226307338025757,0.7103042964157712,0.01298930206247739,0.004777588295288856,2.2314621974079962,0.7303273024475695,0.12663022911871558,0.2852131878047013,-9.316637535386237,-9.977414122032489,-0.4140489316107743,-0.7492272514863947,2.7080502011022096,1.5810384379124025,0,0,0,0,0,0,0,0,0,0,0.0
10544_2010,-0.009612203506569224,0.04278532702817089,0.7103042964157712,0.4795067088840432,0.004777588295288856,0.0209312555631683,0.7303273024475695,1.3891322265989081,0.2852131878047013,0.2802308382299261,-9.977414122032489,-9.382492190933494,-0.7492272514863947,0.4617119692799631,1.5810384379124025,2.405141681319138,0,0,0,0,0,0,0,0,0,0,0.0
10545_2008,-0.05559201911118198,0.007926211796699131,0.13677977181811027,0.03562412492244645,0.2216838784827032,0.11656657007632935,2.304355318078353,3.0487802815996425,0.13841219511968206,0.08324638152045792,-10.560139295439802,-10.228735374462964,-0.5274532798000677,0.36786446569190656,2.4078456036515385,2.7080502011022096,0,1,0,0,0,0,0,0,0,0,0.0
10545_2009,0.007926211796699131,-0.012149304988785128,0.03562412492244645,0.06926624618919053,0.11656657007632935,0.08309516302204414,3.0487802815996425,1.7213451189906752,0.08324638152045792,0.11860274501061435,-10.228735374462964,-10.589885379901203,0.36786446569190656,-0.20162305874540212,2.7080502011022096,1.8885836538635947,0,1,0,0,0,0,0,0,0,0,0.0
10545_2010,-0.012149304988785128,0.006791336313139342,0.06926624618919053,0.05949336825280858,0.08309516302204414,0.1043676447922368,1.7213451189906752,2.2097152090659544,0.11860274501061435,0.15887446704569694,-10.589885379901203,-10.483019700019089,-0.20162305874540212,0.38150958570036897,1.8885836538635947,2.2300144001592104,0,1,0,0,0,0,0,0,0,0,0.0
10561_2008,0.026589503855360814,0.045004484183914666,0.3047582724488002,0.4267918222235929,0.11424942638319895,0.17276196011285075,2.5192570702843344,1.8466988295005895,0.09365232857457856,0.10815090659673414,-8.707002443589143,-9.046044557916435,0.11256353778782803,-0.4092643056077096,2.7080502011022096,2.7080502011022096,0,1,0,0,0,0,0,0,0,0,0.0
10561_2009,0.045004484183914666,0.04671476374532233,0.4267918222235929,0.3584298291803014,0.17276196011285075,0.1905026111516481,1.8466988295005895,1.9573148763549029,0.10815090659673414,0.11485074844293293,-9.046044557916435,-8.449205927743241,-0.4092643056077096,0.5633761151806473,2.7080502011022096,2.7080502011022096,0,1,0,0,0,0,0,0,0,0,0.0
10561_2010,0.04671476374532233,0.034548027892808614,0.3584298291803014,0.38873299972629494,0.1905026111516481,0.1792755922507316,1.9573148763549029,1.4817772396930549,0.11485074844293293,0.0903380876423877,-8.449205927743241,-8.939735893026034,0.5633761151806473,-0.3419999291667776,2.7080502011022096,2.7080502011022096,0,1,0,0,0,0,0,0,0,0,0.0
10563_2008,0.0,0.0,0.0,0.0,0.0,0.0,0.0,0.0,0.0,0.0,0.0,0.0,0.0,0.0,0.0,0.0,0,0,0,0,0,1,0,0,0,0,0.0
10563_2009,0.0,0.0,0.0,0.0,0.0,0.0,0.0,0.0,0.0,0.0,0.0,0.0,0.0,0.0,0.0,0.0,0,0,0,0,0,1,0,0,0,0,0.0
10563_2010,0.0,0.0,0.0,0.0,0.0,0.0,0.0,0.0,0.0,0.0,0.0,0.0,0.0,0.0,0.0,0.0,0,0,0,0,0,1,0,0,0,0,0.0
10594_2008,0.0340669389011762,0.0355917105922693,0.5261401674472285,0.6393098758376727,0.0056115311159400365,0.004188762495250926,1.1654439391983678,0.8286056907736709,0.048050018397116714,0.05818421372504345,-7.963381728784692,-8.404398169455558,-0.14952359772528073,-0.3771491883774931,2.7080502011022096,2.7080502011022096,0,0,1,0,0,0,0,0,0,0,0.0
10594_2009,0.0355917105922693,-0.2234462103084144,0.6393098758376727,0.6859228851555862,0.004188762495250926,0.01995215939524897,0.8286056907736709,0.8115609623754859,0.05818421372504345,0.21937891867252446,-8.404398169455558,-8.41042923149632,-0.3771491883774931,-0.07921962122725279,2.7080502011022096,2.2905125117597764,0,0,1,0,0,0,0,0,0,0,0.0
10594_2010,-0.2234462103084144,0.030972592431171276,0.6859228851555862,0.4855657786141351,0.01995215939524897,0.027171410632800253,0.8115609623754859,1.3692747889579133,0.21937891867252446,0.13838539719003073,-8.41042923149632,-7.99674150817575,-0.07921962122725279,0.4277451539671683,2.2905125117597764,2.7080502011022096,0,0,1,0,0,0,0,0,0,0,0.0
10634_2008,0.038876414073410005,0.046021768538779484,0.15594101377318295,0.1802847264958065,0.12615222977695495,0.15950998536433272,3.2304344513778163,3.068961329033417,0.10203367510252702,0.06624382878762695,-7.384570361962137,-7.628027087145523,-0.2728279204162174,-0.12232878040971312,2.7080502011022096,2.7080502011022096,0,0,0,0,0,0,1,0,0,0,0.0
10634_2009,0.046021768538779484,0.05900417557741399,0.1802847264958065,0.1708386391774814,0.15950998536433272,0.20811569417609907,3.068961329033417,2.5233083213679217,0.06624382878762695,0.09962859215508664,-7.628027087145523,-7.382417010938322,-0.12232878040971312,0.21541081494135175,2.7080502011022096,2.7080502011022096,0,0,0,0,0,0,1,0,0,0,0.0
10634_2010,0.05900417557741399,0.044475539318043135,0.1708386391774814,0.13235617133192412,0.20811569417609907,0.1725112318204317,2.5233083213679217,2.676290873083328,0.09962859215508664,0.05300203910994282,-7.382417010938322,-7.266810413979125,0.21541081494135175,0.10022627780817396,2.7080502011022096,2.7080502011022096,0,0,0,0,0,0,1,0,0,0,0.0
10651_2008,0.0006194387156484795,0.0011274439291032155,0.13904577287732928,0.17339310082070142,0.09521137435232216,0.09583273397377333,3.0151008980912684,2.7168667078121467,0.10768158052387428,0.08857563688797235,-13.221502988527535,-13.276833994789655,-0.14518659960224176,-0.019603312389892057,1.7924259137712155,1.737831127202499,0,0,1,0,0,0,0,0,0,0,0.0
10651_2009,0.0011274439291032155,-0.07355856656503372,0.17339310082070142,0.4051873829283966,0.09583273397377333,0.09666525383174504,2.7168667078121467,1.5162995932508216,0.08857563688797235,0.2980299323459463,-13.276833994789655,-14.243987821769762,-0.019603312389892057,-1.091633301448276,1.737831127202499,0.2715526905218973,0,0,1,0,0,0,0,0,0,0,0.0
10651_2010,-0.07355856656503372,-0.15537389794030468,0.4051873829283966,0.5546640487832505,0.09666525383174504,0.07693179029243519,1.5162995932508216,1.171606097179384,0.2980299323459463,0.2573317825987238,-14.243987821769762,-14.576152271581721,-1.091633301448276,-0.2225880427076556,0.2715526905218973,0.17395330712343798,0,0,1,0,0,0,0,0,0,0,0.0
10691_2008,0.03382549629496637,0.02857625609997185,0.0753031553570801,0.104770272941786,0.04229769680342893,0.025125894849193992,2.963309017741944,2.6921826344821755,0.05224335268668747,0.2443866409813789,-8.4100531588606,-8.160372884884474,0.13210707279786407,-0.6434582793139757,2.7080502011022096,2.7080502011022096,0,0,0,0,0,0,1,0,0,0,0.0
10691_2009,0.02857625609997185,0.04617756696329847,0.104770272941786,0.16025318279448242,0.025125894849193992,0.048155271938350966,2.6921826344821755,2.0042316551767394,0.2443866409813789,0.13965597653362985,-8.160372884884474,-8.019386487410854,-0.6434582793139757,0.21810523980185129,2.7080502011022096,2.7080502011022096,0,0,0,0,0,0,1,0,0,0,0.0
10691_2010,0.04617756696329847,0.01800365600832221,0.16025318279448242,0.13868144204046354,0.048155271938350966,0.07770805394456738,2.0042316551767394,2.1116072658423763,0.13965597653362985,0.18024395018074307,-8.019386487410854,-8.092746965127361,0.21810523980185129,0.2341703597880592,2.7080502011022096,2.7080502011022096,0,0,0,0,0,0,1,0,0,0,0.0
1071_2008,0.05380045434224071,0.01204589527267362,0.16333118968949673,0.2536875424858644,0.20735908450093216,0.04163779384409466,2.0833775358150617,1.488725589772847,0.16570059492019945,0.0996441674724232,-9.132410564400406,-9.142504459019953,-0.15044852931593974,0.10334834205958976,1.5993875765805992,1.5973653311998313,1,0,0,0,0,0,0,0,0,0,0.0
1071_2009,0.01204589527267362,-4.7451295989796085e-06,0.2536875424858644,0.7041819776181727,0.04163779384409466,0.01698815710554687,1.488725589772847,0.3092150897047105,0.0996441674724232,0.2640332914450953,-9.142504459019953,-9.69175138391644,0.10334834205958976,-1.2227553768853787,1.5973653311998313,-0.12783337150988489,1,0,0,0,0,0,0,0,0,0,0.0
1071_2010,-4.7451295989796085e-06,-0.012705732962741823,0.7041819776181727,0.4224346600703735,0.01698815710554687,0.00907205341640343,0.3092150897047105,0.7480428994146012,0.2640332914450953,0.69564496302194,-9.69175138391644,-8.858598456331661,-1.2227553768853787,2.939493842074238,-0.12783337150988489,2.7080502011022096,1,0,0,0,0,0,0,0,0,0,0.0
10724_2008,0.04557310897604667,0.04636237365506723,0.11851127415914177,0.11503867671788764,0.18648564996102174,0.14526618762755295,1.9704776379583973,2.4643474256165385,0.17855645442031454,0.07009186470077923,-10.744287616763382,-10.408548335962982,-0.5999756071632705,0.3566499157687171,2.7080502011022096,2.7080502011022096,0,1,0,0,0,0,0,0,0,0,0.0
10724_2009,0.04636237365506723,0.049615331223039336,0.11503867671788764,0.1178171310855903,0.14526618762755295,0.1229029167644977,2.4643474256165385,2.631882632260994,0.07009186470077923,0.07298347691900002,-10.408548335962982,-9.857269628039964,0.3566499157687171,0.3965510366894752,2.7080502011022096,2.7080502011022096,0,1,0,0,0,0,0,0,0,0,0.0
10724_2010,0.049615331223039336,0.05042063529499159,0.1178171310855903,0.12854106010713046,0.1229029167644977,0.17177925573791933,2.631882632260994,2.2066998634971293,0.07298347691900002,0.095694147714388,-9.857269628039964,-10.164258930896333,0.3965510366894752,-0.16971129046316918,2.7080502011022096,2.7080502011022096,0,1,0,0,0,0,0,0,0,0,0.0
1072_2008,0.0,0.0,0.0,0.0,0.0,0.0,0.0,0.0,0.0,0.0,0.0,0.0,0.0,0.0,0.0,0.0,0,0,0,0,0,0,0,0,0,1,0.0
1072_2009,0.0,0.0,0.0,0.0,0.0,0.0,0.0,0.0,0.0,0.0,0.0,0.0,0.0,0.0,0.0,0.0,0,0,0,0,0,0,0,0,0,1,0.0
1072_2010,0.0,0.0,0.0,0.0,0.0,0.0,0.0,0.0,0.0,0.0,0.0,0.0,0.0,0.0,0.0,0.0,0,0,0,0,0,0,0,0,0,1,0.0
10743_2008,0.014985945947323422,0.0033285777685101467,0.7804963705377108,0.8679617976548091,0.029665295663885163,0.028349860539671708,2.1163259947206217,1.4715969618927958,0.06108595636419765,0.0697793823823508,-9.13758589670442,-9.56010116287129,-0.2738783972256461,-0.4406641112845432,2.7080502011022096,2.7080502011022096,0,0,0,0,0,1,0,0,0,0,0.0
10743_2009,0.0033285777685101467,0.001844816829122159,0.8679617976548091,0.8650851861800771,0.028349860539671708,0.023048367361330552,1.4715969618927958,1.6919767850262168,0.0697793823823508,0.14586231517930046,-9.56010116287129,-8.966017440707803,-0.4406641112845432,0.4335340815274215,2.7080502011022096,2.7080502011022096,0,0,0,0,0,1,0,0,0,0,0.0
10743_2010,0.001844816829122159,0.010305337573700831,0.8650851861800771,0.8782795897866704,0.023048367361330552,0.022097887372461173,1.6919767850262168,1.355817580384136,0.14586231517930046,0.1272067121340272,-8.966017440707803,-9.377375036152324,0.4335340815274215,-0.21479753286132555,2.7080502011022096,2.7080502011022096,0,0,0,0,0,1,0,0,0,0,0.0
10758_2008,0.024062010226511242,0.028019707744006597,0.14726763579924068,0.1778127460752913,0.011480632598294209,0.028772081515969036,3.7544544075072284,3.3482705503430887,0.0455498641556305,0.1604086806443437,-10.443480377891454,-10.003876191851136,0.3044794973283164,0.15242168482587698,2.7080502011022096,2.7080502011022096,0,0,0,0,0,0,0,0,0,0,0.0
10758_2009,0.028019707744006597,0.07121083799668214,0.1778127460752913,0.3097667960873033,0.028772081515969036,0.08043898412172212,3.3482705503430887,1.6201874716119349,0.1604086806443437,0.2323880870330154,-10.003876191851136,-10.575783389934449,0.15242168482587698,-0.4339604092136619,2.7080502011022096,2.0373166153791646,0,0,0,0,0,0,0,0,0,0,0.0
10758_2010,0.07121083799668214,0.0,0.3097667960873033,0.0,0.08043898412172212,0.0,1.6201874716119349,0.0,0.2323880870330154,0.0,-10.575783389934449,0.0,-0.4339604092136619,0.0,2.0373166153791646,0.0,0,0,0,0,0,0,0,0,0,0,0.0
10759_2008,0.0,0.0,0.0,0.0,0.0,0.0,0.0,0.0,0.0,0.0,0.0,0.0,0.0,0.0,0.0,0.0,0,0,0,0,0,0,1,0,0,0,0.0
10759_2009,0.0,0.0,0.0,0.0,0.0,0.0,0.0,0.0,0.0,0.0,0.0,0.0,0.0,0.0,0.0,0.0,0,0,0,0,0,0,1,0,0,0,0.0
10759_2010,0.0,0.05986295669116929,0.0,0.4797666466580112,0.0,0.1291133608596179,0.0,2.1907151555872844,0.0,0.6167910806765279,0.0,-12.11714491129195,0.0,0.8364876178718209,0.0,1.8213182714695997,0,0,0,0,0,0,1,0,0,0,0.0
10805_2008,0.01325916710642096,0.01169435399508302,0.7978883403325616,0.8781892324293145,0.014976532052381482,0.06380235756029096,1.743358784400264,1.2998677087750234,0.03168326563298311,0.04590339090112403,-8.868236217425956,-9.194821169476816,-0.13921267412159216,-0.2857872457553685,2.7080502011022096,2.7080502011022096,0,0,0,0,0,1,0,0,0,0,0.0
10805_2009,0.01169435399508302,0.0044095927867053575,0.8781892324293145,0.8973720761168629,0.06380235756029096,0.024946873401368776,1.2998677087750234,0.9177614866828324,0.04590339090112403,0.20896802255660166,-9.194821169476816,-8.805857297148123,-0.2857872457553685,0.3323871585174422,2.7080502011022096,2.7080502011022096,0,0,0,0,0,1,0,0,0,0,0.0
10805_2010,0.0044095927867053575,-0.006266149468353621,0.8973720761168629,0.9554495276491172,0.024946873401368776,0.03299514970834371,0.9177614866828324,0.4780895616036376,0.20896802255660166,0.19571956896301806,-8.805857297148123,-9.938868339289636,0.3323871585174422,-0.8167504450649896,2.7080502011022096,2.021547563260933,0,0,0,0,0,1,0,0,0,0,0.0
10817_2008,0.04723310182230506,0.05795515608422769,0.10603945768360136,0.1044173912521152,0.0007939726448855343,0.002199973320005016,2.823174083092162,2.9412072214085314,0.1051403599034724,0.12956898332496625,-10.577828097365579,-10.49018371467218,0.20886686495752693,-0.34373520320419343,2.7080502011022096,2.7080502011022096,0,1,0,0,0,0,0,0,0,0,0.0
10817_2009,0.05795515608422769,0.07084465693904198,0.1044173912521152,0.10958136256956784,0.002199973320005016,0.0006665924906993003,2.9412072214085314,2.926038208276253,0.12956898332496625,0.1256088811490674,-10.49018371467218,-9.992036356494909,-0.34373520320419343,0.5797985333037635,2.7080502011022096,2.7080502011022096,0,1,0,0,0,0,0,0,0,0,0.0
10817_2010,0.07084465693904198,0.07417339251293173,0.10958136256956784,0.10224427959684523,0.0006665924906993003,0.06860256161895517,2.926038208276253,2.4008419537758328,0.1256088811490674,0.09534203165845848,-9.992036356494909,-10.295143078395663,0.5797985333037635,-0.22381080195674147,2.7080502011022096,2.7080502011022096,0,1,0,0,0,0,0,0,0,0,0.0
10827_2008,0.04520339864285735,0.02056203395639419,0.04947855200930126,0.03942401565918584,0.07623052193087072,0.06861905675610118,3.2945528901154884,3.964763869636055,0.13073382548846235,0.13114393368663305,-10.235421407698883,-9.913809143755678,0.20492365843575697,0.34257232646916913,2.6115393007213656,2.7080502011022096,0,0,0,0,1,0,0,0,0,0,0.0
10827_2009,0.02056203395639419,0.04279487206267741,0.03942401565918584,0.05352083638908276,0.06861905675610118,0.13148161350835758,3.964763869636055,2.797722061243028,0.13114393368663305,0.1114948972472014,-9.913809143755678,-9.843523190330211,0.34257232646916913,0.2324153542485487,2.7080502011022096,2.570319527636131,0,0,0,0,1,0,0,0,0,0,0.0
10827_2010,0.04279487206267741,0.07475561712884142,0.05352083638908276,0.09069657103534133,0.13148161350835758,0.21142906377813794,2.797722061243028,2.6005912895100822,0.1114948972472014,0.12557499062457184,-9.843523190330211,-10.119415443071935,0.2324153542485487,-0.1830770116542369,2.570319527636131,2.6232182655855123,0,0,0,0,1,0,0,0,0,0,0.0
10855_2008,0.05397398578269124,0.06195829267182507,0.2499998044279086,0.18335044802176045,0.01987012448554761,0.0223324893817374,1.216400959137928,1.3917378679922554,0.0691223053892445,0.062407168282660914,-11.103234122321622,-10.836948401765067,-0.06643802493746861,0.3380086315331705,2.382320061012899,2.659559991941776,0,0,1,0,0,0,0,0,0,0,0.0
10855_2009,0.06195829267182507,0.06174803833071962,0.18335044802176045,0.19265887129314185,0.0223324893817374,0.0201886585773374,1.3917378679922554,1.2108197944493593,0.062407168282660914,0.15596754355097806,-10.836948401765067,-10.425648010457099,0.3380086315331705,0.5961833104591445,2.659559991941776,2.580216829592325,0,0,1,0,0,0,0,0,0,0,0.0
10855_2010,0.06174803833071962,0.08302711958098803,0.19265887129314185,0.13182494204240133,0.0201886585773374,0.03329859115559837,1.2108197944493593,1.2507359843789374,0.15596754355097806,0.1612093621144651,-10.425648010457099,-10.486643575128193,0.5961833104591445,0.15346744884608993,2.580216829592325,2.7080502011022096,0,0,1,0,0,0,0,0,0,0,0.0
10867_2008,0.0,-0.0016206080087385227,0.0,0.1920369447583221,0.0,0.16161800482737018,0.0,1.179996662209135,0.0,0.0907743307571246,0.0,-9.919457635381645,0.0,-0.2630472524649797,0.0,2.7080502011022096,0,1,0,0,0,0,0,0,0,0,0.0
10867_2009,-0.0016206080087385227,0.0,0.1920369447583221,0.0,0.16161800482737018,0.0,1.179996662209135,0.0,0.0907743307571246,0.0,-9.919457635381645,0.0,-0.2630472524649797,0.0,2.7080502011022096,0.0,0,1,0,0,0,0,0,0,0,0,0.0
10867_2010,0.0,0.0,0.0,0.0,0.0,0.0,0.0,0.0,0.0,0.0,0.0,0.0,0.0,0.0,0.0,0.0,0,1,0,0,0,0,0,0,0,0,0.0
10876_2008,-0.060876322324651386,-0.04436477457064897,0.2191861690461417,0.19997380125622893,0.27320552500050416,0.32200465930962024,4.023641795920139,3.149292137032316,0.10924416004553304,0.16908460828602562,-9.214963173506584,-8.84746549770125,0.17092794627602925,0.17709902248081394,2.7080502011022096,2.7080502011022096,0,0,0,0,1,0,0,0,0,0,0.0
10876_2009,-0.04436477457064897,-0.048143615706029534,0.19997380125622893,0.1462096754290259,0.32200465930962024,0.2763412109350444,3.149292137032316,2.8011230778738057,0.16908460828602562,0.18984194978560204,-8.84746549770125,-8.613977719213178,0.17709902248081394,0.32074443405672703,2.7080502011022096,2.7080502011022096,0,0,0,0,1,0,0,0,0,0,0.0
10876_2010,-0.048143615706029534,-0.029419889484790206,0.1462096754290259,0.14939387784374375,0.2763412109350444,0.14804497829637978,2.8011230778738057,3.5450880514105467,0.18984194978560204,0.1629131837559593,-8.613977719213178,-8.550272647865336,0.32074443405672703,0.027772460097879814,2.7080502011022096,2.7080502011022096,0,0,0,0,1,0,0,0,0,0,0.0
10877_2008,0.02177346792251908,0.025401017279648976,0.18958819939037846,0.1178850466372303,0.013431708851013779,0.02588766560338674,2.471270941960089,2.5678871118413555,0.10168146752042148,0.057484075540755124,-9.36646481756317,-9.06982274282884,0.4441841336539824,0.12510941136548384,2.6122732457084408,2.7080502011022096,0,0,0,0,0,0,0,0,0,0,0.0
10877_2009,0.025401017279648976,-0.2517332154984059,0.1178850466372303,0.6108446475173521,0.02588766560338674,0.04758420366613159,2.5678871118413555,1.2902946255833314,0.057484075540755124,0.3227886452822808,-9.06982274282884,-10.044226367671063,0.12510941136548384,-0.8633167784912363,2.7080502011022096,1.2325602611778486,0,0,0,0,0,0,0,0,0,0,0.0
10877_2010,-0.2517332154984059,-0.09419981171849116,0.6108446475173521,0.3986093632861671,0.04758420366613159,0.01513749779712004,1.2902946255833314,2.675927646404385,0.3227886452822808,0.3578816981723222,-10.044226367671063,-9.558015194108963,-0.8633167784912363,1.0761753259263729,1.2325602611778486,1.7783364488959144,0,0,0,0,0,0,0,0,0,0,0.0
10905_2008,0.036255260147823785,0.06518487211477325,0.05167608053958025,0.16687644984063993,0.01774273772670245,0.026184412894664225,3.2849135820784805,1.993963821302725,0.23628721578669004,0.08715826904975962,-9.637585860920924,-10.258744927502207,-0.4044338826355907,-0.4866312365254131,2.7080502011022096,2.6864860231863696,0,0,0,0,0,1,0,0,0,0,0.0
10905_2009,0.06518487211477325,-0.0322258394490004,0.16687644984063993,0.16593703631212858,0.026184412894664225,0.04340372859666166,1.993963821302725,2.8621699681109662,0.08715826904975962,0.19948565496348453,-10.258744927502207,-9.552994299634994,-0.4866312365254131,1.064212532486292,2.6864860231863696,2.7080502011022096,0,0,0,0,0,1,0,0,0,0,0.0
10905_2010,-0.0322258394490004,0.07045005130435374,0.16593703631212858,0.06207203901395976,0.04340372859666166,0.037907745032085036,2.8621699681109662,2.5734414955918443,0.19948565496348453,0.1169275191851899,-9.552994299634994,-9.614764633552063,1.064212532486292,-0.019622932461676845,2.7080502011022096,2.7080502011022096,0,0,0,0,0,1,0,0,0,0,0.0
10937_2008,-0.042779932322655916,-0.006775423074142689,0.14725493337344506,0.15321737380189054,0.18017934896926208,0.11938586342549096,5.972318669748432,9.943207076421434,0.173479537795614,0.11072640045593762,-9.540479301985725,-9.14475066654243,0.6154651463388989,0.3990282954086191,2.4087452888224363,2.7080502011022096,0,0,0,0,1,0,0,0,0,0,0.0
10937_2009,-0.006775423074142689,-0.0063625533182287185,0.15321737380189054,0.2671607577836637,0.11938586342549096,0.2611385901649807,9.943207076421434,6.9530212789148065,0.11072640045593762,0.15035008810718828,-9.14475066654243,-8.647945497064299,0.3990282954086191,0.32476683443585513,2.7080502011022096,2.651832521103981,0,0,0,0,1,0,0,0,0,0,0.0
10937_2010,-0.0063625533182287185,0.10669530112974572,0.2671607577836637,0.2443445284065764,0.2611385901649807,0.3951632968054024,6.9530212789148065,2.949284274601243,0.15035008810718828,0.1219361301225612,-8.647945497064299,-9.10936641915074,0.32476683443585513,-0.537150607906275,2.651832521103981,2.4078456036515385,0,0,0,0,1,0,0,0,0,0,0.0
10954_2008,0.014273523341883818,0.011033167141014813,0.7579898192799936,0.8214988186961805,0.057843508725410074,0.046122735846788714,2.556475707213232,1.933429745864245,0.052624418937553125,0.06574573026055601,-8.905798007613315,-9.283948654460792,0.14890929551273135,-0.2240675622540816,2.7080502011022096,2.7080502011022096,0,0,0,0,0,1,0,0,0,0,0.0
10954_2009,0.011033167141014813,0.008168688223092491,0.8214988186961805,0.8195125300374185,0.046122735846788714,0.0482748154365838,1.933429745864245,2.08414894656019,0.06574573026055601,0.09810135271439416,-9.283948654460792,-8.600905355586297,-0.2240675622540816,0.5113446187751096,2.7080502011022096,2.7080502011022096,0,0,0,0,0,1,0,0,0,0,0.0
10954_2010,0.008168688223092491,0.0078931697918517,0.8195125300374185,0.8296320498224689,0.0482748154365838,0.08309652592436803,2.08414894656019,1.7633269985294542,0.09810135271439416,0.1880537131409924,-8.600905355586297,-8.724379375492706,0.5113446187751096,0.17371856391184193,2.7080502011022096,2.7080502011022096,0,0,0,0,0,1,0,0,0,0,0.0
10959_2008,0.03885985408289919,0.023432824453833614,0.4539812711115314,0.5907617433578668,0.00037528831524818936,0.010994348135559363,1.3046849457120828,1.0489541476063369,0.1269556341930381,0.11623742552584945,-10.973807314698846,-11.32493065840634,-0.3901230391175696,-0.4316358917912131,2.7080502011022096,2.563409711275944,0,0,1,0,0,0,0,0,0,0,0.0
10959_2009,0.023432824453833614,-0.16684895760663682,0.5907617433578668,0.8555581948228466,0.010994348135559363,0.011835866009012685,1.0489541476063369,0.495963083032329,0.11623742552584945,0.2262885945470676,-11.32493065840634,-12.128060926107016,-0.4316358917912131,-0.7905243592014508,2.563409711275944,1.2641267271456829,0,0,1,0,0,0,0,0,0,0,0.0
10959_2010,-0.16684895760663682,0.0104980970024163,0.8555581948228466,0.6678220373422916,0.011835866009012685,0.002637091033387815,0.495963083032329,0.8405676509930918,0.2262885945470676,0.32936784744685466,-12.128060926107016,-11.657557462811269,-0.7905243592014508,1.110800553909116,1.2641267271456829,1.9671123567059163,0,0,1,0,0,0,0,0,0,0,0.0
10962_2008,0.08529628882322209,0.052264016121548885,0.06415302778411809,0.04215783764669143,0.1092589782244515,0.06981785664427173,5.399628903539676,5.308439581456738,0.07009873287309958,0.09685402242445848,-10.424976627946783,-10.708481429861749,-0.030546547815266712,-0.3089022086318581,2.7080502011022096,2.7080502011022096,0,0,1,0,0,0,0,0,0,0,0.0
10962_2009,0.052264016121548885,0.09985042620527317,0.04215783764669143,0.06262054123580389,0.06981785664427173,0.09502007657565796,5.308439581456738,3.9688434448377263,0.09685402242445848,0.1217745211162211,-10.708481429861749,-10.846326749479456,-0.3089022086318581,-0.2463671667459652,2.7080502011022096,2.7080502011022096,0,0,1,0,0,0,0,0,0,0,0.0
10962_2010,0.09985042620527317,0.08404383837857099,0.06262054123580389,0.05423304565483796,0.09502007657565796,0.06297103760144462,3.9688434448377263,4.520480971375818,0.1217745211162211,0.12162105287126194,-10.846326749479456,-11.054162900243163,-0.2463671667459652,-0.1429193765570885,2.7080502011022096,2.7080502011022096,0,0,1,0,0,0,0,0,0,0,0.0
10989_2008,0.03574018149364566,0.024479494381035072,0.05711340367447279,0.06870318749763216,0.03688016806790016,0.015716619661319348,4.011900878446872,4.75520906767954,0.07570801069073789,0.2178397299748655,-8.546867469996771,-8.188056563679924,-0.07325794390210355,-0.3978573035947927,2.7080502011022096,2.7080502011022096,0,0,0,0,1,0,0,0,0,0,0.0
10989_2009,0.024479494381035072,0.04714634136046916,0.06870318749763216,0.13280918477239206,0.015716619661319348,0.03200800256882199,4.75520906767954,3.5141216237751567,0.2178397299748655,0.1522815751560287,-8.188056563679924,-8.209211947146057,-0.3978573035947927,-0.025993179311695647,2.7080502011022096,2.7080502011022096,0,0,0,0,1,0,0,0,0,0,0.0
10989_2010,0.04714634136046916,0.03588948909106349,0.13280918477239206,0.08631330365587997,0.03200800256882199,0.03133903368141562,3.5141216237751567,4.0187771651945265,0.1522815751560287,0.07641945914590631,-8.209211947146057,-8.06791882018978,-0.025993179311695647,0.19162210721957892,2.7080502011022096,2.7080502011022096,0,0,0,0,1,0,0,0,0,0,0.0
10992_2008,0.023116867678121576,0.029056946703301983,0.1653103299747214,0.07709579730708754,0.08119334647869264,0.054781352845184164,2.342574796967502,2.951943591678247,0.084116929936229,0.11802784180243615,-8.766857647306407,-8.152661634672201,0.0921141217749667,0.5956033957606703,2.7080502011022096,2.7080502011022096,0,0,1,0,0,0,0,0,0,0,0.0
10992_2009,0.029056946703301983,0.030695409775480086,0.07709579730708754,0.0641546583864145,0.054781352845184164,0.054680141589338635,2.951943591678247,3.600024313488916,0.11802784180243615,0.13117784642794214,-8.152661634672201,-7.554514176952642,0.5956033957606703,0.4596419543155006,2.7080502011022096,2.7080502011022096,0,0,1,0,0,0,0,0,0,0,0.0
10992_2010,0.030695409775480086,0.04070447325479937,0.0641546583864145,0.12391499203805825,0.054680141589338635,0.0567052861006143,3.600024313488916,2.99362231924302,0.13117784642794214,0.07118883796619269,-7.554514176952642,-7.8094201943574255,0.4596419543155006,-0.23956870763936425,2.7080502011022096,2.7080502011022096,0,0,1,0,0,0,0,0,0,0,0.0
10993_2008,0.04798276145197918,0.04947369532396508,0.07451746884925482,0.07734619973183272,0.0757991452820289,0.15610714021770114,5.136465284600917,3.3409282926251165,0.2660220052774452,0.11824411238659292,-12.526127141835346,-12.592997388479088,1.245832874515243,-0.17770624987866696,1.1151415906193205,1.0331844833456545,0,0,0,0,0,0,0,1,0,0,0.0
10993_2009,0.04947369532396508,-0.09774963619984756,0.07734619973183272,0.3604220081768415,0.15610714021770114,0.4786570577229576,3.3409282926251165,1.8411951136190787,0.11824411238659292,0.17746495130099732,-12.592997388479088,-13.183823676173622,-0.17770624987866696,-0.6224484074326999,1.0331844833456545,-0.020202707317519462,0,0,0,0,0,0,0,1,0,0,0.0
10993_2010,-0.09774963619984756,0.047205764286222425,0.3604220081768415,0.07817660748584843,0.4786570577229576,0.16764652079797554,1.8411951136190787,4.082885182146872,0.17746495130099732,0.2350457999724337,-13.183823676173622,-11.826340496251678,-0.6224484074326999,1.3296199353600748,-0.020202707317519462,1.5644405465033646,0,0,0,0,0,0,0,1,0,0,0.0
10996_2008,0.005106718270889225,-0.002241275813841103,0.6330328021286604,0.6617189897538448,0.06425953824202275,0.091679976974595,3.5456761145536184,3.348993515352761,0.050228599067760886,0.06783639217655292,-6.76797704268157,-6.801150845540353,0.1522644132583969,0.011483156472505932,2.7080502011022096,2.7080502011022096,0,0,0,0,0,0,0,0,1,0,0.0
10996_2009,-0.002241275813841103,0.037190669955531434,0.6617189897538448,0.8354037119103533,0.091679976974595,0.09083685514260273,3.348993515352761,1.4191864024448249,0.06783639217655292,0.14103591237707988,-6.801150845540353,-7.271654901025489,0.011483156472505932,-0.4199590662289108,2.7080502011022096,2.10900034392138,0,0,0,0,0,0,0,0,1,0,0.0
10996_2010,0.037190669955531434,0.016665898042878508,0.8354037119103533,0.7749136027687963,0.09083685514260273,0.09786782680498868,1.4191864024448249,1.7438193260159185,0.14103591237707988,0.15379269355310993,-7.271654901025489,-7.018646329185053,-0.4199590662289108,0.22369183576608045,2.10900034392138,2.58851563240702,0,0,0,0,0,0,0,0,1,0,0.0
11001_2008,0.0,0.0,0.0,0.0,0.0,0.0,0.0,0.0,0.0,0.0,0.0,0.0,0.0,0.0,0.0,0.0,0,0,0,0,0,1,0,0,0,0,0.0
11001_2009,0.0,0.0,0.0,0.0,0.0,0.0,0.0,0.0,0.0,0.0,0.0,0.0,0.0,0.0,0.0,0.0,0,0,0,0,0,1,0,0,0,0,0.0
11001_2010,0.0,0.0,0.0,0.0,0.0,0.0,0.0,0.0,0.0,0.0,0.0,0.0,0.0,0.0,0.0,0.0,0,0,0,0,0,1,0,0,0,0,0.0
11003_2008,0.040657372990030666,0.0501668115133948,0.07566569991593186,0.09481793399151173,0.0328743401329813,0.03842532334144776,3.720577859106384,3.272458817560967,0.12268538870774592,0.14087497335175306,-9.856642752715203,-10.614223056816632,0.8448205962041031,-0.7335146023937898,2.7080502011022096,2.7080502011022096,0,0,0,0,1,0,0,0,0,0,0.0
11003_2009,0.0501668115133948,0.06297744775537688,0.09481793399151173,0.14672631289046462,0.03842532334144776,0.04796243764572744,3.272458817560967,2.315738897927188,0.14087497335175306,0.10365565243250983,-10.614223056816632,-10.223334484871572,-0.7335146023937898,0.3015126875481411,2.7080502011022096,2.7080502011022096,0,0,0,0,1,0,0,0,0,0,0.0
11003_2010,0.06297744775537688,0.05498463670759682,0.14672631289046462,0.09405710387136428,0.04796243764572744,0.025142997770989915,2.315738897927188,3.3291485913506547,0.10365565243250983,0.10746732286925573,-10.223334484871572,-10.101581146679203,0.3015126875481411,0.3458736909550401,2.7080502011022096,2.7080502011022096,0,0,0,0,1,0,0,0,0,0,0.0
11005_2008,-0.004200351875888367,0.0670946796417314,0.19200656909789204,0.3606114903673174,0.12498325819682188,0.17654638713140064,2.047976885752989,1.0891025607090803,0.054116179969995314,0.14394802649762453,-10.161294450820016,-10.949681007104155,-0.03489597355941865,-0.684349124547603,2.575661013056465,1.8389610707123487,0,0,1,0,0,0,0,0,0,0,0.0
11005_2009,0.0670946796417314,-0.921783259858744,0.3606114903673174,0.9221979977585302,0.17654638713140064,0.5225131985623677,1.0891025607090803,0.09135673287311673,0.14394802649762453,0.2715329658306798,-10.949681007104155,-13.468999347743425,-0.684349124547603,-2.5258273774143527,1.8389610707123487,-1.1086626245216111,0,0,1,0,0,0,0,0,0,0,0.0
11005_2010,-0.921783259858744,-0.1815895724572574,0.9221979977585302,0.4179655983791062,0.5225131985623677,0.09538230316698648,0.09135673287311673,1.4484636984520771,0.2715329658306798,0.3988360188480301,-13.468999347743425,-11.066028610130507,-2.5258273774143527,2.6784169714898782,-1.1086626245216111,1.5686159179138452,0,0,1,0,0,0,0,0,0,0,0.0
11018_2008,0.03133966903036036,-0.00011821379254991558,0.33740245613304515,0.8459031741856343,0.013728031351345874,0.03824117677495978,2.6572427002258583,2.4930876385784377,0.046561337728366764,0.13097841826630574,-9.513791217267503,-9.9377628452347,-0.03569927550167834,-0.3915250181367659,2.7080502011022096,2.7080502011022096,0,0,1,0,0,0,0,0,0,0,0.0
11018_2009,-0.00011821379254991558,-0.04633806607072195,0.8459031741856343,0.9394274214766296,0.03824117677495978,0.059422669439088575,2.4930876385784377,8.049812217429093,0.13097841826630574,0.21809542998895226,-9.9377628452347,-10.567824028263665,-0.3915250181367659,-1.1070539026953143,2.7080502011022096,2.4475508632442318,0,0,1,0,0,0,0,0,0,0,0.0
11018_2010,-0.04633806607072195,0.00960360228801108,0.9394274214766296,0.8695539175811631,0.059422669439088575,0.047393956160682274,8.049812217429093,6.102043227387892,0.21809542998895226,0.3641146169639476,-10.567824028263665,-10.053942172230887,-1.1070539026953143,0.7140818515031516,2.4475508632442318,2.7080502011022096,0,0,1,0,0,0,0,0,0,0,0.0
11023_2008,0.004903186339146624,0.11241930375826624,0.18956564569642997,0.23631018488097405,0.1825168935404816,0.2297850057145812,4.602022812100177,2.92190038298859,0.10508061240025207,0.10146263538525112,-9.155633313502543,-9.018752689452144,-0.7041387460706764,0.026958823542183503,2.5930133911138515,2.7080502011022096,0,0,0,0,1,0,0,0,0,0,0.0
11023_2009,0.11241930375826624,0.10172136351289257,0.23631018488097405,0.1025732960083494,0.2297850057145812,0.2522756847319745,2.92190038298859,2.2730222800573188,0.10146263538525112,0.1948067586040922,-9.018752689452144,-8.961921017636111,0.026958823542183503,0.19649845463055612,2.7080502011022096,2.365559892155434,0,0,0,0,1,0,0,0,0,0,0.0
11023_2010,0.10172136351289257,-0.029606652762662482,0.1025732960083494,0.07694472134734852,0.2522756847319745,0.2102314423459264,2.2730222800573188,2.496337726794924,0.1948067586040922,0.19307931595150374,-8.961921017636111,-9.321310411022763,0.19649845463055612,-0.4946579924053686,2.365559892155434,2.2417729535972883,0,0,0,0,1,0,0,0,0,0,0.0
1103_2008,0.03262999722358363,0.03357807933982149,0.3452611509545873,0.2884568088855514,0.025947667287659168,0.049626424622401806,2.6392721759884465,2.6922130427932833,0.04356649029896994,0.06493699490288206,-8.428393189554932,-8.190717439639252,0.04249837913765586,0.15978347996297976,2.7080502011022096,2.7080502011022096,0,0,0,1,0,0,0,0,0,0,0.0
1103_2009,0.03357807933982149,0.036128414974127915,0.2884568088855514,0.2720604369699341,0.049626424622401806,0.036651347190006615,2.6922130427932833,2.4707644399979096,0.06493699490288206,0.04873703215194127,-8.190717439639252,-7.599830365897926,0.15978347996297976,0.4732632172720822,2.7080502011022096,2.7080502011022096,0,0,0,1,0,0,0,0,0,0,0.0
1103_2010,0.036128414974127915,0.04212337744272753,0.2720604369699341,0.2623358286539045,0.036651347190006615,0.0773413597330691,2.4707644399979096,2.283178304913576,0.04873703215194127,0.058372277013320074,-7.599830365897926,-7.755597403815643,0.4732632172720822,-0.16950158498524168,2.7080502011022096,2.7080502011022096,0,0,0,1,0,0,0,0,0,0,0.0
11042_2008,-0.04028964000215147,-0.11451314740312946,0.08094188306429108,0.09663227527125168,0.13721780007905604,0.13488019739579088,5.089526181709493,5.583404458949839,0.13803580201857804,0.12441850126095952,-7.899954184450469,-8.335381601163697,-0.05853648478750183,-0.4368221103121509,2.7080502011022096,2.7080502011022096,0,0,0,0,1,0,0,0,0,0,0.0
11042_2009,-0.11451314740312946,-0.08617205954672191,0.09663227527125168,0.13897029737925265,0.13488019739579088,0.15592845708911549,5.583404458949839,6.81250541259196,0.12441850126095952,0.187664749296916,-8.335381601163697,-7.443575086611204,-0.4368221103121509,0.8204175330726701,2.7080502011022096,2.7080502011022096,0,0,0,0,1,0,0,0,0,0,0.0
11042_2010,-0.08617205954672191,-0.06811959648141215,0.13897029737925265,0.09113424371472302,0.15592845708911549,0.13629827722799712,6.81250541259196,4.647673146858113,0.187664749296916,0.09406175442801913,-7.443575086611204,-7.055027702430094,0.8204175330726701,-0.03701193611528375,2.7080502011022096,2.7080502011022096,0,0,0,0,1,0,0,0,0,0,0.0
11050_2008,0.021908615120826744,0.026684617983943032,0.16816525687536396,0.15396923594264045,0.17981964755900504,0.2142879593424375,2.181404387338884,2.233631478701425,0.0747391076834709,0.05412240045716097,-9.31182004089391,-9.106661768235707,-0.13431520252090773,0.15319472875614248,2.7080502011022096,2.7080502011022096,0,0,0,0,0,0,1,0,0,0,0.0
11050_2009,0.026684617983943032,0.041332942764284286,0.15396923594264045,0.2418748528558487,0.2142879593424375,0.10582236851796813,2.233631478701425,1.6385955523236533,0.05412240045716097,0.09495610136184574,-9.106661768235707,-9.233810692530296,0.15319472875614248,-0.0068323657749271285,2.7080502011022096,2.7080502011022096,0,0,0,0,0,0,1,0,0,0,0.0
11050_2010,0.041332942764284286,0.026823245742940854,0.2418748528558487,0.19931993183759167,0.10582236851796813,0.1835338928149488,1.6385955523236533,1.6358959440636942,0.09495610136184574,0.09669696982133807,-9.233810692530296,-9.032105698460883,-0.0068323657749271285,0.24142084939764294,2.7080502011022096,2.7080502011022096,0,0,0,0,0,0,1,0,0,0,0.0
11052_2008,0.036119930299936036,0.04332882209684933,0.20257392008366085,0.38666244730659016,0.001565072638832485,0.004166651018665134,2.0259800365803184,1.647854643391854,0.06725179128437103,0.13309486825303954,-10.162642933852991,-10.465102103805489,-0.0723077013258194,-0.6756652744614238,2.7080502011022096,2.7080502011022096,0,0,1,0,0,0,0,0,0,0,0.0
11052_2009,0.04332882209684933,0.03377672056480376,0.38666244730659016,0.2558494036140025,0.004166651018665134,0.004677812180512509,1.647854643391854,2.328757048608129,0.13309486825303954,0.12203541045563593,-10.465102103805489,-9.674683053668991,-0.6756652744614238,0.7411129476674663,2.7080502011022096,2.7080502011022096,0,0,1,0,0,0,0,0,0,0,0.0
11052_2010,0.03377672056480376,0.035867210382353035,0.2558494036140025,0.2285241957514792,0.004677812180512509,0.0120814501544005,2.328757048608129,2.5428751313979663,0.12203541045563593,0.09224482025240033,-9.674683053668991,-9.613271997261409,0.7411129476674663,0.02381575361661337,2.7080502011022096,2.7080502011022096,0,0,1,0,0,0,0,0,0,0,0.0
11083_2008,0.019620675737952568,0.02014983607632081,0.05678118248807555,0.2081456050617839,0.08175079106428237,0.021281452942467333,4.192559200703469,3.5196583167273032,0.07817935889668949,0.07983175977131063,-8.945131487694878,-8.72072498778205,-0.039416004298131344,0.23529997702075225,2.7080502011022096,2.7080502011022096,0,0,0,0,1,0,0,0,0,0,0.0
11083_2009,0.02014983607632081,0.045961978379968335,0.2081456050617839,0.4632496187792854,0.021281452942467333,0.029550160395272175,3.5196583167273032,1.6717504845470392,0.07983175977131063,0.2288012832912216,-8.72072498778205,-9.919670893433562,0.23529997702075225,-1.1698829166668592,2.7080502011022096,2.4406063908914204,0,0,0,0,1,0,0,0,0,0,0.0
11083_2010,0.045961978379968335,0.009212627604971694,0.4632496187792854,0.4485441357593548,0.029550160395272175,0.002092245097099798,1.6717504845470392,1.5460704259223237,0.2288012832912216,0.16854883647873153,-9.919670893433562,-9.679536378981142,-1.1698829166668592,-0.013728366372582457,2.4406063908914204,2.7080502011022096,0,0,0,0,1,0,0,0,0,0,0.0
11092_2008,0.028606604034496476,0.045227928419337024,0.03445929280568465,0.05404736008517126,0.10521694927378074,0.05715297310796245,2.3262674782821806,2.2086679205575837,0.06781820296985963,0.061201665769123836,-8.578431583324264,-8.628257676339338,-0.3630299947747767,-0.01610333749600528,2.7080502011022096,2.7080502011022096,0,0,0,0,0,0,1,0,0,0,0.0
11092_2009,0.045227928419337024,-0.02797908919730141,0.05404736008517126,0.10205329273339628,0.05715297310796245,0.08779466941585741,2.2086679205575837,1.6161357774973797,0.061201665769123836,0.11672383061175852,-8.628257676339338,-8.759003117235777,-0.01610333749600528,0.004265391955171449,2.7080502011022096,2.7080502011022096,0,0,0,0,0,0,1,0,0,0,0.0
11092_2010,-0.02797908919730141,0.026586988484521904,0.10205329273339628,0.06680048588534238,0.08779466941585741,0.08733563820879423,1.6161357774973797,2.05065765729104,0.11672383061175852,0.07674426147292432,-8.759003117235777,-8.70786131161576,0.004265391955171449,0.22476800710966915,2.7080502011022096,2.7080502011022096,0,0,0,0,0,0,1,0,0,0,0.0
11096_2008,0.06948874165837604,-0.4034522308935831,0.5099914318503976,0.7902419451601291,0.05351451391170408,0.08058258815393766,1.225493996831776,0.6646145544627309,0.21452210791162665,0.14063222622255356,-9.784294340915876,-11.279842639662721,-1.2702301854514009,-1.477725740328294,2.7080502011022096,1.7101878155342434,0,1,0,0,0,0,0,0,0,0,0.0
11096_2009,-0.4034522308935831,0.0,0.7902419451601291,0.0,0.08058258815393766,0.0,0.6646145544627309,0.0,0.14063222622255356,0.0,-11.279842639662721,0.0,-1.477725740328294,0.0,1.7101878155342434,0.0,0,1,0,0,0,0,0,0,0,0,0.0
11096_2010,0.0,0.0,0.0,0.0,0.0,0.0,0.0,0.0,0.0,0.0,0.0,0.0,0.0,0.0,0.0,0.0,0,1,0,0,0,0,0,0,0,0,0.0
11099_2008,0.05322676943216412,0.06401389463550246,0.05042344561060614,0.05959745310087267,0.0544637974650385,0.03808483624179587,2.542249917764383,2.2258193408149274,0.3527284410418639,0.07040767218306875,-9.944144747989359,-10.299935729795429,-0.33687510310020885,-0.4102544015890489,2.7080502011022096,2.4239173781615704,0,0,0,0,0,1,0,0,0,0,0.0
11099_2009,0.06401389463550246,0.0642259443954169,0.05959745310087267,0.04369603533511074,0.03808483624179587,0.03361911953285055,2.2258193408149274,2.4108301494715487,0.07040767218306875,0.1496019155809996,-10.299935729795429,-9.50224766004552,-0.4102544015890489,0.5619415042662415,2.4239173781615704,2.7080502011022096,0,0,0,0,0,1,0,0,0,0,0.0
11099_2010,0.0642259443954169,0.09226602345997588,0.04369603533511074,0.10353112388241714,0.03361911953285055,0.06031949226198096,2.4108301494715487,1.5097942832866744,0.1496019155809996,0.13283622574617662,-9.50224766004552,-9.442877530335693,0.5619415042662415,-0.05964810488874792,2.7080502011022096,2.7080502011022096,0,0,0,0,0,1,0,0,0,0,0.0
11100_2008,-0.0540517194838849,0.15636240059136666,0.23901095934783784,0.2611290538629835,0.1390703449765157,0.20287299012239104,1.411626858945471,0.9753739876693112,0.15804494888090392,0.11479267394394932,-12.104086475793366,-12.282345690313067,0.16940579607661327,-0.43121306051209707,0.8109302162163288,0.636576829071551,0,0,0,0,0,0,1,0,0,0,0.0
11100_2009,0.15636240059136666,0.07938143059143392,0.2611290538629835,0.28000091566867585,0.20287299012239104,0.5738425155531607,0.9753739876693112,0.6372008238957829,0.11479267394394932,0.17390486293107474,-12.282345690313067,-12.165421359467858,-0.43121306051209707,0.15580295965717972,0.636576829071551,0.2484213584984783,0,0,0,0,0,0,1,0,0,0,0.0
11100_2010,0.07938143059143392,0.059673573187086715,0.28000091566867585,0.2933725231022529,0.5738425155531607,0.4045358099412154,0.6372008238957829,1.2441347379681107,0.17390486293107474,0.09154539393253737,-12.165421359467858,-11.818539971010418,0.15580295965717972,0.30871225139056113,0.2484213584984783,0.8285518175661483,0,0,0,0,0,0,1,0,0,0,0.0
11101_2008,-0.0576155630825835,-0.1272169953401017,0.09650878417038658,0.13394992824110985,0.11068030544818944,0.2681023507048065,3.0978749893422486,1.9628059704574905,0.0932878013221831,0.13298175175388213,-12.046224703408194,-12.838004000967109,-0.15486342337302272,-0.9004691738030509,0.3148107398400336,-0.4780358009429998,0,0,0,0,0,0,0,1,0,0,0.0
11101_2009,-0.1272169953401017,-0.5686295201913606,0.13394992824110985,0.3443787814830449,0.2681023507048065,0.30075981426762344,1.9628059704574905,0.9661975992804579,0.13298175175388213,0.2350367425650744,-12.838004000967109,-13.859605138211482,-0.9004691738030509,-0.8891280923963971,-0.4780358009429998,-2.002480500543708,0,0,0,0,0,0,0,1,0,0,0.0
11101_2010,-0.5686295201913606,-0.04718018997806011,0.3443787814830449,0.15335919180743188,0.30075981426762344,0.11997787151649265,0.9661975992804579,2.4116424116424118,0.2350367425650744,0.221842103190062,-13.859605138211482,-12.809271862372064,-0.8891280923963971,0.6767531308527263,-2.002480500543708,-0.7985076962177716,0,0,0,0,0,0,0,1,0,0,0.0
11103_2008,0.0,0.0,0.0,0.0,0.0,0.0,0.0,0.0,0.0,0.0,0.0,0.0,0.0,0.0,0.0,0.0,0,0,0,0,0,1,0,0,0,0,0.0
11103_2009,0.0,0.0,0.0,0.0,0.0,0.0,0.0,0.0,0.0,0.0,0.0,0.0,0.0,0.0,0.0,0.0,0,0,0,0,0,1,0,0,0,0,0.0
11103_2010,0.0,0.0,0.0,0.0,0.0,0.0,0.0,0.0,0.0,0.0,0.0,0.0,0.0,0.0,0.0,0.0,0,0,0,0,0,1,0,0,0,0,0.0
11106_2008,0.010635024149554854,0.00972400166435252,0.8158694452450981,0.8445456988005317,0.039814539903689015,0.03977863814852764,1.9228639350947183,1.665083195154609,0.01835522246659404,0.04325106952967085,-8.12260980937755,-8.183961700334779,0.08203071659161201,-0.045004810753750485,2.7080502011022096,2.7080502011022096,0,0,0,0,0,1,0,0,0,0,0.0
11106_2009,0.00972400166435252,0.006488949437510751,0.8445456988005317,0.8845653194499493,0.03977863814852764,0.029428862770195494,1.665083195154609,1.4093050797441464,0.04325106952967085,0.1116422054098498,-8.183961700334779,-7.930579803388146,-0.045004810753750485,0.12120135071321253,2.7080502011022096,2.7080502011022096,0,0,0,0,0,1,0,0,0,0,0.0
11106_2010,0.006488949437510751,0.00818236332212583,0.8845653194499493,0.8685620398618953,0.029428862770195494,0.03758001381086395,1.4093050797441464,1.396357168660725,0.1116422054098498,0.10334321078485667,-7.930579803388146,-7.9967325323888865,0.12120135071321253,-0.05453866645675759,2.7080502011022096,2.7080502011022096,0,0,0,0,0,1,0,0,0,0,0.0
11111_2008,0.035754339497897934,0.048359269792235836,0.14525254743512375,0.20328318138598356,0.09499772424976294,0.11723465862399808,2.942970442451976,2.2168676285381816,0.16520793303328749,0.14191048231147746,-10.091358911589612,-10.465598740315153,0.3809223393938858,-0.5836662352636011,2.6411978941143697,2.0844290831908747,0,0,0,1,0,0,0,0,0,0,0.0
11111_2009,0.048359269792235836,0.042644878745107834,0.20328318138598356,0.16489513982477025,0.11723465862399808,0.14502223335273512,2.2168676285381816,2.4066107415336075,0.14191048231147746,0.07474308335876588,-10.465598740315153,-9.850329433202065,-0.5836662352636011,0.6573350208763148,2.0844290831908747,2.19722457733622,0,0,0,1,0,0,0,0,0,0,0.0
11111_2010,0.042644878745107834,0.051802548294960914,0.16489513982477025,0.1557671548538734,0.14502223335273512,0.10811473918340148,2.4066107415336075,2.9609962926823217,0.07474308335876588,0.09916019579213446,-9.850329433202065,-9.652090932242547,0.6573350208763148,0.16783918803596815,2.19722457733622,2.6290069937617573,0,0,0,1,0,0,0,0,0,0,0.0
11112_2008,0.012058615256106686,0.032027662515123345,0.07778272805869756,0.15530333860824275,0.050044381498637776,0.059585458345544975,2.0541130934314134,2.5256879429437293,0.056279091551123525,0.10454649091257397,-6.640150362169121,-6.632338170476314,-0.010432143538762996,0.14641913319442773,2.7080502011022096,2.7080502011022096,0,0,0,0,1,0,0,0,0,0,0.0
11112_2009,0.032027662515123345,0.04777582045099908,0.15530333860824275,0.16305637583049215,0.059585458345544975,0.08369429531325195,2.5256879429437293,2.079539272048916,0.10454649091257397,0.13884354587711806,-6.632338170476314,-6.349677617875419,0.14641913319442773,0.1736141864728535,2.7080502011022096,2.7080502011022096,0,0,0,0,1,0,0,0,0,0,0.0
11112_2010,0.04777582045099908,0.05708433642706971,0.16305637583049215,0.13474612945101255,0.08369429531325195,0.07435982522683743,2.079539272048916,2.0799224736164006,0.13884354587711806,0.10304248851429568,-6.349677617875419,-6.514900348921508,0.1736141864728535,-0.20166616959143066,2.7080502011022096,2.7080502011022096,0,0,0,0,1,0,0,0,0,0,0.0
11116_2008,-0.3500665736748669,-0.6661152511884877,0.3155116662439767,0.4225555698316844,0.5353633020542734,0.8807657715533856,0.9596584759868708,0.7282648766239816,0.08458826152319998,0.12912629292339542,-13.510243364696665,-14.39744146992668,-0.20835756777800898,-0.9675400729516604,1.9300710850255671,1.0331844833456545,0,0,0,0,0,0,1,0,0,0,0.0
11116_2009,-0.6661152511884877,-0.10254337888010508,0.4225555698316844,0.3197534917788498,0.8807657715533856,2.0187912004647286,0.7282648766239816,0.3103584569308933,0.12912629292339542,0.27594500491306784,-14.39744146992668,-14.885122191929245,-0.9675400729516604,-0.4941789260162085,1.0331844833456545,0.04879016416943205,0,0,0,0,0,0,1,0,0,0,0.0
11116_2010,-0.10254337888010508,0.0,0.3197534917788498,0.0,2.0187912004647286,0.0,0.3103584569308933,0.0,0.27594500491306784,0.0,-14.885122191929245,0.0,-0.4941789260162085,0.0,0.04879016416943205,0.0,0,0,0,0,0,0,1,0,0,0,0.0
11123_2008,0.019437940323786013,0.006290235445873889,0.7414813640099795,0.927360892057884,0.010254432908051949,0.01155440411688892,1.6667038661289806,0.3925739753359682,0.13682295253961632,0.22755564952709725,-10.143478335251002,-11.461424092200234,0.3924164481946675,-1.3640419127184957,2.7080502011022096,2.2502386126218363,0,0,1,0,0,0,0,0,0,0,0.0
11123_2009,0.006290235445873889,-0.09931483691659837,0.927360892057884,0.9860438487307566,0.01155440411688892,0.011524682334834365,0.3925739753359682,0.1939085434564789,0.22755564952709725,0.26118198307575874,-11.461424092200234,-13.155662147781772,-1.3640419127184957,-1.5979288135363463,2.2502386126218363,0.029558802241544432,0,0,1,0,0,0,0,0,0,0,0.0
11123_2010,-0.09931483691659837,-0.002326961304154214,0.9860438487307566,0.9068268626019732,0.011524682334834365,0.01085838761953293,0.1939085434564789,1.1289702392417025,0.26118198307575874,0.2600545037317219,-13.155662147781772,-11.07665044608104,-1.5979288135363463,1.6786052675658616,0.029558802241544432,2.2864557110641623,0,0,1,0,0,0,0,0,0,0,0.0
11157_2008,0.03815475629786262,0.056129241760025976,0.2861931535815558,0.2945770417275532,0.1698016580645231,0.16864750771229095,1.1406340264055694,0.7272608577751144,0.10192900724029973,0.11200734732693733,-12.170842581866298,-12.598700798067664,-0.14349733045294313,-0.39362737361097017,0.9360933591703348,0.5152159720672835,0,0,0,0,0,0,1,0,0,0,0.0
11157_2009,0.056129241760025976,-1.4660989528869466,0.2945770417275532,0.5908005983503163,0.16864750771229095,0.5459712172865095,0.7272608577751144,0.3063802207224019,0.11200734732693733,0.16172004150874625,-12.598700798067664,-13.70992079543396,-0.39362737361097017,-1.2006346502069838,0.5152159720672835,-1.0785155869689873,0,0,0,0,0,0,1,0,0,0,0.0
11157_2010,-1.4660989528869466,0.0673757924613385,0.5908005983503163,0.3959654102230829,0.5459712172865095,0.46675641263694,0.3063802207224019,0.5748070850340393,0.16172004150874625,0.15577901845952322,-13.70992079543396,-13.208460583825246,-1.2006346502069838,0.3824649237238279,-1.0785155869689873,-0.342490308946776,0,0,0,0,0,0,1,0,0,0,0.0
11161_2008,0.05289197046988279,0.05308100691341837,0.3458928895506853,0.3632700004818023,0.06393770366823298,0.0226883026403648,1.9275004671361653,1.6360385214005118,0.10707755841431534,0.08729857706010315,-9.55984391610765,-9.61138598516794,-0.27537140987885683,-0.2010191777917952,2.7080502011022096,2.7080502011022096,0,1,0,0,0,0,0,0,0,0,0.0
11161_2009,0.05308100691341837,0.04352410861197089,0.3632700004818023,0.3275072404452708,0.0226883026403648,0.01835659399720047,1.6360385214005118,1.7440502240186662,0.08729857706010315,0.15132356443692538,-9.61138598516794,-8.909169928634658,-0.2010191777917952,0.3962499074525701,2.7080502011022096,2.7080502011022096,0,1,0,0,0,0,0,0,0,0,0.0
11161_2010,0.04352410861197089,0.020381342868122702,0.3275072404452708,0.3309772038850273,0.01835659399720047,0.002437858997532041,1.7440502240186662,1.7659848777691542,0.15132356443692538,0.12422235263574136,-8.909169928634658,-9.067971933116713,0.3962499074525701,-0.09450407603294578,2.7080502011022096,2.7080502011022096,0,1,0,0,0,0,0,0,0,0,0.0
11204_2008,0.04332417749049035,0.060939528841390825,0.1805088028276124,0.1741434574974895,0.11161598628964924,0.13055900533325282,2.164710120863996,2.1469140897649197,0.3233509184636112,0.07875390529553293,-10.262428042109413,-10.127697545772802,-0.3910051797317719,0.10037081973183316,2.7080502011022096,2.7080502011022096,0,0,0,0,0,0,0,1,0,0,0.0
11204_2009,0.060939528841390825,0.0618641009367261,0.1741434574974895,0.2811796099848709,0.13055900533325282,0.14688412792382455,2.1469140897649197,1.64082514841609,0.07875390529553293,0.10496549589658552,-10.127697545772802,-9.874029369734618,0.10037081973183316,0.2495649401623797,2.7080502011022096,2.7080502011022096,0,0,0,0,0,0,0,1,0,0,0.0
11204_2010,0.0618641009367261,0.03549536554713291,0.2811796099848709,0.1639194937663131,0.14688412792382455,0.09537775212930744,1.64082514841609,2.6669502762230284,0.10496549589658552,0.19298210322990367,-9.874029369734618,-9.380872235905391,0.2495649401623797,0.6416747308546359,2.7080502011022096,2.7080502011022096,0,0,0,0,0,0,0,1,0,0,0.0
11238_2008,-0.047618369567074666,-0.04252606571701322,0.6003257904119654,0.6373250495194206,0.006356330415268864,0.00733540428681151,0.7968051488246976,0.7369424027002625,0.08882922630418258,0.09191997612288508,-11.759221916426757,-12.143456941524748,-0.17358880743178667,-0.5015620872335096,2.5063419305080648,2.130609828254235,0,0,0,1,0,0,0,0,0,0,0.0
11238_2009,-0.04252606571701322,-0.020880910109031512,0.6373250495194206,0.6744565512672438,0.00733540428681151,0.00250977532953946,0.7369424027002625,0.6117194439147673,0.09191997612288508,0.1607275606309871,-12.143456941524748,-12.094802214779374,-0.5015620872335096,0.15884046345295744,2.130609828254235,1.6845453849209058,0,0,0,1,0,0,0,0,0,0,0.0
11238_2010,-0.020880910109031512,0.02966975932193212,0.6744565512672438,0.6742932146028233,0.00250977532953946,0.003701749645052396,0.6117194439147673,0.48506347162174607,0.1607275606309871,0.08763756424067724,-12.094802214779374,-11.278752626528197,0.15884046345295744,0.7458268071556887,1.6845453849209058,2.7080502011022096,0,0,0,1,0,0,0,0,0,0,0.0
11245_2008,-0.4829739952826219,-0.4098454642587235,0.0954620824244685,0.08982878586506136,0.76892808159199,0.5446537930315586,1.2456917897878463,1.7543965400322488,0.20524073344202265,0.5256044642437379,-12.676335179693787,-12.817010972932332,-1.3874258157268864,2.0628733569492885,-0.9675840262617056,0.6931471805599453,0,0,0,0,1,0,0,0,0,0,1.0
11245_2009,-0.4098454642587235,-2.2926255717583635,0.08982878586506136,0.1485496336444846,0.5446537930315586,1.1562782294489609,1.7543965400322488,0.8186180779480025,0.5256044642437379,0.3638255495305393,-12.817010972932332,-14.094871405405257,2.0628733569492885,-1.2009287246099265,0.6931471805599453,-1.0788096613719298,0,0,0,0,1,0,0,0,0,0,1.0
11245_2010,-2.2926255717583635,0.0,0.1485496336444846,0.0,1.1562782294489609,0.0,0.8186180779480025,0.0,0.3638255495305393,0.0,-14.094871405405257,0.0,-1.2009287246099265,0.0,-1.0788096613719298,0.0,0,0,0,0,1,0,0,0,0,0,1.0
11248_2008,-0.06900806503773799,-0.02504278441672957,0.0613201586140673,0.0519435786962636,0.07029767502027454,0.11666097519930795,3.40244522199928,3.3927936868952786,0.1362932297576707,0.12613432928549745,-10.566036898867573,-9.33619825191753,-0.2375425543489241,0.9818218598134456,2.283402273577272,2.7080502011022096,0,1,0,0,0,0,0,0,0,0,0.0
11248_2009,-0.02504278441672957,-0.019880884401172468,0.0519435786962636,0.10426857586896857,0.11666097519930795,0.13839653108146516,3.3927936868952786,2.729146431404656,0.12613432928549745,0.2840047188945644,-9.33619825191753,-9.316629846675971,0.9818218598134456,0.2038288506677393,2.7080502011022096,2.7080502011022096,0,1,0,0,0,0,0,0,0,0,0.0
11248_2010,-0.019880884401172468,0.011484260032824288,0.10426857586896857,0.08426526322336772,0.13839653108146516,0.10444965599523892,2.729146431404656,3.387800344745353,0.2840047188945644,0.1592896799574541,-9.316629846675971,-8.59773305209904,0.2038288506677393,0.630658136557033,2.7080502011022096,2.7080502011022096,0,1,0,0,0,0,0,0,0,0,0.0
11253_2008,0.03993390695884706,0.0457352787234997,0.02913396774892405,0.03683192291992407,0.0924946889520502,0.09695380612229636,3.3231214327060465,3.2799704406404233,0.0794071098450254,0.04192720409832528,-5.315800463725827,-5.3020249269845285,-0.34335386242306304,0.026929186882519208,2.7080502011022096,2.7080502011022096,0,0,0,0,0,0,1,0,0,0,0.0
11253_2009,0.0457352787234997,0.04062881055814214,0.03683192291992407,0.08510192945707051,0.09695380612229636,0.08465192680848349,3.2799704406404233,3.0585428200946367,0.04192720409832528,0.1197846508785612,-5.3020249269845285,-4.889550768415659,0.026929186882519208,0.251370809767691,2.7080502011022096,2.7080502011022096,0,0,0,0,0,0,1,0,0,0,0.0
11253_2010,0.04062881055814214,0.019367250514655487,0.08510192945707051,0.086726839773228,0.08465192680848349,0.1346583517253276,3.0585428200946367,2.9107046715511067,0.1197846508785612,0.06461321202953707,-4.889550768415659,-4.853576780852906,0.251370809767691,-0.004825908271763213,2.7080502011022096,2.7080502011022096,0,0,0,0,0,0,1,0,0,0,0.0
11257_2008,0.027399108538920663,0.024604256289285267,0.4259064787839953,0.39031171692645933,0.01755653522078654,0.026477323105459437,2.059889461556122,2.121703627649442,0.03971723623616991,0.08532460821847347,-8.979693136642611,-8.278220768893695,-0.0022362826487544174,0.6891157068387779,2.7080502011022096,2.7080502011022096,0,0,0,0,1,0,0,0,0,0,0.0
11257_2009,0.024604256289285267,0.029478364754407568,0.39031171692645933,0.3563644298205381,0.026477323105459437,0.0692953150366843,2.121703627649442,2.6077673538588897,0.08532460821847347,0.10244139986149997,-8.278220768893695,-7.877466158339881,0.6891157068387779,0.4667694587286433,2.7080502011022096,2.7080502011022096,0,0,0,0,1,0,0,0,0,0,0.0
11257_2010,0.029478364754407568,0.03449449233716475,0.3563644298205381,0.3865981800766283,0.0692953150366843,0.07570306513409962,2.6077673538588897,2.3589651026742686,0.10244139986149997,0.14767007820657513,-7.877466158339881,-7.914390197758124,0.4667694587286433,0.008631836058069942,2.7080502011022096,2.7080502011022096,0,0,0,0,1,0,0,0,0,0,0.0
11270_2008,0.06094629878326425,0.02720818227208697,0.12612898205732662,0.10662793550678512,0.002501484175518885,0.004242297377754061,2.555832018448841,3.012263085030497,0.20510882128906235,0.08329765644617956,-11.294578339729256,-10.992106707529187,-0.19159906593360604,0.2846945672034649,2.7080502011022096,2.7080502011022096,0,0,0,0,0,0,0,0,0,0,0.0
11270_2009,0.02720818227208697,0.07399535074675026,0.10662793550678512,0.18419198971836728,0.004242297377754061,0.003075702090790881,3.012263085030497,2.7867963197875794,0.08329765644617956,0.12918005936290555,-10.992106707529187,-10.869633349593403,0.2846945672034649,-0.039327101791075125,2.7080502011022096,2.7080502011022096,0,0,0,0,0,0,0,0,0,0,0.0
11270_2010,0.07399535074675026,-0.010834685228742504,0.18419198971836728,0.2001510999345414,0.003075702090790881,0.0028832426388337644,2.7867963197875794,2.352694780030221,0.12918005936290555,0.1427592013526629,-10.869633349593403,-10.738882466203203,-0.039327101791075125,-0.05060783970843349,2.7080502011022096,2.7080502011022096,0,0,0,0,0,0,0,0,0,0,0.0
11276_2008,0.012974368512601598,0.010020900884290342,0.4293718175377924,0.5701622951504475,0.016019037191529296,0.011454145534110505,2.6297029780416628,1.6773647178810571,0.06563796434882188,0.08164362238360537,-8.680970179329233,-9.062392518149688,0.11529302068295412,-0.5425417451524331,2.7080502011022096,2.7080502011022096,0,0,0,0,0,0,0,0,0,1,0.0
11276_2009,0.010020900884290342,0.01615468048741602,0.5701622951504475,0.5621943358388123,0.011454145534110505,0.005650338235524932,1.6773647178810571,1.5916959070181849,0.08164362238360537,0.10415060350895576,-9.062392518149688,-8.508592581042153,-0.5425417451524331,0.3777949185594497,2.7080502011022096,2.7080502011022096,0,0,0,0,0,0,0,0,0,1,0.0
11276_2010,0.01615468048741602,0.012812254200454858,0.5621943358388123,0.5139072061986846,0.005650338235524932,0.005643360240151352,1.5916959070181849,1.8772784225192305,0.10415060350895576,0.10099582924772688,-8.508592581042153,-8.445231186998424,0.3777949185594497,0.0315654146401772,2.7080502011022096,2.7080502011022096,0,0,0,0,0,0,0,0,0,1,0.0
11282_2008,0.030417844151436217,0.026837607955176944,0.159928871311675,0.14437064011454198,0.04974950010698817,0.05947750021247801,1.106771238373721,1.2042332122117767,0.04811296877042006,0.07859432001322632,-12.651693191087576,-12.32440565229293,-0.1723461766390528,0.33455739794408884,1.6428726885203375,1.9810014688665836,0,0,0,0,1,0,0,0,0,0,0.0
11282_2009,0.026837607955176944,0.01367265917719115,0.14437064011454198,0.13826127800608606,0.05947750021247801,0.09532106721150613,1.2042332122117767,1.2474028942176008,0.07859432001322632,0.11069314462762626,-12.32440565229293,-12.668238283999464,0.33455739794408884,-0.4156167207653079,1.9810014688665836,1.1410330045520618,0,0,0,0,1,0,0,0,0,0,0.0
11282_2010,0.01367265917719115,-0.4136385733639659,0.13826127800608606,0.16161072765544762,0.09532106721150613,0.04794772390205142,1.2474028942176008,1.2393078993052071,0.11069314462762626,0.2581743912405953,-12.668238283999464,-12.340862223109346,-0.4156167207653079,-0.07634706247818351,1.1410330045520618,1.6789639750827108,0,0,0,0,1,0,0,0,0,0,0.0
11300_2008,-0.03700358012312774,0.03578575556260938,0.06894644239141025,0.049502109483509915,0.029132851894591437,0.02596432251680855,6.469167492772986,5.7943762106498395,0.057770145452130474,0.2365698863533443,-6.052426683689318,-5.703531753088785,-0.04046172561058462,-0.35198012545522045,2.7080502011022096,2.7080502011022096,0,0,0,0,1,0,0,0,0,0,0.0
11300_2009,0.03578575556260938,0.040876099645226885,0.049502109483509915,0.054329485365797035,0.02596432251680855,0.03638247129913181,5.7943762106498395,5.545631896492015,0.2365698863533443,0.06988762963327236,-5.703531753088785,-5.128447973800531,-0.35198012545522045,0.5328927418752256,2.7080502011022096,2.7080502011022096,0,0,0,0,1,0,0,0,0,0,0.0
11300_2010,0.040876099645226885,0.0625687921585888,0.054329485365797035,0.07580645524642073,0.03638247129913181,0.03933405205983776,5.545631896492015,4.045508317819778,0.06988762963327236,0.06960565159125798,-5.128447973800531,-5.541245853255728,0.5328927418752256,-0.45654208958388703,2.7080502011022096,2.7080502011022096,0,0,0,0,1,0,0,0,0,0,0.0
11304_2008,-0.08283202221193893,-0.02290464879538514,0.2625768493422357,0.2896844248388192,0.014874066239174984,0.049202578893790296,1.4315965092402467,1.7851097305663692,0.1455592518449751,0.1817388213862194,-13.028740807295751,-12.915677520610785,-0.5429665427640955,-0.1742745167779551,1.396244691973059,1.5085119938441398,0,0,0,0,1,0,0,0,0,0,0.0
11304_2009,-0.02290464879538514,-0.07102419446070306,0.2896844248388192,0.4576486269803405,0.049202578893790296,0.04608702923107949,1.7851097305663692,1.1728479103467937,0.1817388213862194,0.21274136825211007,-12.915677520610785,-14.17866898559556,-0.1742745167779551,-1.3143958278007413,1.5085119938441398,-0.2484613592984996,0,0,0,0,1,0,0,0,0,0,0.0
11304_2010,-0.07102419446070306,0.09981857635800932,0.4576486269803405,0.5043932979972253,0.04608702923107949,0.13130091423286258,1.1728479103467937,0.6946376486425847,0.21274136825211007,0.3445867365571066,-14.17866898559556,-13.522918806538165,-1.3143958278007413,0.23182918600401406,-0.2484613592984996,0.6418538861723947,0,0,0,0,1,0,0,0,0,0,0.0
11316_2008,-0.04347662093362182,-0.007673806562942812,0.2254925879082429,0.24943496721297734,0.1113913695730798,0.15941485084336815,3.5502589188763167,3.1077437689326253,0.12983201822558868,0.11910524447186395,-8.598767774427692,-8.739805986836423,-0.4747780751312322,-0.17453775132793084,2.7080502011022096,2.7080502011022096,0,0,0,0,1,0,0,0,0,0,0.0
11316_2009,-0.007673806562942812,0.053384973597907726,0.24943496721297734,0.4244373547588285,0.15941485084336815,0.1151640662695912,3.1077437689326253,737.3049,0.11910524447186395,0.2127028003730666,-8.739805986836423,-9.273259111448533,-0.17453775132793084,-0.4618491124941346,2.7080502011022096,1.8213182714695997,0,0,0,0,1,0,0,0,0,0,0.0
11316_2010,0.053384973597907726,0.12047321849735862,0.4244373547588285,0.4791767320391303,0.1151640662695912,0.1926116873631686,737.3049,819.9278,0.2127028003730666,0.12219603208726662,-9.273259111448533,-9.401609425496725,-0.4618491124941346,-0.23040669082545334,1.8213182714695997,1.925707441737794,0,0,0,0,1,0,0,0,0,0,0.0
11324_2008,0.03291008206688211,0.024988018311325588,0.2817073264489178,0.39617247021104296,0.011928974735621928,0.014961961581472729,2.2928997350216704,3.8847245701891486,0.060499569281402175,0.09730935176536444,-8.204073195674836,-8.585426686711852,-0.0625135236341442,-0.3757521537988122,2.7080502011022096,2.7080502011022096,1,0,0,0,0,0,0,0,0,0,0.0
11324_2009,0.024988018311325588,-0.0033426067671533995,0.39617247021104296,0.5273345501648611,0.014961961581472729,0.025974201208981,3.8847245701891486,2.816945888865252,0.09730935176536444,0.20322154718987465,-8.585426686711852,-8.304315776541577,-0.3757521537988122,0.14743868589203168,2.7080502011022096,2.7080502011022096,1,0,0,0,0,0,0,0,0,0,0.0
11324_2010,-0.0033426067671533995,0.03422723040753402,0.5273345501648611,0.3651797655222611,0.025974201208981,0.015986103699800622,2.816945888865252,3.5085928929550247,0.20322154718987465,0.08990834138084165,-8.304315776541577,-8.249995083471417,0.14743868589203168,-0.09780445317643667,2.7080502011022096,2.7080502011022096,1,0,0,0,0,0,0,0,0,0,0.0
11344_2008,0.032664153320322235,0.03465344901696567,0.2548805557859991,0.2305367080303093,0.01173904970096495,0.04279385579531684,2.478711825736776,2.563173272551145,0.04986441476517312,0.04864521847832155,-7.974465694275098,-7.749570935475847,0.11418907781883846,0.16913401488197385,2.7080502011022096,2.7080502011022096,0,1,0,0,0,0,0,0,0,0,0.0
11344_2009,0.03465344901696567,0.04887175607034749,0.2305367080303093,0.3356537758764106,0.04279385579531684,0.03037378403117012,2.563173272551145,1.7761365010772816,0.04864521847832155,0.08052939140853695,-7.749570935475847,-7.6089662535993,0.16913401488197385,0.16697295897331227,2.7080502011022096,2.7080502011022096,0,1,0,0,0,0,0,0,0,0,0.0
11344_2010,0.04887175607034749,0.035171137018279286,0.3356537758764106,0.2799589080409169,0.03037378403117012,0.02463026731582708,1.7761365010772816,1.836507633991609,0.08052939140853695,0.04403701201968021,-7.6089662535993,-7.614091937559987,0.16697295897331227,-0.05534299079479227,2.7080502011022096,2.7080502011022096,0,1,0,0,0,0,0,0,0,0,0.0
11358_2008,0.028763208936941558,-0.008295388762188615,0.3536127180802651,0.4285147043723596,0.01076849201580078,0.057874805317594986,1.1870225441965268,1.3103637307084828,0.05272936524093573,0.08244807891329378,-9.070331945062772,-9.212381379888301,0.07117087750036616,-0.030066401895785883,2.7080502011022096,2.7080502011022096,0,0,0,0,0,0,0,1,0,0,0.0
11358_2009,-0.008295388762188615,-0.009302860545046143,0.4285147043723596,0.5359228333572735,0.057874805317594986,0.09341893526354028,1.3103637307084828,0.9171103590761324,0.08244807891329378,0.11159158709897432,-9.212381379888301,-9.701148439687989,-0.030066401895785883,-0.5054669861686023,2.7080502011022096,2.60859812213055,0,0,0,0,0,0,0,1,0,0,0.0
11358_2010,-0.009302860545046143,0.03265344894633257,0.5359228333572735,0.4481845933810353,0.09341893526354028,0.14208033668092301,0.9171103590761324,1.1257211939699978,0.11159158709897432,0.14144160513589776,-9.701148439687989,-9.166239829509749,-0.5054669861686023,0.7100557944301816,2.60859812213055,2.7080502011022096,0,0,0,0,0,0,0,1,0,0,0.0
11371_2008,0.00991049232693636,0.011015681110587363,0.8019410906930671,0.8396851496130172,0.04173151318890373,0.031988969504994566,1.6155907686807451,1.280391808473954,0.03972401955873557,0.10931258001368292,-10.205772167576137,-10.45061172347738,0.13088769317778562,-0.16889851572984266,2.7080502011022096,2.7080502011022096,0,0,0,0,0,1,0,0,0,0,0.0
11371_2009,0.011015681110587363,0.009700031736871572,0.8396851496130172,0.789439407169024,0.031988969504994566,0.03008736881910328,1.280391808473954,1.723695651323656,0.10931258001368292,0.10296251986143602,-10.45061172347738,-9.589023388942863,-0.16889851572984266,0.7396963348477483,2.7080502011022096,2.7080502011022096,0,0,0,0,0,1,0,0,0,0,0.0
11371_2010,0.009700031736871572,0.008695097748283502,0.789439407169024,0.8466388357202882,0.03008736881910328,0.040546633852878176,1.723695651323656,1.2684967933330855,0.10296251986143602,0.0906968643926814,-9.589023388942863,-10.11754379397466,0.7396963348477483,-0.37935652507699263,2.7080502011022096,2.7080502011022096,0,0,0,0,0,1,0,0,0,0,0.0
11403_2008,0.010066709063669205,0.009080943653816415,0.8427618801813493,0.8668966746565185,0.024973434698443882,0.029401197039714864,1.9383923193161936,1.7102119908629412,0.037813166638528566,0.10738949545211696,-9.586469004897339,-9.766733306028438,-0.007955298003669994,-0.10017457348889372,2.7080502011022096,2.7080502011022096,0,0,0,0,0,1,0,0,0,0,0.0
11403_2009,0.009080943653816415,0.010033345101059734,0.8668966746565185,0.8432464908137799,0.029401197039714864,0.01898173471418077,1.7102119908629412,1.899984844533929,0.10738949545211696,0.11939073242932645,-9.766733306028438,-9.060989384409048,-0.10017457348889372,0.6339155862314588,2.7080502011022096,2.7080502011022096,0,0,0,0,0,1,0,0,0,0,0.0
11403_2010,0.010033345101059734,0.009190317821443562,0.8432464908137799,0.8762356927517246,0.01898173471418077,0.033071255576304984,1.899984844533929,1.3350206074320177,0.11939073242932645,0.08857288537455024,-9.060989384409048,-9.559142035695107,0.6339155862314588,-0.4111461694104723,2.7080502011022096,2.7080502011022096,0,0,0,0,0,1,0,0,0,0,0.0
11415_2008,0.03452129965020858,0.0003990175048979399,0.4992865986544434,0.5408026750133529,0.019789880966585287,0.02284090203037207,1.1163210848909124,1.1112639255616747,0.11555166583825002,0.06458869039166419,-11.16394670655474,-11.309866393092769,-0.6210766703298954,-0.05581428234092671,2.7080502011022096,2.7080502011022096,0,1,0,0,0,0,0,0,0,0,0.0
11415_2009,0.0003990175048979399,0.009542254409266076,0.5408026750133529,0.5637071597601309,0.02284090203037207,0.004682998103400962,1.1112639255616747,0.9803023465565311,0.06458869039166419,0.12913968898470826,-11.309866393092769,-10.909453990994294,-0.05581428234092671,0.4978336414759317,2.7080502011022096,2.6239436918052106,0,1,0,0,0,0,0,0,0,0,0.0
11415_2010,0.009542254409266076,-0.02231470354588319,0.5637071597601309,0.5912261582923051,0.004682998103400962,0.0024780296399705875,0.9803023465565311,0.9415194145746898,0.12913968898470826,0.06947660221718309,-10.909453990994294,-11.231932607818,0.4978336414759317,-0.4379847810462281,2.6239436918052106,2.5273273656719524,0,1,0,0,0,0,0,0,0,0,0.0
11432_2008,-0.08640104622419494,-0.18660998937300746,0.05691215209648391,0.0974774875552324,0.25502626732250233,0.2718720286369484,2.9707001908487127,2.7634927539706733,0.1725122591961805,0.08976340641293525,-11.027543232451332,-11.573629988718618,-0.4224550912756656,-0.6517798682988687,0.9745596399981308,0.4054651081081644,0,0,0,0,1,0,0,0,0,0,0.0
11432_2009,-0.18660998937300746,-0.19580928941295586,0.0974774875552324,0.13073923779313834,0.2718720286369484,0.230397529142174,2.7634927539706733,3.968149483908795,0.08976340641293525,0.1812878088242076,-11.573629988718618,-11.015467613608742,-0.6517798682988687,0.43502031337250574,0.4054651081081644,0.3074846997479607,0,0,0,0,1,0,0,0,0,0,0.0
11432_2010,-0.19580928941295586,-0.15914872567955904,0.13073923779313834,0.12186719743722615,0.230397529142174,0.2285709238234324,3.968149483908795,3.5205252422233557,0.1812878088242076,0.2915110960879377,-11.015467613608742,-11.10606763178224,0.43502031337250574,-1.0514010884207563,0.3074846997479607,0.23111172096338664,0,0,0,0,1,0,0,0,0,0,0.0
11439_2008,0.04438076020397812,0.03592097469996551,0.10745134598100242,0.19622713673653155,0.1347338010752249,0.16567805536195165,2.500469485370216,1.6202480069909448,0.14674303678503944,0.14763800774139912,-9.794485993801992,-10.365004381130523,-0.16382561382042368,-0.4570527648373969,2.7080502011022096,2.4379897300002487,0,0,1,0,0,0,0,0,0,0,0.0
11439_2009,0.03592097469996551,-0.05594912535061452,0.19622713673653155,0.3945795609726985,0.16567805536195165,0.3458445816672927,1.6202480069909448,0.7111777191194766,0.14763800774139912,0.3027679221021957,-10.365004381130523,-10.583961328069648,-0.4570527648373969,-0.4041268447159794,2.4379897300002487,1.7227665977411035,0,0,1,0,0,0,0,0,0,0,0.0
11439_2010,-0.05594912535061452,0.0004891362225805094,0.3945795609726985,0.22774863599101475,0.3458445816672927,0.3074871276682691,0.7111777191194766,1.251624292644324,0.3027679221021957,0.2005556935887,-10.583961328069648,-10.496613717356704,-0.4041268447159794,0.37824520120199545,1.7227665977411035,2.030776369698555,0,0,1,0,0,0,0,0,0,0,0.0
11440_2008,0.04180892182187835,0.044243928034171286,0.030962390544861818,0.055000576077835886,0.19049943575878306,0.1833537852147946,2.27111167016188,2.0385658537162317,0.05808852503356211,0.09565266338538687,-9.970112128216217,-10.169853242175826,0.016076088815074885,-0.10820563438298636,2.7080502011022096,2.7080502011022096,0,0,0,0,1,0,0,0,0,0,0.0
11440_2009,0.044243928034171286,0.046857979634326495,0.055000576077835886,0.05862646727664315,0.1833537852147946,0.21556406112517387,2.0385658537162317,1.7652923597675805,0.09565266338538687,0.12058089754480095,-10.169853242175826,-9.685565493460901,-0.10820563438298636,0.5749092691009021,2.7080502011022096,2.7080502011022096,0,0,0,0,1,0,0,0,0,0,0.0
11440_2010,0.046857979634326495,0.047169074053155034,0.05862646727664315,0.07841323497754599,0.21556406112517387,0.19206340410204165,1.7652923597675805,1.7867924610169268,0.12058089754480095,0.08078198046801026,-9.685565493460901,-9.859173937515004,0.5749092691009021,-0.1190834411981983,2.7080502011022096,2.7080502011022096,0,0,0,0,1,0,0,0,0,0,0.0
11446_2008,0.047801184622232665,0.07802746587464396,0.4680287493977178,0.438558330038648,0.006658124387735851,0.009891673130741041,1.3172823480843798,1.0717841258536025,0.04476938997826123,0.08100771666063962,-7.828355710079322,-7.8362913219237935,-0.2325330811825567,-0.11934044882351195,2.7080502011022096,2.7080502011022096,0,0,1,0,0,0,0,0,0,0,0.0
11446_2009,0.07802746587464396,-0.23397451366582606,0.438558330038648,0.5282652215613628,0.009891673130741041,0.01500524097981549,1.0717841258536025,0.93858522655019,0.08100771666063962,0.209306390162918,-7.8362913219237935,-7.8901809424578975,-0.11934044882351195,-0.20031870896602935,2.7080502011022096,2.7080502011022096,0,0,1,0,0,0,0,0,0,0,0.0
11446_2010,-0.23397451366582606,-0.000856942175991706,0.5282652215613628,0.4919998159888486,0.01500524097981549,0.082820290046954,0.93858522655019,1.0165632748736193,0.209306390162918,0.25604888534044884,-7.8901809424578975,-8.021641050104577,-0.20031870896602935,0.09696923827457438,2.7080502011022096,2.7080502011022096,0,0,1,0,0,0,0,0,0,0,0.0
11454_2008,0.03687113016389307,0.04062017974376952,0.4026235880602011,0.5120543055644081,0.012509883422455886,0.04783861304098413,2.1044876225169764,1.3614884536215217,0.10892878570008704,0.08283253949747503,-9.423011158093257,-10.039851223622449,-0.08453252807680611,-0.6985869333494541,2.7080502011022096,2.7080502011022096,0,1,0,0,0,0,0,0,0,0,0.0
11454_2009,0.04062017974376952,0.07017122790174765,0.5120543055644081,0.6733007644990752,0.04783861304098413,0.06301808781024333,1.3614884536215217,0.6139542990603006,0.08283253949747503,0.2102481467914008,-10.039851223622449,-10.104629174595846,-0.6985869333494541,-0.14587515873289086,2.7080502011022096,2.7080502011022096,0,1,0,0,0,0,0,0,0,0,0.0
11454_2010,0.07017122790174765,-1.4404259701071174,0.6733007644990752,0.6582851818340997,0.06301808781024333,0.19077789836543305,0.6139542990603006,2.838943229658472,0.2102481467914008,0.4565368359047383,-10.104629174595846,-11.013044421122697,-0.14587515873289086,-2.1535118269353037,2.7080502011022096,0.5933268452777344,0,1,0,0,0,0,0,0,0,0,0.0
11455_2008,-0.19456104729119572,0.3386063176286499,0.4306612886454063,0.4056198475055153,0.886935677187375,0.9693186404878936,1.0250889558733542,0.9552078862696696,0.4522403658259833,0.2418565338950232,-12.665928878482992,-13.212791127168796,-0.6145900487759448,-0.5145486617678569,0.4574248470388755,-0.2744368457017603,0,0,0,0,0,0,1,0,0,0,0.0
11455_2009,0.3386063176286499,-0.7745191252834052,0.4056198475055153,0.4502791389356152,0.9693186404878936,0.8952558570418585,0.9552078862696696,0.6294225524704884,0.2418565338950232,0.2302854508526921,-13.212791127168796,-14.335883440790226,-0.5145486617678569,-1.105851075907684,-0.2744368457017603,-1.8971199848858813,0,0,0,0,0,0,1,0,0,0,0.0
11455_2010,-0.7745191252834052,-0.6294542961727007,0.4502791389356152,0.6780231009015302,0.8952558570418585,0.6282255248147143,0.6294225524704884,0.9608488727115524,0.2302854508526921,0.7435229815920479,-14.335883440790226,-13.905721129030127,-1.105851075907684,2.2821424547608267,-1.8971199848858813,1.0647107369924282,0,0,0,0,0,0,1,0,0,0,0.0
11469_2008,-0.008371346544141421,-0.028006836812329846,0.062292323214223115,0.08552850515858082,0.4104297083468051,0.3985890637488749,1.5947894631188622,1.4748632150554282,0.12476893361636697,0.07154595687645561,-10.875775311188779,-10.943893648019992,-0.39271312207692793,-0.2170634206298056,1.2725655957915476,1.1505720275988207,0,0,0,0,0,0,1,0,0,0,0.0
11469_2009,-0.028006836812329846,0.01641599372307247,0.08552850515858082,0.11606094866161408,0.3985890637488749,0.6349104579275094,1.4748632150554282,1.004964475997599,0.07154595687645561,0.12497994715218312,-10.943893648019992,-10.951701869553244,-0.2170634206298056,-0.08175770892078021,1.1505720275988207,0.7129498078561249,0,0,0,0,0,0,1,0,0,0,0.0
11469_2010,0.01641599372307247,0.06539086707220237,0.11606094866161408,0.06363863533097841,0.6349104579275094,0.385238742415544,1.004964475997599,1.618590379921215,0.12497994715218312,0.18842477940022093,-10.951701869553244,-10.48171977859039,-0.08175770892078021,0.676190384636412,0.7129498078561249,1.430311246536665,0,0,0,0,0,0,1,0,0,0,0.0
11470_2008,0.05588757920510352,0.08389257054296508,0.12908968151847502,0.25133938222191365,0.06759321997430168,0.05669271194525888,2.5444811543886807,1.5160066808287742,0.08739716550423964,0.13344173891487562,-8.746649678405191,-9.11719472235383,0.008025848259759159,-0.4816762064229119,2.7080502011022096,2.7080502011022096,0,0,1,0,0,0,0,0,0,0,0.0
11470_2009,0.08389257054296508,0.061913243809333225,0.25133938222191365,0.3636072092671639,0.05669271194525888,0.1099853360601086,1.5160066808287742,0.7390415947397616,0.13344173891487562,0.2046759682988919,-9.11719472235383,-9.324091308972278,-0.4816762064229119,-0.21243272331653013,2.7080502011022096,2.6056482674841286,0,0,1,0,0,0,0,0,0,0,0.0
11470_2010,0.061913243809333225,0.0328372817011311,0.3636072092671639,0.23794690358460915,0.1099853360601086,0.13422531131847154,0.7390415947397616,1.1507889695915674,0.2046759682988919,0.157294017710448,-9.324091308972278,-9.10683629324377,-0.21243272331653013,0.2953733118327424,2.6056482674841286,2.7080502011022096,0,0,1,0,0,0,0,0,0,0,0.0
11473_2008,-0.011925878076768587,0.027451314931359792,0.4816106910847888,0.3058988183540807,0.07370523415395809,0.06491127006099855,1.7345936860508042,2.5300576512819326,0.07437286729666948,0.08499285845875577,-8.414406181807895,-7.633761463369836,0.4360916363319083,0.6767674973435907,2.7080502011022096,2.7080502011022096,0,1,0,0,0,0,0,0,0,0,0.0
11473_2009,0.027451314931359792,0.07745333436604446,0.3058988183540807,0.5804740144063203,0.06491127006099855,0.1057238014096507,2.5300576512819326,1.0953709882909664,0.08499285845875577,0.1543268332420092,-7.633761463369836,-8.196424739335619,0.6767674973435907,-0.516976402046639,2.7080502011022096,2.7080502011022096,0,1,0,0,0,0,0,0,0,0,0.0
11473_2010,0.07745333436604446,0.024011909057539818,0.5804740144063203,0.4709306909781613,0.1057238014096507,0.11549427444256627,1.0953709882909664,1.2189617850430157,0.1543268332420092,0.12595151004588584,-8.196424739335619,-8.107831243642218,-0.516976402046639,0.1218411748141398,2.7080502011022096,2.7080502011022096,0,1,0,0,0,0,0,0,0,0,0.0
11479_2008,0.009569522483826802,0.00849115081262342,0.8321169896967024,0.8772671189747258,0.03464467013582583,0.02724534301289762,1.7302998319724463,1.1123940641949341,0.13343578957687754,0.10126838028262101,-10.194261436504735,-10.262016849670069,-0.20499012813874729,-0.2917017748357016,2.7080502011022096,2.7080502011022096,0,0,0,0,0,1,0,0,0,0,0.0
11479_2009,0.00849115081262342,0.006545835956212679,0.8772671189747258,0.902354590426674,0.02724534301289762,0.027322578371362705,1.1123940641949341,0.9055439161844132,0.10126838028262101,0.1623092013673497,-10.262016849670069,-9.993528825996382,-0.2917017748357016,0.2120888773481336,2.7080502011022096,2.7080502011022096,0,0,0,0,0,1,0,0,0,0,0.0
11479_2010,0.006545835956212679,0.005264253411004809,0.902354590426674,0.9184894122781448,0.027322578371362705,0.04223228678792928,0.9055439161844132,0.7208177088052199,0.1623092013673497,0.12658733715079626,-9.993528825996382,-10.452288867425757,0.2120888773481336,-0.18065777968437194,2.7080502011022096,2.6100697927420065,0,0,0,0,0,1,0,0,0,0,0.0
11480_2008,0.013750793778595977,0.01492318879710391,0.7733125081098772,0.8196295113181957,0.015463713267590119,0.019902989703945988,2.2369052079935687,1.825819823422813,0.03145017077113753,0.06800747764047542,-9.580313948233202,-9.850225924942006,-0.16383858524139575,-0.2432905501398776,2.7080502011022096,2.7080502011022096,0,0,0,0,0,1,0,0,0,0,0.0
11480_2009,0.01492318879710391,0.012111706618385884,0.8196295113181957,0.8026470606282424,0.019902989703945988,0.014038418149111621,1.825819823422813,1.9544311438984263,0.06800747764047542,0.08968880270217641,-9.850225924942006,-8.987717215136541,-0.2432905501398776,0.5522086131591897,2.7080502011022096,2.7080502011022096,0,0,0,0,0,1,0,0,0,0,0.0
11480_2010,0.012111706618385884,0.0019444217216190176,0.8026470606282424,0.8845778696146751,0.014038418149111621,0.016911162230335598,1.9544311438984263,1.048019560749136,0.08968880270217641,0.15038520115951706,-8.987717215136541,-9.953896556057618,0.5522086131591897,-0.6988241878876351,2.7080502011022096,2.7080502011022096,0,0,0,0,0,1,0,0,0,0,0.0
11482_2008,0.04747493154790677,-0.009614770324786094,0.2454186805989126,0.4326646646153742,0.0362613159377774,0.032144745379444895,1.855547117637732,1.0370513517918576,0.111133919047371,0.1189605763587896,-10.000418162927232,-11.084735953024971,-0.3284762145745795,-1.0643612810170089,2.5847519847577165,1.556037135706985,0,0,1,0,0,0,0,0,0,0,0.0
11482_2009,-0.009614770324786094,-0.2274735003469481,0.4326646646153742,0.8407787588033084,0.032144745379444895,0.2836296349468412,1.0370513517918576,0.2889741655966869,0.1189605763587896,0.22890662877264614,-11.084735953024971,-12.008050955997698,-1.0643612810170089,-1.312311408077829,1.556037135706985,0.12221763272424913,0,0,1,0,0,0,0,0,0,0,0.0
11482_2010,-0.2274735003469481,0.04467456025346881,0.8407787588033084,0.3575861587579057,0.2836296349468412,0.15359073224322325,0.2889741655966869,1.4855489945171911,0.22890662877264614,0.2942271303619295,-12.008050955997698,-9.98827994199594,-1.312311408077829,1.9127986550666565,0.12221763272424913,2.3664984187376983,0,0,1,0,0,0,0,0,0,0,0.0
11486_2008,-0.005450675335732807,0.007619752137132752,0.3635202600719841,0.3138242992700725,0.02568288246449166,0.02884292938341908,1.887734546368642,2.0185204104290304,0.0684440882747727,0.06386164746427092,-9.642201351637311,-9.474870731477695,0.04788705679956565,0.12336309967529042,2.7080502011022096,2.7080502011022096,0,0,0,0,1,0,0,0,0,0,0.0
11486_2009,0.007619752137132752,-0.3678386977885,0.3138242992700725,0.5780285607144523,0.02884292938341908,0.04118820039816976,2.0185204104290304,1.2600769534655494,0.06386164746427092,0.1710759711971671,-9.474870731477695,-10.307195042690843,0.12336309967529042,-0.8514810913846611,2.7080502011022096,2.7080502011022096,0,0,0,0,1,0,0,0,0,0,0.0
11486_2010,-0.3678386977885,0.027796263565188842,0.5780285607144523,0.3977755265439438,0.04118820039816976,0.028348281548708037,1.2600769534655494,1.9690914038433376,0.1710759711971671,0.12628528957341947,-10.307195042690843,-9.837567509531949,-0.8514810913846611,0.364944979813938,2.7080502011022096,2.7080502011022096,0,0,0,0,1,0,0,0,0,0,0.0
11506_2008,0.052121037983653036,0.05559578971260301,0.07633151546645925,0.0829995113286202,0.14167408366826753,0.1235369227652446,2.768711170781778,2.8957682028091027,0.08680168945900339,0.15337887478836504,-9.471815993686903,-9.470805734476592,0.2613835436111442,-0.034391354934801346,2.7080502011022096,2.7080502011022096,0,0,1,0,0,0,0,0,0,0,0.0
11506_2009,0.05559578971260301,0.095001055021342,0.0829995113286202,0.11657371651126144,0.1235369227652446,0.16524846139308855,2.8957682028091027,2.4236987956219385,0.15337887478836504,0.26377327639101056,-9.470805734476592,-8.96246885959391,-0.034391354934801346,-0.22482754576253056,2.7080502011022096,2.7080502011022096,0,0,1,0,0,0,0,0,0,0,0.0
11506_2010,0.095001055021342,0.08256544843883312,0.11657371651126144,0.08732663204793484,0.16524846139308855,0.10249224386262287,2.4236987956219385,3.0621045818322825,0.26377327639101056,0.1526445809455515,-8.96246885959391,-8.898887035712498,-0.22482754576253056,0.02856876873944658,2.7080502011022096,2.7080502011022096,0,0,1,0,0,0,0,0,0,0,0.0
11508_2008,0.006031538588041731,0.006197851533533397,0.8985988479277881,0.9265604945098204,0.03642815036566203,0.025271121673804416,1.5643163244774154,1.1497931722475283,0.01702918976784195,0.044577236665528035,-11.667365091488636,-11.985482115905047,-0.13424678078048996,-0.2883323531294474,2.7080502011022096,2.7080502011022096,0,0,0,0,0,1,0,0,0,0,0.0
11508_2009,0.006197851533533397,0.006295652287497673,0.9265604945098204,0.9372658788192636,0.025271121673804416,0.017411440212529394,1.1497931722475283,1.0065796132095268,0.044577236665528035,0.059128201079367136,-11.985482115905047,-11.585784331970608,-0.2883323531294474,0.2984894689032688,2.7080502011022096,2.7080502011022096,0,0,0,0,0,1,0,0,0,0,0.0
11508_2010,0.006295652287497673,-0.017290770504921442,0.9372658788192636,0.9707499845106584,0.017411440212529394,0.05817035558535837,1.0065796132095268,0.7398294897133024,0.059128201079367136,0.15679812905961354,-11.585784331970608,-12.534615057655673,0.2984894689032688,-0.8038144981445483,2.7080502011022096,2.3804716316511167,0,0,0,0,0,1,0,0,0,0,0.0
11512_2008,0.06705520528250912,0.06337600669705666,0.2865167956966783,0.3914233777108508,0.11189369915182268,0.1931426324290872,1.4646111237966162,0.8748711369276294,0.08414499787827381,0.09168918496742197,-9.562823390895645,-10.068228589508696,-0.27828383132589185,-0.5720157487169296,2.7080502011022096,2.7080502011022096,0,1,0,0,0,0,0,0,0,0,0.0
11512_2009,0.06337600669705666,0.026491687833314532,0.3914233777108508,0.3156623385163237,0.1931426324290872,0.1986649526268532,0.8748711369276294,1.1816978505616509,0.09168918496742197,0.1534072150098801,-10.068228589508696,-9.251567915435578,-0.5720157487169296,0.3978726081445985,2.7080502011022096,2.7080502011022096,0,1,0,0,0,0,0,0,0,0,0.0
11512_2010,0.026491687833314532,-0.1155808527780878,0.3156623385163237,0.3331708073144842,0.1986649526268532,0.16633686989347846,1.1816978505616509,1.4065060480048859,0.1534072150098801,0.16995680635166655,-9.251567915435578,-9.498006730726765,0.3978726081445985,-0.06699003321208369,2.7080502011022096,2.7080502011022096,0,1,0,0,0,0,0,0,0,0,0.0
11522_2008,-0.03105478930203712,-0.021276618413384345,0.036704646603777334,0.0210209154379606,0.10030899382441764,0.11141724439557676,4.9045761054374415,4.779459630125412,0.1117385861699946,0.10899194058876134,-10.204354551483524,-9.770253365214645,0.016673723295069595,0.4112501185195175,2.7080502011022096,2.7080502011022096,0,0,0,0,0,0,1,0,0,0,0.0
11522_2009,-0.021276618413384345,-0.0530249133981822,0.0210209154379606,0.05406380276726883,0.11141724439557676,0.2145791362202822,4.779459630125412,3.3090624907327126,0.10899194058876134,0.18809301552661065,-9.770253365214645,-10.043066981498873,0.4112501185195175,-0.11693770449599923,2.7080502011022096,2.2460147415056517,0,0,0,0,0,0,1,0,0,0,0.0
11522_2010,-0.0530249133981822,-0.04311554777562253,0.05406380276726883,0.04313026656784049,0.2145791362202822,0.13430687630432156,3.3090624907327126,4.588771151083816,0.18809301552661065,0.20953870600764546,-10.043066981498873,-9.984523827060453,-0.11693770449599923,0.1856815918718016,2.2460147415056517,2.514465452029545,0,0,0,0,0,0,1,0,0,0,0.0
11530_2008,0.11693642446777534,0.08930327579497475,0.2988464880041309,0.3549830589379703,0.08596921259383808,0.11606024090943776,2.1015796435749725,1.8418682850715835,0.10529572212627647,0.09229214536894301,-8.388393774670428,-8.462167164474543,0.12848765787917282,0.013939272711189872,2.7080502011022096,2.7080502011022096,1,0,0,0,0,0,0,0,0,0,0.0
11530_2009,0.08930327579497475,0.06998915500783295,0.3549830589379703,0.5798049331268813,0.11606024090943776,0.13341152061673714,1.8418682850715835,0.8228342386753864,0.09229214536894301,0.18402268136699376,-8.462167164474543,-8.934656301012895,0.013939272711189872,-0.3827852883254209,2.7080502011022096,2.419478844465545,1,0,0,0,0,0,0,0,0,0,0.0
11530_2010,0.06998915500783295,0.0002203381091270165,0.5798049331268813,0.4640275794046446,0.13341152061673714,0.05069209603314077,0.8228342386753864,1.389466416955862,0.18402268136699376,0.18409415889579436,-8.934656301012895,-8.617962373590776,-0.3827852883254209,0.622935334278536,2.419478844465545,2.7080502011022096,1,0,0,0,0,0,0,0,0,0,0.0
11542_2008,0.04127447394057158,0.04567477448798828,0.07912033449630852,0.11079974763354174,0.07507548849546151,0.04169169161320607,2.1944317646055342,2.14038034155826,0.07392877835007253,0.05890748141768305,-11.414401986851486,-11.23378511409052,-0.5226666933535666,0.001999637954923996,2.5055259369907357,2.6651427000909336,0,0,0,0,1,0,0,0,0,0,0.0
11542_2009,0.04567477448798828,0.052410385261386576,0.11079974763354174,0.15939483922207984,0.04169169161320607,0.05298143004282311,2.14038034155826,1.7929230286508862,0.05890748141768305,0.12137321075794165,-11.23378511409052,-10.798258248703904,0.001999637954923996,0.41496765482111664,2.6651427000909336,2.5900171341906173,0,0,0,0,1,0,0,0,0,0,0.0
11542_2010,0.052410385261386576,0.05452428292945576,0.15939483922207984,0.08898481595795601,0.05298143004282311,0.029789803259409463,1.7929230286508862,2.0005380676229305,0.12137321075794165,0.1187161167336209,-10.798258248703904,-10.829527225610716,0.41496765482111664,0.030955229544455683,2.5900171341906173,2.7080502011022096,0,0,0,0,1,0,0,0,0,0,0.0
11544_2008,-0.059447026094524666,-0.042945044185791335,0.6467214770837543,0.5163702659587937,0.04880095736909998,0.22156199093494935,3.912931212559388,1.2716184456689874,0.0819739056357925,0.1928459455987589,-13.235671637281044,-13.01510547231036,-0.10503104962514707,-0.15705705792256852,0.4054651081081644,0.2851789422336625,0,0,0,0,0,0,1,0,0,0,0.0
11544_2009,-0.042945044185791335,-0.004918522670243081,0.5163702659587937,0.333158420753878,0.22156199093494935,0.11349777022206273,1.2716184456689874,1.9246287125137782,0.1928459455987589,0.19604625225268632,-13.01510547231036,-12.033829544177616,-0.15705705792256852,0.9279954800406034,0.2851789422336625,0.7701545169207294,0,0,0,0,0,0,1,0,0,0,0.0
11544_2010,-0.004918522670243081,0.07894583537697998,0.333158420753878,0.3637972928024175,0.11349777022206273,0.20994593497539168,1.9246287125137782,1.2520567308215051,0.19604625225268632,0.25906295918031275,-12.033829544177616,-12.588748205583627,0.9279954800406034,0.07614386593071026,0.7701545169207294,0.44980092192821614,0,0,0,0,0,0,1,0,0,0,0.0
11547_2008,0.03802064226308045,0.03632204035031695,0.20125787677054224,0.2509921481251113,0.024202148472887285,0.02443326834345239,1.985061814413188,2.0011924392474767,0.04563007697145213,0.0661141681154464,-8.965131653154478,-8.85874723373158,-0.17521510648225158,0.0928713687504604,2.7080502011022096,2.7080502011022096,0,0,0,0,1,0,0,0,0,0,0.0
11547_2009,0.03632204035031695,0.059522894037148825,0.2509921481251113,0.26822489000754274,0.02443326834345239,0.08291313007767635,2.0011924392474767,1.7400196046573966,0.0661141681154464,0.11627674854290725,-8.85874723373158,-8.627350138918787,0.0928713687504604,0.3836283127240868,2.7080502011022096,2.7080502011022096,0,0,0,0,1,0,0,0,0,0,0.0
11547_2010,0.059522894037148825,0.05185371574636382,0.26822489000754274,0.19532197279761668,0.08291313007767635,0.0867697161738935,1.7400196046573966,2.271367500820439,0.11627674854290725,0.08653041225792929,-8.627350138918787,-8.706776566683272,0.3836283127240868,-0.2464747234351625,2.7080502011022096,2.7080502011022096,0,0,0,0,1,0,0,0,0,0,0.0
11558_2008,0.04806774646398399,0.0652905134812437,0.10597684155503127,0.14875364292800913,0.07993943103504576,0.0259956493563187,3.1673684748051114,2.414204678643636,0.05858035808278929,0.05654888470542217,-7.072405291315649,-7.421422931663227,-0.08675481585254646,-0.3784970104573081,2.7080502011022096,2.7080502011022096,0,0,1,0,0,0,0,0,0,0,0.0
11558_2009,0.0652905134812437,0.06251790160097022,0.14875364292800913,0.1865272372789828,0.0259956493563187,0.09855985282867463,2.414204678643636,1.700171921520845,0.05654888470542217,0.137258798743731,-7.421422931663227,-7.081100977574216,-0.3784970104573081,0.1837750407983104,2.7080502011022096,2.7080502011022096,0,0,1,0,0,0,0,0,0,0,0.0
11558_2010,0.06251790160097022,0.04824032277175451,0.1865272372789828,0.12053194765588965,0.09855985282867463,0.1228111775492109,1.700171921520845,2.4966576418023703,0.137258798743731,0.09876438155716244,-7.081100977574216,-6.886354975887438,0.1837750407983104,0.21137074863244976,2.7080502011022096,2.7080502011022096,0,0,1,0,0,0,0,0,0,0,0.0
11559_2008,0.07823042710457656,-0.07171580635395602,0.5241178545665977,0.5939578572557116,0.053022633598245,0.02767978490854443,1.144015350172107,0.7426977844082513,0.08373491797763825,0.10468196187633998,-7.334652803886539,-8.03986804816536,-0.4477931223203119,-0.8083894071388341,2.7080502011022096,2.5779415157551897,0,0,1,0,0,0,0,0,0,0,0.0
11559_2009,-0.07171580635395602,-0.2936757611739858,0.5939578572557116,0.5402492131438815,0.02767978490854443,0.15492243886657747,0.7426977844082513,1.3913900576968925,0.10468196187633998,0.2143420905231964,-8.03986804816536,-8.162577815252737,-0.8083894071388341,-0.4723259781594355,2.5779415157551897,1.955860479908481,0,0,1,0,0,0,0,0,0,0,0.0
11559_2010,-0.2936757611739858,-0.06723252127675655,0.5402492131438815,0.5533706253334655,0.15492243886657747,0.24813029354387045,1.3913900576968925,1.5119494300442078,0.2143420905231964,0.20587609708040566,-8.162577815252737,-7.963739775310192,-0.4723259781594355,0.3042402051944821,1.955860479908481,2.3860067011331183,0,0,1,0,0,0,0,0,0,0,0.0
11576_2008,0.011205974062095262,0.009606539507661363,0.8031188931403228,0.8416534284155571,0.03642264453587726,0.02787976128694224,1.989408532923582,1.4787894911113078,0.07547230985850784,0.07883096190416779,-10.024298791612855,-10.090328641551288,-0.01977832410001283,-0.1544022241724348,2.7080502011022096,2.7080502011022096,0,0,0,0,0,1,0,0,0,0,0.0
11576_2009,0.009606539507661363,0.0020591840124511624,0.8416534284155571,0.9252850889889758,0.02787976128694224,0.030615180533644717,1.4787894911113078,0.6579167005183393,0.07883096190416779,0.20902431989857054,-10.090328641551288,-10.498478730570453,-0.1544022241724348,-0.3476185575806084,2.7080502011022096,2.4790562361098245,0,0,0,0,0,1,0,0,0,0,0.0
11576_2010,0.0020591840124511624,-0.001268575373870071,0.9252850889889758,0.8544951719005951,0.030615180533644717,0.0975326017157354,0.6579167005183393,1.0025558690487844,0.20902431989857054,0.20919978950441004,-10.498478730570453,-9.99024870444109,-0.3476185575806084,0.30102862003087405,2.4790562361098245,2.7080502011022096,0,0,0,0,0,1,0,0,0,0,0.0
11591_2008,-0.19666939901160094,-0.09378271944758956,0.09107184757856696,0.06463761651998294,0.2778851650208854,0.20980186055061056,2.793964359810632,3.6218238684522004,0.14451531434028775,0.11790284949575724,-10.521011389060199,-9.854932664576666,-0.6198733634817535,0.3890010026812997,1.8656293177945105,2.294552921296781,0,1,0,0,0,0,0,0,0,0,0.0
11591_2009,-0.09378271944758956,-0.2369833908295447,0.06463761651998294,0.16540885771654998,0.20980186055061056,0.17375532760148146,3.6218238684522004,4.3703043998404905,0.11790284949575724,0.18104606417641328,-9.854932664576666,-10.289483385855169,0.3890010026812997,-0.3533810927623096,2.294552921296781,1.355835153635182,0,1,0,0,0,0,0,0,0,0,0.0
11591_2010,-0.2369833908295447,-0.2035195239337111,0.16540885771654998,0.16720405889186565,0.17375532760148146,0.19211870836198106,4.3703043998404905,4.990534372835604,0.18104606417641328,0.19226716202008667,-10.289483385855169,-10.35092227153011,-0.3533810927623096,-0.3229442409363137,1.355835153635182,1.324418957401803,0,1,0,0,0,0,0,0,0,0,0.0
11592_2008,0.020186717197396658,0.03004783079961847,0.07833773834404179,0.1359138134305769,0.016229396671202073,0.019597172750882085,5.622641537106513,4.847871886099591,0.07929568277254463,0.06326196080253275,-6.162270090336071,-6.766214513445248,0.005928901846305443,-0.5516401697845991,2.7080502011022096,2.7080502011022096,0,0,1,0,0,0,0,0,0,0,0.0
11592_2009,0.03004783079961847,0.02237543425540689,0.1359138134305769,0.2243500751935156,0.019597172750882085,0.02285769401114942,4.847871886099591,3.278935667337281,0.06326196080253275,0.12687102168508013,-6.766214513445248,-7.029862105842767,-0.5516401697845991,-0.2724132720192141,2.7080502011022096,2.247072383063787,0,0,1,0,0,0,0,0,0,0,0.0
11592_2010,0.02237543425540689,0.02188033728640706,0.2243500751935156,0.14108562417609305,0.02285769401114942,0.037293993517082256,3.278935667337281,3.58832770769494,0.12687102168508013,0.1144938359967938,-7.029862105842767,-6.361895548701284,-0.2724132720192141,0.5964475198221262,2.247072383063787,2.7080502011022096,0,0,1,0,0,0,0,0,0,0,0.0
11600_2008,0.0,0.04023408373690434,0.0,0.22883266929270255,0.0,0.12347389906080306,0.0,1.5727411723757208,0.0,0.0741343204161185,0.0,-10.82516085180774,0.0,-0.019616493458620987,0.0,2.7080502011022096,0,0,0,0,0,0,0,0,0,1,0.0
11600_2009,0.04023408373690434,0.0,0.22883266929270255,0.0,0.12347389906080306,0.0,1.5727411723757208,0.0,0.0741343204161185,0.0,-10.82516085180774,0.0,-0.019616493458620987,0.0,2.7080502011022096,0.0,0,0,0,0,0,0,0,0,0,1,0.0
11600_2010,0.0,0.0,0.0,0.0,0.0,0.0,0.0,0.0,0.0,0.0,0.0,0.0,0.0,0.0,0.0,0.0,0,0,0,0,0,0,0,0,0,1,0.0
11606_2008,0.049558577168802825,0.06935583009617695,0.30639327523377496,0.31494583105391505,0.010259708311516864,0.01274245613487992,2.917323551530948,2.393146775119184,0.12126604116371142,0.06598566303690234,-8.431034349788831,-8.443372380271207,0.08035517398671055,0.10986196525733573,2.7080502011022096,2.7080502011022096,0,0,0,0,0,0,0,0,0,0,0.0
11606_2009,0.06935583009617695,0.14382092699812252,0.31494583105391505,0.5057878736552149,0.01274245613487992,0.01783358501458797,2.393146775119184,1.0172747973345628,0.06598566303690234,0.19529122549703185,-8.443372380271207,-8.757417336937914,0.10986196525733573,-0.5027175751450934,2.7080502011022096,2.7080502011022096,0,0,0,0,0,0,0,0,0,0,0.0
11606_2010,0.14382092699812252,-0.03151485449708439,0.5057878736552149,0.4122867246551323,0.01783358501458797,0.06360226955738604,1.0172747973345628,1.5252646772880198,0.19529122549703185,0.1825854971660497,-8.757417336937914,-8.561120522896141,-0.5027175751450934,0.1473806877101015,2.7080502011022096,2.7080502011022096,0,0,0,0,0,0,0,0,0,0,0.0
11621_2008,0.17461834608141952,0.058222137608502436,0.2230045524256955,0.3004936101411938,0.03731454203956437,0.14915688877200936,1.4821945346621097,1.0379410969906535,0.14035825967604731,0.10624900684749683,-10.120481586565594,-10.456748369715873,-0.3152794567772721,-0.41739557883009415,2.7080502011022096,2.7080502011022096,0,1,0,0,0,0,0,0,0,0,0.0
11621_2009,0.058222137608502436,0.06860107520037755,0.3004936101411938,0.247902907339475,0.14915688877200936,0.3754525064636388,1.0379410969906535,1.1059294691279529,0.10624900684749683,0.1025690072869398,-10.456748369715873,-9.79856535282606,-0.41739557883009415,0.5483263274836401,2.7080502011022096,2.7080502011022096,0,1,0,0,0,0,0,0,0,0,0.0
11621_2010,0.06860107520037755,0.005775699838976156,0.247902907339475,0.2248869441702999,0.3754525064636388,0.36021718283409904,1.1059294691279529,1.2123786227152094,0.1025690072869398,0.08458889352425356,-9.79856535282606,-9.92059198700984,0.5483263274836401,-0.052812044977316515,2.7080502011022096,2.7080502011022096,0,1,0,0,0,0,0,0,0,0,0.0
11649_2008,-0.1309689992336431,0.0,0.4831274012387183,0.0,0.23719488986030224,0.0,1.1644273698174137,0.0,0.0886828636298252,0.0,-10.048717265732238,0.0,-0.2883606710205966,0.0,1.8885836538635947,0.0,0,0,0,0,0,0,1,0,0,0,0.0
11649_2009,0.0,0.0,0.0,0.0,0.0,0.0,0.0,0.0,0.0,0.0,0.0,0.0,0.0,0.0,0.0,0.0,0,0,0,0,0,0,1,0,0,0,0.0
11649_2010,0.0,0.0,0.0,0.0,0.0,0.0,0.0,0.0,0.0,0.0,0.0,0.0,0.0,0.0,0.0,0.0,0,0,0,0,0,0,1,0,0,0,0.0
11679_2008,0.04286341933366506,0.01582851823805484,0.10805181193558974,0.12640031939107402,0.3333262754480875,0.18636208793235506,1.2133963525702351,1.4257925447093982,0.06253788036638894,0.12637598643107614,-12.143429218554587,-11.875012229536159,0.08558930998350278,0.05114204216291575,2.136530508663963,2.3636707849718843,0,0,0,0,0,0,1,0,0,0,0.0
11679_2009,0.01582851823805484,0.010731349561578531,0.12640031939107402,0.1653814212836635,0.18636208793235506,0.2389693590310508,1.4257925447093982,1.2560134779814192,0.12637598643107614,0.22430311027581312,-11.875012229536159,-12.47114074368954,0.05114204216291575,-0.5392328354430438,2.3636707849718843,1.2243634939736698,0,0,0,0,0,0,1,0,0,0,0.0
11679_2010,0.010731349561578531,-0.08772562907364223,0.1653814212836635,0.24038066701342145,0.2389693590310508,0.5946677749545196,1.2560134779814192,0.5739333248217311,0.22430311027581312,0.1388982800940869,-12.47114074368954,-12.727486825344776,-0.5392328354430438,-0.3382450177742499,1.2243634939736698,1.1939224684724346,0,0,0,0,0,0,1,0,0,0,0.0
1167_2008,0.0,0.0,0.0,0.0,0.0,0.0,0.0,0.0,0.0,0.0,0.0,0.0,0.0,0.0,0.0,0.0,0,0,0,0,0,1,0,0,0,0,0.0
1167_2009,0.0,-0.4800136326689837,0.0,0.007913056334713953,0.0,0.05109474357879773,0.0,0.7105043067013216,0.0,0.1776554203547518,0.0,-9.873028782145568,0.0,0.3386559175849865,0.0,2.7080502011022096,0,0,0,0,0,1,0,0,0,0,0.0
1167_2010,-0.4800136326689837,0.0,0.007913056334713953,0.0,0.05109474357879773,0.0,0.7105043067013216,0.0,0.1776554203547518,0.0,-9.873028782145568,0.0,0.3386559175849865,0.0,2.7080502011022096,0.0,0,0,0,0,0,1,0,0,0,0,0.0
11691_2008,0.00906810625827671,0.008545034395216224,0.9030332696467764,0.917920913579264,0.018593331016016526,0.017234345146984208,1.3366028885742374,1.1539723522487957,0.028644452909613226,0.059869237337335374,-11.457927036728673,-11.559011780365367,-0.07348854598852901,-0.12840419374859147,2.7080502011022096,2.7080502011022096,0,0,0,0,0,1,0,0,0,0,0.0
11691_2009,0.008545034395216224,0.005380220439233653,0.917920913579264,0.950022840615685,0.017234345146984208,0.011708393143885205,1.1539723522487957,1.1186766677545283,0.059869237337335374,0.07979491218678776,-11.559011780365367,-11.464635865761368,-0.12840419374859147,0.07908083624465022,2.7080502011022096,2.601207105484161,0,0,0,0,0,1,0,0,0,0,0.0
11691_2010,0.005380220439233653,-0.006740339778837809,0.950022840615685,0.9780575869297884,0.011708393143885205,0.11289711993923933,1.1186766677545283,0.5466946064626349,0.07979491218678776,0.19536453771862008,-11.464635865761368,-12.503590223632195,0.07908083624465022,-1.00226571541988,2.601207105484161,1.791759469228055,0,0,0,0,0,1,0,0,0,0,0.0
11697_2008,-0.052836995474535284,0.1917982340943654,0.1475232325812176,0.18194081005976065,0.09125422682661433,0.2879405441687176,0.9711485917386159,0.6641181606848641,0.1489328094753139,0.2149241792804253,-13.533085185765906,-13.245904203965841,-0.8726904332949351,0.04383193427507728,0.9745596399981308,1.269760544863939,0,0,0,0,1,0,0,0,0,0,0.0
11697_2009,0.1917982340943654,-0.5757541002408533,0.18194081005976065,0.2815307565852353,0.2879405441687176,0.14179760675918493,0.6641181606848641,0.7844111177430597,0.2149241792804253,0.19717778362698704,-13.245904203965841,-13.40915650133144,0.04383193427507728,-0.4536899453191043,1.269760544863939,0.4637340162321402,0,0,0,0,1,0,0,0,0,0,0.0
11697_2010,-0.5757541002408533,-0.4516729142570477,0.2815307565852353,0.4395144995192375,0.14179760675918493,0.0630565348866376,0.7844111177430597,1.2565194775983015,0.19717778362698704,0.17021847806964147,-13.40915650133144,-13.641322684935036,-0.4536899453191043,-0.6784658261971424,0.4637340162321402,0.4511393115993389,0,0,0,0,1,0,0,0,0,0,0.0
116_2008,0.02819408756684625,0.028376630782108364,0.5979274419836829,0.6132579922578868,0.0026598195817779486,0.002824214438029742,1.7271789165946416,1.613321203346189,0.029872381454911463,0.041737992188879636,-8.345346205904947,-8.403878425170255,-0.021168840709258018,-0.060125468909923374,2.7080502011022096,2.7080502011022096,0,0,0,0,0,0,0,0,1,0,0.0
116_2009,0.028376630782108364,0.029179158013208605,0.6132579922578868,0.6758269501123799,0.002824214438029742,0.002151458655351787,1.613321203346189,1.3952432501881642,0.041737992188879636,0.03802504621334851,-8.403878425170255,-8.09010216564054,-0.060125468909923374,0.23178851478283696,2.7080502011022096,2.7080502011022096,0,0,0,0,0,0,0,0,1,0,0.0
116_2010,0.029179158013208605,0.027470402806435743,0.6758269501123799,0.6502566069721615,0.002151458655351787,0.003217254382735718,1.3952432501881642,1.4997141367659916,0.03802504621334851,0.07431056794678909,-8.09010216564054,-8.165361823269452,0.23178851478283696,-0.12869425193884748,2.7080502011022096,2.7080502011022096,0,0,0,0,0,0,0,0,1,0,0.0
11705_2008,-0.027847794740839395,0.033421311825921764,0.13168814872703655,0.12297710806633087,0.000858548612563428,0.005923651493005534,1.4340718172084257,1.58122639649341,0.16227692166488097,0.07826794977046443,-12.684715064099224,-12.457719629980188,-0.3745941594944525,0.16535329204206775,1.9796212063976248,2.1633230256605382,0,1,0,0,0,0,0,0,0,0,0.0
11705_2009,0.033421311825921764,0.06128845312296721,0.12297710806633087,0.22161772184835188,0.005923651493005534,0.010029449681257465,1.58122639649341,0.9713995574953471,0.07826794977046443,0.07328680683429956,-12.457719629980188,-12.383259200154926,0.16535329204206775,-0.030291185269546276,2.1633230256605382,1.7047480922384253,0,1,0,0,0,0,0,0,0,0,0.0
11705_2010,0.06128845312296721,0.07847379798465923,0.22161772184835188,0.2788146598441263,0.010029449681257465,0.0442484035772597,0.9713995574953471,0.9470530581929832,0.07328680683429956,0.11536463696944835,-12.383259200154926,-12.526475151679024,-0.030291185269546276,-0.14226798098990615,1.7047480922384253,1.7934247485471162,0,1,0,0,0,0,0,0,0,0,0.0
11706_2008,0.036071460206720585,0.03328082452788308,0.14564425646248155,0.2622487036546497,0.044847686149095366,0.018844765183768743,2.3113939028864445,2.4449918407264715,0.08906660853572326,0.06264783789487459,-8.796630987179197,-8.968038630048197,-0.5091402253221756,-0.16997350360989785,2.7080502011022096,2.7080502011022096,0,0,1,0,0,0,0,0,0,0,0.0
11706_2009,0.03328082452788308,0.04042725031536317,0.2622487036546497,0.533482302824867,0.018844765183768743,0.06289946097772671,2.4449918407264715,1.2903660991835693,0.06264783789487459,0.20112033709165045,-8.968038630048197,-9.473606218098832,-0.16997350360989785,-0.3514602701070205,2.7080502011022096,2.312535423847214,0,0,1,0,0,0,0,0,0,0,0.0
11706_2010,0.04042725031536317,0.023380223692076454,0.533482302824867,0.2896466542039098,0.06289946097772671,0.04023704128735825,1.2903660991835693,2.188519051888459,0.20112033709165045,0.1666634091434772,-9.473606218098832,-8.939644839409565,-0.3514602701070205,0.6145127009930798,2.312535423847214,2.7080502011022096,0,0,1,0,0,0,0,0,0,0,0.0
11709_2008,0.027508591527552414,0.04289907612381953,0.18608250475979227,0.1604950694304689,0.06547377325295214,0.07563444280464808,2.0503855322389177,1.8475557938191511,0.07291057877287645,0.08860688533260637,-9.801347192726356,-9.789831970720039,-0.029135939555240062,0.031837069435521934,2.7080502011022096,2.7080502011022096,0,0,0,0,0,0,1,0,0,0,0.0
11709_2009,0.04289907612381953,0.014171833480956597,0.1604950694304689,0.3625645078311048,0.07563444280464808,0.1254125937672927,1.8475557938191511,1.0718196962832691,0.08860688533260637,0.17389435544055445,-9.789831970720039,-9.988624431863887,0.031837069435521934,-0.1845056839788391,2.7080502011022096,2.7080502011022096,0,0,0,0,0,0,1,0,0,0,0.0
11709_2010,0.014171833480956597,0.011005205224683469,0.3625645078311048,0.18070474476249992,0.1254125937672927,0.08227183172642448,1.0718196962832691,1.7060168356386296,0.17389435544055445,0.16992478572628214,-9.988624431863887,-9.55887030805489,-0.1845056839788391,0.44586360742386105,2.7080502011022096,2.7080502011022096,0,0,0,0,0,0,1,0,0,0,0.0
11713_2008,0.026218299870024275,0.0212716047579756,0.04997477640020653,0.4373115174261951,0.2615206566444897,0.08617258979620153,2.1132505402847106,1.2429618314823634,0.1263497185851404,0.10277102209169994,-10.367483074703806,-10.862512349455098,-0.16129071455759886,-0.6268423710768593,2.463853240590168,1.9473377010464987,0,1,0,0,0,0,0,0,0,0,0.0
11713_2009,0.0212716047579756,0.04916256481904055,0.4373115174261951,0.4751327350376183,0.08617258979620153,0.11991571095107145,1.2429618314823634,0.933667325495342,0.10277102209169994,0.13578048327611872,-10.862512349455098,-10.56538874445676,-0.6268423710768593,0.4397962370645349,1.9473377010464987,1.7351891177396608,0,1,0,0,0,0,0,0,0,0,0.0
11713_2010,0.04916256481904055,0.01251590413248192,0.4751327350376183,0.3105736389585768,0.11991571095107145,0.06906481706757711,0.933667325495342,1.1276842959782831,0.13578048327611872,0.2621913361595661,-10.56538874445676,-10.552915394298395,0.4397962370645349,0.13785947374639626,1.7351891177396608,1.9671123567059163,0,1,0,0,0,0,0,0,0,0,0.0
11724_2008,0.06781296733166317,-0.04685350863328834,0.662898547319359,0.8259966260734156,0.0014642282729012035,0.012514144825043729,1.3926057592623324,0.6747124074758457,0.17530788816008608,0.14841985606738442,-10.898584343040175,-11.858868301250455,-0.40132855998254335,-0.9632261736985244,2.0906287310704004,1.128171090909654,1,0,0,0,0,0,0,0,0,0,1.0
11724_2009,-0.04685350863328834,-0.2446349793423812,0.8259966260734156,0.9658511754310268,0.012514144825043729,0.08801327757886909,0.6747124074758457,13.7793,0.14841985606738442,0.5036473437840747,-11.858868301250455,-13.253093156255225,-0.9632261736985244,-1.4482468624289444,1.128171090909654,-0.7765287894989963,1,0,0,0,0,0,0,0,0,0,1.0
11724_2010,-0.2446349793423812,0.0,0.9658511754310268,0.0,0.08801327757886909,0.0,13.7793,0.0,0.5036473437840747,0.0,-13.253093156255225,0.0,-1.4482468624289444,0.0,-0.7765287894989963,0.0,1,0,0,0,0,0,0,0,0,0,1.0
11764_2008,0.022515027948688846,0.006203592801504548,0.9203122266022156,0.9707194717249926,0.12580126006744208,0.08661886196616557,1.2241772862952052,0.597556851163864,0.10407058234308794,0.1404355555984306,-11.414202178736367,-12.189586468887262,-0.06427305715297947,-0.7986182468881321,1.8733394562204781,1.208960345836975,0,0,0,0,0,1,0,0,0,0,0.0
11764_2009,0.006203592801504548,-0.016762535184555567,0.9707194717249926,0.9951501657429316,0.08661886196616557,0.11509426107229342,0.597556851163864,0.09248829132635568,0.1404355555984306,0.3934131151728287,-12.189586468887262,-13.870582016144139,-0.7986182468881321,-1.7206052604687632,1.208960345836975,-0.9288695140810151,0,0,0,0,0,1,0,0,0,0,0.0
11764_2010,-0.016762535184555567,-0.05428716483912754,0.9951501657429316,0.9799759913075248,0.11509426107229342,0.13784595529448607,0.09248829132635568,0.6182646047103084,0.3934131151728287,0.2553237961228336,-13.870582016144139,-13.090193506975302,-1.7206052604687632,0.4951860063842567,-0.9288695140810151,0.1570037488096647,0,0,0,0,0,1,0,0,0,0,0.0
11778_2008,0.03726197459633904,0.042779612036493164,0.10035671951968654,0.2038710356924706,0.04324557493483322,0.058628718407234236,2.883694335071608,3.1635218551045226,0.0640305961263407,0.07892523307127622,-7.855443978835652,-7.904976319433705,-0.07704521407205163,-0.11934938322942662,2.7080502011022096,2.7080502011022096,0,0,0,0,1,0,0,0,0,0,0.0
11778_2009,0.042779612036493164,0.05796132735228528,0.2038710356924706,0.2750357672793841,0.058628718407234236,0.045892039010889736,3.1635218551045226,1.8954045607576815,0.07892523307127622,0.11293806302811896,-7.904976319433705,-8.14455196447173,-0.11934938322942662,-0.11558614219637348,2.7080502011022096,2.7080502011022096,0,0,0,0,1,0,0,0,0,0,0.0
11778_2010,0.05796132735228528,0.043084097456929135,0.2750357672793841,0.1992199540262269,0.045892039010889736,0.06913441365982717,1.8954045607576815,2.3317744319425566,0.11293806302811896,0.059851063876766836,-8.14455196447173,-7.972719683982119,-0.11558614219637348,0.12298691575972798,2.7080502011022096,2.7080502011022096,0,0,0,0,1,0,0,0,0,0,0.0
1177_2008,0.03030131534666148,0.0,0.10968134369528301,0.0,0.008975047424107388,0.0,3.077880518198834,0.0,0.06375278699522735,0.0,-10.337957619537773,0.0,-0.07971324164085708,0.0,2.7080502011022096,0.0,0,0,0,0,0,0,0,0,0,1,0.0
1177_2009,0.0,0.017640558032692863,0.0,0.20187949473939226,0.0,0.010376369605993484,0.0,1.7102338457309456,0.0,0.1101511416880846,0.0,-10.488320491396353,0.0,0.10942205990366656,0.0,2.7080502011022096,0,0,0,0,0,0,0,0,0,1,0.0
1177_2010,0.017640558032692863,0.003098614868863988,0.20187949473939226,0.2264619388741157,0.010376369605993484,0.01060337497572558,1.7102338457309456,1.5841458657419392,0.1101511416880846,0.16202044249362998,-10.488320491396353,-10.812700240572743,0.10942205990366656,-0.1120821934533872,2.7080502011022096,2.7080502011022096,0,0,0,0,0,0,0,0,0,1,0.0
11801_2008,-0.019982033641750132,-0.08619046435112669,0.11340624424701524,0.3293351850075949,0.06254133626067925,0.17245196479924607,5.12760300367622,2.7623824708228217,0.17606185538654515,0.2155615389390952,-11.021628841658599,-12.333402068876369,0.035874403452090635,-1.31006884897383,2.169053700369523,0.8586616190375187,0,0,0,0,1,0,0,0,0,0,0.0
11801_2009,-0.08619046435112669,-0.14620060984984368,0.3293351850075949,0.4214818326244042,0.17245196479924607,0.17992812483985032,2.7623824708228217,2.9944890975648577,0.2155615389390952,0.27270125931798433,-12.333402068876369,-12.289315338245714,-1.31006884897383,-0.3988943619501945,0.8586616190375187,0.3987761199573678,0,0,0,0,1,0,0,0,0,0,0.0
11801_2010,-0.14620060984984368,-0.048613463758629884,0.4214818326244042,0.2343182109719075,0.17992812483985032,0.0489259318951028,2.9944890975648577,3.948313760608959,0.27270125931798433,0.4560176339997984,-12.289315338245714,-12.270123404963671,-0.3988943619501945,0.6789112941691972,0.3987761199573678,0.6471032420585384,0,0,0,0,1,0,0,0,0,0,0.0
11802_2008,-0.2567247795617064,-0.16232573693472432,0.4065436391886261,0.2491626053253368,0.09443183189965693,0.11603832371220305,19.44881889763779,6.766647233777656,0.2276096141879367,0.11860406013148388,-12.536871991673095,-11.96137192044733,-0.6621374259551441,0.30985371603716433,0.131028262406404,0.5007752879124892,0,1,0,0,0,0,0,0,0,0,0.0
11802_2009,-0.16232573693472432,-0.1232074045737425,0.2491626053253368,0.25549324948449764,0.11603832371220305,0.0936954757084076,6.766647233777656,79.794,0.11860406013148388,0.17338769451122282,-11.96137192044733,-11.49681230863304,0.30985371603716433,0.32783190745635005,0.5007752879124892,0.4382549309311553,0,1,0,0,0,0,0,0,0,0,0.0
11802_2010,-0.1232074045737425,-0.12493370830315005,0.25549324948449764,0.1676866247195673,0.0936954757084076,0.056057262642265744,79.794,27.37120520240754,0.17338769451122282,0.19927750846768486,-11.49681230863304,-10.817512019799132,0.32783190745635005,0.4179573709195316,0.4382549309311553,1.0367368849500225,0,1,0,0,0,0,0,0,0,0,0.0
11830_2008,0.029256453839575768,-0.04635842258546108,0.2500181649601955,0.33230079720379685,0.011973348121991526,0.0006895878278184764,1.723145135503379,2.0062117042955308,0.07673634479832518,0.08876045670666358,-11.565552441928462,-11.482518252760089,0.1599227717490776,0.024359930740959112,0.8415671856782185,0.904218150639886,0,1,0,0,0,0,0,0,0,0,0.0
11830_2009,-0.04635842258546108,0.014905256852440298,0.33230079720379685,0.4741525218821026,0.0006895878278184764,0.0014351477032176947,2.0062117042955308,1.0836547493597932,0.08876045670666358,0.26613753468664664,-11.482518252760089,-11.665337453150515,0.024359930740959112,-0.12211906323799655,0.904218150639886,0.22314355131420974,0,1,0,0,0,0,0,0,0,0,0.0
11830_2010,0.014905256852440298,0.05489540092698034,0.4741525218821026,0.2925111308384129,0.0014351477032176947,0.0011182185181550764,1.0836547493597932,1.5783523750418111,0.26613753468664664,0.10509963489256477,-11.665337453150515,-11.290480979932866,-0.12211906323799655,0.2762237387004081,0.22314355131420974,0.8197798314933114,0,1,0,0,0,0,0,0,0,0,0.0
11832_2008,-0.21538129735244327,-0.4403696311177824,0.4140177166141421,0.5967921020327757,0.02635319091705469,0.04887388194075873,6.6731379797085015,76.90473233138735,0.19722756652370232,0.14433639815862515,-12.334150297520976,-13.1607537222749,-0.3281746009393569,-1.2861042113295236,0.14842000511827322,-1.0785155869689873,0,0,0,0,0,0,1,0,0,0,1.0
11832_2009,-0.4403696311177824,0.0,0.5967921020327757,0.0,0.04887388194075873,0.0,76.90473233138735,0.0,0.14433639815862515,0.0,-13.1607537222749,0.0,-1.2861042113295236,0.0,-1.0785155869689873,0.0,0,0,0,0,0,0,1,0,0,0,1.0
11832_2010,0.0,0.0,0.0,0.0,0.0,0.0,0.0,0.0,0.0,0.0,0.0,0.0,0.0,0.0,0.0,0.0,0,0,0,0,0,0,1,0,0,0,1.0
11857_2008,0.05971564961082455,0.045815261559374605,0.3632068505916427,0.41256122362335657,0.0009157771910951386,0.010790900587509148,2.324604170572749,2.3841715780418378,0.08925764335911482,0.0678256696346956,-8.747722740310854,-8.575614381404987,-0.27442099920291096,0.053301923433318736,2.7080502011022096,2.7080502011022096,0,0,0,0,0,0,0,0,0,0,0.0
11857_2009,0.045815261559374605,0.032320953960442135,0.41256122362335657,0.5533854410294128,0.010790900587509148,0.002518162863039265,2.3841715780418378,1.1085166551286874,0.0678256696346956,0.20275488770732475,-8.575614381404987,-8.73492087258996,0.053301923433318736,-0.13029549988840178,2.7080502011022096,2.7080502011022096,0,0,0,0,0,0,0,0,0,0,0.0
11857_2010,0.032320953960442135,-0.02809697786282177,0.5533854410294128,0.3922792773435805,0.002518162863039265,0.0030110165770472885,1.1085166551286874,1.969779103374894,0.20275488770732475,0.16905804243188965,-8.73492087258996,-8.441672755852595,-0.13029549988840178,0.2740061169363731,2.7080502011022096,2.7080502011022096,0,0,0,0,0,0,0,0,0,0,0.0
11865_2008,0.056894182146677776,0.05994919967218072,0.40997142668993336,0.4806082642758237,0.14016716297835755,0.14803741962517114,1.4781911151083642,1.2544088962617772,0.061141438087417586,0.039842471324038,-8.565093521345814,-8.69857744898472,0.18366020648277576,-0.10456354139923248,2.7080502011022096,2.7080502011022096,0,0,0,0,0,0,0,0,0,0,0.0
11865_2009,0.05994919967218072,0.0705830151116024,0.4806082642758237,0.5790036229614669,0.14803741962517114,0.11045430290295402,1.2544088962617772,0.8406649844247905,0.039842471324038,0.07530321199395554,-8.69857744898472,-8.682324084015065,-0.10456354139923248,0.1406203653682035,2.7080502011022096,2.7080502011022096,0,0,0,0,0,0,0,0,0,0,0.0
11865_2010,0.0705830151116024,0.041301340594818,0.5790036229614669,0.5048085863364735,0.11045430290295402,0.16314244930304242,0.8406649844247905,0.8915599921452354,0.07530321199395554,0.0720499908016242,-8.682324084015065,-8.768949819866268,0.1406203653682035,-0.13768106461341165,2.7080502011022096,2.7080502011022096,0,0,0,0,0,0,0,0,0,0,0.0
1186_2008,0.02733201951951952,0.03160218461451438,0.3916885635635636,0.3526553724458126,0.0435670045045045,0.03192966839290313,1.2298862387642004,1.2929613008609655,0.11190821927720417,0.0570423826326936,-11.805624382298179,-11.710104614016881,0.030005234178795637,0.14565704206634367,1.5581446180465501,1.7101878155342434,0,0,0,0,0,0,1,0,0,0,0.0
1186_2009,0.03160218461451438,0.08115592043675285,0.3526553724458126,0.4991964145175588,0.03192966839290313,0.11363071519107938,1.2929613008609655,0.7360160421947708,0.0570423826326936,0.17841051282951792,-11.710104614016881,-11.795507337799885,0.14565704206634367,0.16167055133297206,1.7101878155342434,1.1693813595563172,0,0,0,0,0,0,1,0,0,0,0.0
1186_2010,0.08115592043675285,0.036765115959146284,0.4991964145175588,0.26648357436492953,0.11363071519107938,0.0645883707470389,0.7360160421947708,1.5497062319054222,0.17841051282951792,0.15219104127797067,-11.795507337799885,-11.131960357666166,0.16167055133297206,0.6606898449604091,1.1693813595563172,2.080690761080268,0,0,0,0,0,0,1,0,0,0,0.0
11871_2008,0.013170397990877427,0.017167801716711298,0.12449674239789787,0.056649383693595824,0.030983206691403108,0.024421301251874358,2.689524267427516,3.9690538148768466,0.09384829184500328,0.10173900671461994,-10.490161560790618,-9.658727615269546,0.5027562819836415,0.5164944724223793,2.7080502011022096,2.7080502011022096,0,0,0,0,1,0,0,0,0,0,0.0
11871_2009,0.017167801716711298,0.025197774532553285,0.056649383693595824,0.05204710846253849,0.024421301251874358,0.058017949538907265,3.9690538148768466,3.3375092066634786,0.10173900671461994,0.11922707393299227,-9.658727615269546,-9.186489427594683,0.5164944724223793,0.417670371984177,2.7080502011022096,2.7080502011022096,0,0,0,0,1,0,0,0,0,0,0.0
11871_2010,0.025197774532553285,0.02241298688182378,0.05204710846253849,0.02413080865994013,0.058017949538907265,0.0483817082040647,3.3375092066634786,3.7889489044588216,0.11922707393299227,0.08236383968407357,-9.186489427594683,-8.934304380349841,0.417670371984177,0.15640465620262706,2.7080502011022096,2.7080502011022096,0,0,0,0,1,0,0,0,0,0,0.0
11879_2008,-0.12232856844690156,0.014274646969034525,0.2588667963470539,0.15095637322206112,0.0032041825262576077,0.005740029096450386,3.1852544084853767,3.693238501448615,0.09741322102513,0.17314746455846494,-11.244182200729961,-10.564890697575967,-0.3066920893128312,0.5703222453397563,2.3988039507345884,2.7080502011022096,0,1,0,0,0,0,0,0,0,0,0.0
11879_2009,0.014274646969034525,0.05000624025760369,0.15095637322206112,0.15164740970749846,0.005740029096450386,0.006873433301894146,3.693238501448615,2.261428736309853,0.17314746455846494,0.2025186674985316,-10.564890697575967,-10.430420851624943,0.5703222453397563,0.16955387434111385,2.7080502011022096,2.596000697293587,0,1,0,0,0,0,0,0,0,0,0.0
11879_2010,0.05000624025760369,-0.07299120172063668,0.15164740970749846,0.4190378999765411,0.006873433301894146,0.048134226088687365,2.261428736309853,0.9477261918459956,0.2025186674985316,0.2071508603332007,-10.430420851624943,-11.812828698987735,0.16955387434111385,-0.914131373685626,2.596000697293587,1.4632554022560191,0,1,0,0,0,0,0,0,0,0,0.0
11901_2008,0.012402656913279336,-0.012212735719430406,0.2833259764688373,0.3368982019747725,0.1515435537420062,0.16226410891024898,1.2360842966612564,0.9194628950301728,0.08875448086219036,0.06619519536627343,-7.156047417922116,-7.546393533328363,0.14221661686444886,-0.3721562195690408,2.7080502011022096,2.7080502011022096,0,0,0,0,0,0,0,1,0,0,0.0
11901_2009,-0.012212735719430406,-0.05096460335191593,0.3368982019747725,0.2611155714823091,0.16226410891024898,0.6103269090828293,0.9194628950301728,0.5377512469010066,0.06619519536627343,0.10220029246100894,-7.546393533328363,-8.267512862752202,-0.3721562195690408,-0.08001123423074635,2.7080502011022096,2.7080502011022096,0,0,0,0,0,0,0,1,0,0,0.0
11901_2010,-0.05096460335191593,-0.2874389224371958,0.2611155714823091,0.2525115321703673,0.6103269090828293,0.5090820053799909,0.5377512469010066,0.8292446104651718,0.10220029246100894,0.057169469037046075,-8.267512862752202,-8.350575017081663,-0.08001123423074635,0.03490529152523908,2.7080502011022096,2.7080502011022096,0,0,0,0,0,0,0,1,0,0,0.0
11905_2008,0.0604369033870722,0.03730276469931395,0.23419576080500096,0.6165079458570003,0.0605804327520762,0.035541926957750936,1.468425852769994,1.2474957519090963,0.15929823948646304,0.06331803437008711,-11.916278241356595,-12.562228114916206,0.5885829843513073,-0.6402309192724355,2.1482677326096886,1.5085341174932154,0,1,0,0,0,0,0,0,0,0,0.0
11905_2009,0.03730276469931395,0.04932879418867158,0.6165079458570003,0.7324613282568309,0.035541926957750936,0.0,1.2474957519090963,0.6539879673967152,0.06331803437008711,0.15217743330291594,-12.562228114916206,-12.510165512882164,-0.6402309192724355,-0.24673958057855636,1.5085341174932154,1.0647107369924282,0,1,0,0,0,0,0,0,0,0,0.0
11905_2010,0.04932879418867158,-0.2858843498548816,0.7324613282568309,0.8111673671548268,0.0,0.012039532047593029,0.6539879673967152,0.8094158003991376,0.15217743330291594,0.13504838540273184,-12.510165512882164,-13.284712787353113,-0.24673958057855636,-0.8015869031075536,1.0647107369924282,0.5247285289349821,0,1,0,0,0,0,0,0,0,0,0.0
11922_2008,-0.5075424436404119,-0.1718608303289023,0.054725458232277036,0.0408511883595381,0.8591944654288102,0.6666008782750285,0.8717988584101495,0.9530207060663648,0.2892241342437675,0.04941849856415918,-12.274492416636171,-12.338246868292465,-1.4948158156848064,-0.0604533766916255,0.3576744442718159,0.30010459245033816,0,0,0,0,1,0,0,0,0,0,0.0
11922_2009,-0.1718608303289023,-0.5878906760821238,0.0408511883595381,0.10419772459788153,0.6666008782750285,2.39377533673336,0.9530207060663648,0.3849953970507404,0.04941849856415918,0.17966572775235715,-12.338246868292465,-13.035692041489765,-0.0604533766916255,-0.5148605262797818,0.30010459245033816,-0.8675005677047231,0,0,0,0,1,0,0,0,0,0,0.0
11922_2010,-0.5878906760821238,-0.4131276562254053,0.10419772459788153,0.07577522430347867,2.39377533673336,1.1063119785927908,0.3849953970507404,0.8586470123716767,0.17966572775235715,0.12063717224680105,-13.035692041489765,-12.73126060717058,-0.5148605262797818,0.26639803745037005,-0.8675005677047231,-0.3285040669720361,0,0,0,0,1,0,0,0,0,0,0.0
11934_2008,0.020993247658462208,-0.13700668993497445,0.6195948595077325,0.8005151759888142,0.016253539533870615,0.03876865348603605,0.85235935709447,0.4373747995232241,0.21637073785730754,0.2461392232862437,-11.889798375144146,-12.854483870078282,-0.3742433530286857,-0.943968169232544,2.7080502011022096,1.81319474994812,0,0,1,0,0,0,0,0,0,0,0.0
11934_2009,-0.13700668993497445,0.008444240875769804,0.8005151759888142,0.8387222351261607,0.03876865348603605,0.03119376385213678,0.4373747995232241,0.2968507084144704,0.2461392232862437,0.2141602113043956,-12.854483870078282,-12.772181696028767,-0.943968169232544,-0.09900102201018096,1.81319474994812,1.396244691973059,0,0,1,0,0,0,0,0,0,0,0.0
11934_2010,0.008444240875769804,0.009521795186590718,0.8387222351261607,0.6556829720318538,0.03119376385213678,0.014562268893875338,0.2968507084144704,0.541406496582339,0.2141602113043956,0.15021231237499907,-12.772181696028767,-12.361577645548842,-0.09900102201018096,0.4957061237939091,1.396244691973059,2.030776369698555,0,0,1,0,0,0,0,0,0,0,0.0
11937_2008,0.07572810768087432,0.0375508245622785,0.4976797273238796,0.4814579877027079,9.522134136538265e-05,2.5879272613562025e-05,1.3709459900064265,1.6618949338313926,0.09408425430393046,0.05195816151278123,-6.843396356335834,-6.466457242235569,-0.2925028323954175,0.2635963399310302,2.7080502011022096,2.7080502011022096,0,0,0,0,0,0,0,0,0,0,0.0
11937_2009,0.0375508245622785,0.02261709062549028,0.4814579877027079,0.6928087221061318,2.5879272613562025e-05,0.05471271300689142,1.6618949338313926,0.6462722662796003,0.05195816151278123,0.21271530131607927,-6.466457242235569,-6.6869245288058075,0.2635963399310302,-0.41187001276925705,2.7080502011022096,2.7080502011022096,0,0,0,0,0,0,0,0,0,0,0.0
11937_2010,0.02261709062549028,-0.16979881205722086,0.6928087221061318,0.511813812055153,0.05471271300689142,0.008941378267850223,0.6462722662796003,1.4504333060271355,0.21271530131607927,0.11037262721200086,-6.6869245288058075,-6.3834645227206455,-0.41187001276925705,0.19613180354994164,2.7080502011022096,2.7080502011022096,0,0,0,0,0,0,0,0,0,0,0.0
11946_2008,0.0401955333694539,0.02504674585831389,0.03805346315767676,0.04378659057670247,0.1343213278318931,0.10600547870808172,1.9765468163950812,1.931421284186864,0.11089843787230558,0.12032676234648065,-9.16891617969783,-8.60756787290964,-0.5135745554787364,0.5630582712777976,2.7080502011022096,2.7080502011022096,0,0,0,0,0,0,1,0,0,0,0.0
11946_2009,0.02504674585831389,0.015360451066887347,0.04378659057670247,0.07701907201267386,0.10600547870808172,0.14351610412767968,1.931421284186864,1.6307896228076553,0.12032676234648065,0.11172820944916237,-8.60756787290964,-8.633210006106141,0.5630582712777976,-0.20144798172642447,2.7080502011022096,2.7080502011022096,0,0,0,0,0,0,1,0,0,0,0.0
11946_2010,0.015360451066887347,0.010769610386215808,0.07701907201267386,0.06386085968801122,0.14351610412767968,0.14832514712726105,1.6307896228076553,1.929885952744603,0.11172820944916237,0.08210342170968507,-8.633210006106141,-7.4152231030337585,-0.20144798172642447,0.7430149530074031,2.7080502011022096,2.7080502011022096,0,0,0,0,0,0,1,0,0,0,0.0
11950_2008,0.010808992793202578,0.009445029479745144,0.8413776547163069,0.8678230682029221,0.01995838051425094,0.023310873238204684,1.5130642741108622,1.2310994971074056,0.033115521903810924,0.0855373649979595,-10.602506555138051,-10.823923803395871,-0.10503104962514707,-0.17014274650569886,2.7080502011022096,2.7080502011022096,0,0,0,0,0,1,0,0,0,0,0.0
11950_2009,0.009445029479745144,0.0037026893892097225,0.8678230682029221,0.9018132201557026,0.023310873238204684,0.017680528085457774,1.2310994971074056,1.0530385973988283,0.0855373649979595,0.10365367306011393,-10.823923803395871,-10.589563408974968,-0.17014274650569886,0.20936920027031028,2.7080502011022096,2.7080502011022096,0,0,0,0,0,1,0,0,0,0,0.0
11950_2010,0.0037026893892097225,0.0022547623109214986,0.9018132201557026,0.94595566136376,0.017680528085457774,0.02247928067162858,1.0530385973988283,0.5152224824355972,0.10365367306011393,0.2521491702284413,-10.589563408974968,-11.501364721300373,0.20936920027031028,-0.3361948203033627,2.7080502011022096,2.2700619012884857,0,0,0,0,0,1,0,0,0,0,0.0
11952_2008,-0.07003178660419725,-0.017915679296339374,0.21032387306704467,0.2625448758730318,0.1174106574750517,0.15958215816762558,13.342026050408508,14.750457684946324,0.14950035249341834,0.09643306194687036,-10.08525141239218,-10.484965821152985,-0.4793307684640609,-0.4876365666708134,2.7080502011022096,2.5771819258971718,0,0,0,0,1,0,0,0,0,0,0.0
11952_2009,-0.017915679296339374,0.059408291548619714,0.2625448758730318,0.1948305604202179,0.15958215816762558,0.14946006509322105,14.750457684946324,6.2240511791719575,0.09643306194687036,0.18703457621799505,-10.484965821152985,-9.761853351419644,-0.4876365666708134,0.7428924092378364,2.5771819258971718,2.7080502011022096,0,0,0,0,1,0,0,0,0,0,0.0
11952_2010,0.059408291548619714,0.1338982906201729,0.1948305604202179,0.0766430272152385,0.14946006509322105,0.10280174436962884,6.2240511791719575,3.515783563102083,0.18703457621799505,0.11040815030118983,-9.761853351419644,-9.769915919227993,0.7428924092378364,-0.012920197376661668,2.7080502011022096,2.7080502011022096,0,0,0,0,1,0,0,0,0,0,0.0
11958_2008,0.001671891518517229,0.028885549683867494,0.12723323482151527,0.12056838867490699,0.03970856869596126,0.06998558329876907,2.8899978704803067,2.800392703762338,0.11741223855658205,0.1989802955121749,-11.109867979038313,-10.981431088483236,0.3821120894972845,-0.07321781007050297,2.0347056478384444,2.0731719286662407,0,0,0,0,1,0,0,0,0,0,0.0
11958_2009,0.028885549683867494,0.10970196322110674,0.12056838867490699,0.08890366042128649,0.06998558329876907,0.059214658219779975,2.800392703762338,2.341481376517317,0.1989802955121749,0.18329481176295676,-10.981431088483236,-10.266089987103644,-0.07321781007050297,0.7546198503138979,2.0731719286662407,2.2731562823032334,0,0,0,0,1,0,0,0,0,0,0.0
11958_2010,0.10970196322110674,0.04208561141485531,0.08890366042128649,0.11353271345270274,0.059214658219779975,0.1460606868794627,2.341481376517317,1.5534147644060474,0.18329481176295676,0.2255062202694695,-10.266089987103644,-10.9028025727941,0.7546198503138979,-0.546278241080888,2.2731562823032334,1.8594181177018696,0,0,0,0,1,0,0,0,0,0,0.0
11959_2008,-0.031023920343014873,-0.10695301082083278,0.2604044733382557,0.35337554748940403,0.011771081122230971,0.0005477747033077223,3.0590108165280117,4.537676270081562,0.1970183830478428,0.052068812929549436,-11.446865802057195,-13.021683186613686,0.27515811740384216,-1.5236263081216526,0.7371640659767196,-0.8439700702945291,0,0,0,0,1,0,0,0,0,0,0.0
11959_2009,-0.10695301082083278,0.0,0.35337554748940403,0.0,0.0005477747033077223,0.0,4.537676270081562,0.0,0.052068812929549436,0.0,-13.021683186613686,0.0,-1.5236263081216526,0.0,-0.8439700702945291,0.0,0,0,0,0,1,0,0,0,0,0,0.0
11959_2010,0.0,0.0,0.0,0.0,0.0,0.0,0.0,0.0,0.0,0.0,0.0,0.0,0.0,0.0,0.0,0.0,0,0,0,0,1,0,0,0,0,0,0.0
11960_2008,0.03988608863503137,0.03771926537116001,0.13096030773651465,0.09144171683627283,0.19493145758577649,0.16148618753317684,1.9605254426991108,2.4346542636229045,0.04343477154113458,0.1148215190413134,-10.673870073501243,-10.181387843087167,0.052853200889370205,0.4539927604501761,2.7080502011022096,2.7080502011022096,0,0,1,0,0,0,0,0,0,0,0.0
11960_2009,0.03771926537116001,0.05535474702152167,0.09144171683627283,0.22484407619104987,0.16148618753317684,0.26349363889695354,2.4346542636229045,1.3820544058560549,0.1148215190413134,0.14672358254937534,-10.181387843087167,-10.47656913521162,0.4539927604501761,0.03634461577586051,2.7080502011022096,2.7080502011022096,0,0,1,0,0,0,0,0,0,0,0.0
11960_2010,0.05535474702152167,0.03847073392985036,0.22484407619104987,0.1666680648080474,0.26349363889695354,0.2051650138887869,1.3820544058560549,1.7225147793077014,0.14672358254937534,0.1599850738501386,-10.47656913521162,-10.349146073135515,0.03634461577586051,0.4252867153384552,2.7080502011022096,2.7080502011022096,0,0,1,0,0,0,0,0,0,0,0.0
11980_2008,0.0547040229119357,0.06890715667311413,0.10555912485406174,0.09034143469851147,0.2932779088713681,0.3714048439996637,2.191580978091469,1.841125432441288,0.06772502509685936,0.05069483928227407,-11.91654297501826,-11.702780951271105,0.2349194513723908,0.13672077770430524,2.667228206581955,2.7080502011022096,0,0,1,0,0,0,0,0,0,0,0.0
11980_2009,0.06890715667311413,0.0957696,0.09034143469851147,0.10208,0.3714048439996637,0.43966720000000004,1.841125432441288,1.570085341916019,0.05069483928227407,0.07687399690362337,-11.702780951271105,-11.589815804312522,0.13672077770430524,0.18518282449504933,2.7080502011022096,2.543175557911976,0,0,1,0,0,0,0,0,0,0,0.0
11980_2010,0.0957696,0.058184302880170014,0.10208,0.0946787848267374,0.43966720000000004,0.37535091852630414,1.570085341916019,1.7849310065461743,0.07687399690362337,0.0908334216766616,-11.589815804312522,-11.655529308091472,0.18518282449504933,-0.1917722757992698,2.543175557911976,2.7080502011022096,0,0,1,0,0,0,0,0,0,0,0.0
11981_2008,0.004741878329547245,0.0055406661316762355,0.8921357965725024,0.8948293689170559,0.03337200058425077,0.02641515257515586,1.3825000859633971,1.385887432975644,0.04537428217089837,0.04061069151811982,-12.441832072062967,-12.413538342678187,-0.2913606278166405,0.015026708653212874,2.298577071596507,2.349468678892896,0,0,0,0,0,1,0,0,0,0,0.0
11981_2009,0.0055406661316762355,0.008255732232276202,0.8948293689170559,0.8958534656944566,0.02641515257515586,0.06911402969340244,1.385887432975644,1.34503454770306,0.04061069151811982,0.08311550122398516,-12.413538342678187,-11.959051090176676,0.015026708653212874,0.5277904382673024,2.349468678892896,2.302585092994046,0,0,0,0,0,1,0,0,0,0,0.0
11981_2010,0.008255732232276202,0.0064073805966429285,0.8958534656944566,0.9059859712552336,0.06911402969340244,0.10773663085150448,1.34503454770306,1.185580688211115,0.08311550122398516,0.10684794490370296,-11.959051090176676,-12.307675805364724,0.5277904382673024,-0.3739392444795764,2.302585092994046,2.1435893615035875,0,0,0,0,0,1,0,0,0,0,0.0
12000_2008,-1.1372893784143827,-0.11871821789983493,0.15175887499568105,0.0967203539431594,0.2106503787253483,0.051241623965313364,1.2030727362718678,4.563777842481667,0.6922427303685617,0.5281120930831241,-13.264054003643734,-11.90834068213226,0.9767741207265812,0.8903537971395077,0.5709795465857378,1.7137979277583428,0,0,0,0,0,0,1,0,0,0,0.0
12000_2009,-0.11871821789983493,-0.6397876273807545,0.0967203539431594,0.09097365995194416,0.051241623965313364,0.3812733290012543,4.563777842481667,1.0253066818026089,0.5281120930831241,0.14258797625440367,-11.90834068213226,-12.98334193834522,0.8903537971395077,-1.2819379571214529,1.7137979277583428,0.009851316050374202,0,0,0,0,0,0,1,0,0,0,0.0
12000_2010,-0.6397876273807545,-0.2284460074312277,0.09097365995194416,0.03317826673918362,0.3812733290012543,0.18243646405922453,1.0253066818026089,2.7315874091759236,0.14258797625440367,0.3332361680491369,-12.98334193834522,-12.104779149028476,-1.2819379571214529,0.4297875859661599,0.009851316050374202,0.8919980393051105,0,0,0,0,0,0,1,0,0,0,0.0
12011_2008,0.03577260120893981,0.03688471939784764,0.08848481766168192,0.18573710318861614,0.10271165107537776,0.10928457083727028,4.044780214609379,3.4655550700787536,0.20832227463397712,0.06773020098345219,-7.087261007415244,-7.109476705418979,-0.6445463712806851,-0.01189372167081008,2.7080502011022096,2.7080502011022096,0,0,0,0,0,0,1,0,0,0,0.0
12011_2009,0.03688471939784764,0.041808828451842486,0.18573710318861614,0.2268382508661247,0.10928457083727028,0.07259539955737689,3.4655550700787536,3.2091798114558285,0.06773020098345219,0.09935315947490077,-7.109476705418979,-6.938483695350118,-0.01189372167081008,0.16553368327058654,2.7080502011022096,2.7080502011022096,0,0,0,0,0,0,1,0,0,0,0.0
12011_2010,0.041808828451842486,0.03770865694150343,0.2268382508661247,0.19139217816369306,0.07259539955737689,0.1136233926493184,3.2091798114558285,2.9415888771902265,0.09935315947490077,0.0895923152546283,-6.938483695350118,-6.928361022063568,0.16553368327058654,0.008383509351972906,2.7080502011022096,2.7080502011022096,0,0,0,0,0,0,1,0,0,0,0.0
12014_2008,0.019055279361239904,-0.0013155639585018238,0.4334353787995677,0.6273265062370451,0.059307515823397626,0.033910083714054635,2.7146112718996744,1.2260436313001621,0.18738072342207066,0.12504796388235956,-10.912124086059796,-11.72719289504299,0.8806334335729771,-0.6705498451056411,2.7080502011022096,2.7080502011022096,0,0,1,0,0,0,0,0,0,0,0.0
12014_2009,-0.0013155639585018238,-0.0055328615729021225,0.6273265062370451,0.6643417229147704,0.033910083714054635,0.048389634548318926,1.2260436313001621,0.9473595453510628,0.12504796388235956,0.1987028948348249,-11.72719289504299,-12.010084716100755,-0.6705498451056411,-0.4557941545123378,2.7080502011022096,2.060513531794317,0,0,1,0,0,0,0,0,0,0,0.0
12014_2010,-0.0055328615729021225,-0.15828488010159614,0.6643417229147704,0.5688598757439178,0.048389634548318926,0.08025131352872332,0.9473595453510628,1.9822629481444536,0.1987028948348249,0.2605452338626667,-12.010084716100755,-11.342967087583256,-0.4557941545123378,0.5076768008087923,2.060513531794317,2.7080502011022096,0,0,1,0,0,0,0,0,0,0,0.0
12015_2008,0.04459711338596508,0.0458643151133071,0.18994309195142586,0.3402274844245044,0.06538119985076744,0.0328645912231451,1.8595937700166931,0.9429741623338246,0.10558396208312673,0.14296881908664336,-10.300226672768463,-11.184200679965349,0.1725753708378922,-0.8304937401811656,2.7080502011022096,2.646883765864722,0,0,1,0,0,0,0,0,0,0,0.0
12015_2009,0.0458643151133071,0.028016530753923317,0.3402274844245044,0.4658255211158997,0.0328645912231451,0.13071747390865107,0.9429741623338246,0.5219093526132109,0.14296881908664336,0.16609673703330766,-11.184200679965349,-11.076386689542868,-0.8304937401811656,-0.016528533440051733,2.646883765864722,2.2565411544926395,0,0,1,0,0,0,0,0,0,0,0.0
12015_2010,0.028016530753923317,0.046248394068275994,0.4658255211158997,0.27387978162073084,0.13071747390865107,0.13468937552470095,0.5219093526132109,1.0655852554261016,0.16609673703330766,0.17079998886322578,-11.076386689542868,-10.526454499585462,-0.016528533440051733,0.6617508530175037,2.2565411544926395,2.7080502011022096,0,0,1,0,0,0,0,0,0,0,0.0
12025_2008,0.030723436917065708,0.037533902691118594,0.3875196735099948,0.4611889125488904,0.005800760330180668,0.01353527473511507,1.2282191167381065,0.9029647436101242,0.0682597142340705,0.07818236778886738,-10.925607128208103,-11.191149993472647,-0.09904556788210926,-0.3054778093237001,2.7080502011022096,2.7080502011022096,0,1,0,0,0,0,0,0,0,0,0.0
12025_2009,0.037533902691118594,0.03157221839972283,0.4611889125488904,0.5742130842001413,0.01353527473511507,0.013008936611286829,0.9029647436101242,0.8208204347428391,0.07818236778886738,0.1405717070431399,-11.191149993472647,-10.876794808576568,-0.3054778093237001,0.18893425827584348,2.7080502011022096,2.704711299836696,0,1,0,0,0,0,0,0,0,0,0.0
12025_2010,0.03157221839972283,0.04967633792001153,0.5742130842001413,0.4144374418502583,0.013008936611286829,0.05166153122639313,0.8208204347428391,0.8684214235714219,0.1405717070431399,0.1414293731615511,-10.876794808576568,-10.805229626251922,0.18893425827584348,0.015581493172778516,2.704711299836696,2.7080502011022096,0,1,0,0,0,0,0,0,0,0,0.0
12027_2008,0.04467991642706035,0.03964951325983842,0.03318472022920512,0.19656223427406846,0.09391743987303824,0.17641521915009115,2.998508299366265,3.9281525721426047,0.06591009463748251,0.0808669105049374,-7.49657187285824,-7.680976791232142,-0.2422635358157352,-0.1179909323216029,2.7080502011022096,2.7080502011022096,0,0,0,0,0,0,1,0,0,0,0.0
12027_2009,0.03964951325983842,0.0469157619217218,0.19656223427406846,0.26975771182314723,0.17641521915009115,0.2620783245088321,3.9281525721426047,3.0281040022841386,0.0808669105049374,0.12085494067271098,-7.680976791232142,-7.7000494750091955,-0.1179909323216029,-0.07076246781419943,2.7080502011022096,2.7080502011022096,0,0,0,0,0,0,1,0,0,0,0.0
12027_2010,0.0469157619217218,0.034990661417263924,0.26975771182314723,0.15849162829822114,0.2620783245088321,0.19580177850370356,3.0281040022841386,2.743985754332736,0.12085494067271098,0.0830213362590183,-7.7000494750091955,-7.525600516643538,-0.07076246781419943,0.12946368448962006,2.7080502011022096,2.7080502011022096,0,0,0,0,0,0,1,0,0,0,0.0
12032_2008,0.005846712198840186,0.014890053333607609,0.3286501890436944,0.4792904043021336,0.15996171486234242,0.2364765165187024,1.5089986605195935,1.003239097333129,0.11112632366845096,0.08265209414823126,-11.826711457243324,-12.183409173634544,-0.3496189951451025,-0.40702857423287175,2.191653532286764,1.8453160338196104,0,0,0,0,0,0,1,0,0,0,0.0
12032_2009,0.014890053333607609,-0.2707029375279197,0.4792904043021336,0.496692810869966,0.2364765165187024,0.18504648996218692,1.003239097333129,1.7982684105974411,0.08265209414823126,0.1559335599384595,-12.183409173634544,-11.77170916642233,-0.40702857423287175,0.21333372584979396,1.8453160338196104,1.7630341528739581,0,0,0,0,0,0,1,0,0,0,0.0
12032_2010,-0.2707029375279197,-0.017041530284375845,0.496692810869966,0.4255277619290712,0.18504648996218692,0.20533917900363352,1.7982684105974411,1.1645198991952666,0.1559335599384595,0.0751535630809658,-11.77170916642233,-12.466395633528947,0.21333372584979396,-0.7360022863484568,1.7630341528739581,1.3029127521808397,0,0,0,0,0,0,1,0,0,0,0.0
12036_2008,0.042467560047841885,0.039688855449772194,0.06478420729519163,0.1507662952281023,0.07022173496736782,0.12248058941444748,3.365092167980904,1.8801878634028033,0.12504506864803927,0.11994465847147992,-8.160642728282715,-8.998342884338609,-0.8495198559324552,-0.8552076603374308,2.7080502011022096,2.200552367428894,0,0,1,0,0,0,0,0,0,0,0.0
12036_2009,0.039688855449772194,-0.018662564029748537,0.1507662952281023,0.3159548587712881,0.12248058941444748,0.26204045983808805,1.8801878634028033,0.7951694728838897,0.11994465847147992,0.2630908552018771,-8.998342884338609,-9.268151284956684,-0.8552076603374308,-0.5281033051460133,2.200552367428894,1.430311246536665,0,0,1,0,0,0,0,0,0,0,0.0
12036_2010,-0.018662564029748537,0.026668412753479344,0.3159548587712881,0.12899790699330746,0.26204045983808805,0.16218044888215982,0.7951694728838897,2.0470510481031603,0.2630908552018771,0.12929667958539173,-9.268151284956684,-8.286520871342619,-0.5281033051460133,0.969682355651988,1.430311246536665,2.642622395779755,0,0,1,0,0,0,0,0,0,0,0.0
12038_2008,0.013531299107546524,0.01436129781899582,0.7617129716910046,0.8055958427947807,0.03526908054420691,0.023483098367008425,2.458242795373236,2.1380614657210404,0.04299202540175112,0.05830569234781509,-10.359968552141227,-10.584622017578152,0.010299638352529172,-0.15269023875622806,2.7080502011022096,2.7080502011022096,0,0,0,0,0,1,0,0,0,0,0.0
12038_2009,0.01436129781899582,0.011686447796471636,0.8055958427947807,0.8002289198069008,0.023483098367008425,0.014617764306409646,2.1380614657210404,2.217398199319584,0.05830569234781509,0.10961781924328017,-10.584622017578152,-9.961312715081126,-0.15269023875622806,0.4778343404240015,2.7080502011022096,2.7080502011022096,0,0,0,0,0,1,0,0,0,0,0.0
12038_2010,0.011686447796471636,0.008456863539732556,0.8002289198069008,0.8493500614118265,0.014617764306409646,0.016814161357143025,2.217398199319584,1.7364216120937064,0.10961781924328017,0.06638311834088154,-9.961312715081126,-10.439189582822266,0.4778343404240015,-0.3615272332057799,2.7080502011022096,2.7080502011022096,0,0,0,0,0,1,0,0,0,0,0.0
12044_2008,0.0183931084511133,0.016543709250458474,0.40016016579229097,0.3316808752917489,0.2837716202772839,0.2999281029087579,1.5196571908761969,1.6583584140510337,0.07979049246404828,0.06592069164436362,-10.524578251209435,-10.356535594049932,0.3321461421847015,0.1147599510195392,2.175887439948088,2.331172549845958,0,0,0,0,0,0,1,0,0,0,0.0
12044_2009,0.016543709250458474,-0.003944649963203154,0.3316808752917489,0.6331619422698371,0.2999281029087579,0.5955544075672705,1.6583584140510337,0.4802471477832357,0.06592069164436362,0.2132171747411865,-10.356535594049932,-11.225434320996316,0.1147599510195392,-1.008289488022902,2.331172549845958,0.9593502213346021,0,0,0,0,0,0,1,0,0,0,0.0
12044_2010,-0.003944649963203154,0.006046527351843176,0.6331619422698371,0.40224217340139706,0.5955544075672705,0.5097370662107623,0.4802471477832357,0.8156104157006493,0.2132171747411865,0.10611426382414144,-11.225434320996316,-10.888308039890852,-1.008289488022902,0.08730904222701774,0.9593502213346021,1.5282278570085572,0,0,0,0,0,0,1,0,0,0,0.0
12053_2008,0.03877579692629245,0.06314353747341116,0.11486710392035855,0.1484746816274559,0.1009251937325698,0.02618541613887224,3.5659086756520444,3.6623440180635134,0.11347587924838715,0.10316128932641816,-9.263697096323918,-9.598255959347089,0.3323856582896195,-0.36847557873876025,2.7080502011022096,2.7080502011022096,0,0,1,0,0,0,0,0,0,0,0.0
12053_2009,0.06314353747341116,0.10401778138796083,0.1484746816274559,0.20730783888816254,0.02618541613887224,0.15630707945153655,3.6623440180635134,1.914574084523168,0.10316128932641816,0.13521486990618511,-9.598255959347089,-9.246309853232713,-0.36847557873876025,0.03839838792387523,2.7080502011022096,2.7080502011022096,0,0,1,0,0,0,0,0,0,0,0.0
12053_2010,0.10401778138796083,0.07588556802714276,0.20730783888816254,0.14696048588087948,0.15630707945153655,0.19185417914902944,1.914574084523168,2.2488827426065447,0.13521486990618511,0.1689210981391999,-9.246309853232713,-8.937111720639349,0.03839838792387523,0.27808122315214745,2.7080502011022096,2.7080502011022096,0,0,1,0,0,0,0,0,0,0,0.0
12058_2008,0.01258506046831868,0.013197061713097577,0.7829245373233287,0.8379235625330514,0.12494201799067953,0.14801797373537895,2.1353730423376582,1.6302408689237573,0.2009130425274429,0.05896327273051225,-9.612688363001356,-9.890123641468222,-0.5368134660506849,-0.14432544355346102,2.7080502011022096,2.7080502011022096,0,0,0,0,0,1,0,0,0,0,0.0
12058_2009,0.013197061713097577,0.010407585867334602,0.8379235625330514,0.810264041049407,0.14801797373537895,0.10654436967271994,1.6302408689237573,1.7840460052248177,0.05896327273051225,0.08688626270577013,-9.890123641468222,-9.180869056422244,-0.14432544355346102,0.5816576325206397,2.7080502011022096,2.7080502011022096,0,0,0,0,0,1,0,0,0,0,0.0
12058_2010,0.010407585867334602,0.0071630185187170296,0.810264041049407,0.8754406237188106,0.10654436967271994,0.2287820975015785,1.7840460052248177,1.2760384962818043,0.08688626270577013,0.13487080681189942,-9.180869056422244,-9.770386388177698,0.5816576325206397,-0.25760488294491424,2.7080502011022096,2.7080502011022096,0,0,0,0,0,1,0,0,0,0,0.0
12074_2008,0.043695257373243784,0.0376784711162748,0.13871619344030456,0.10541052158643112,0.07896145617816032,0.08188260729603468,2.200635785708226,2.9646445061994924,0.12916308675350247,0.1149418154308313,-9.027900667696949,-8.393191147403803,-0.15301950907432535,0.6062653947219591,2.7080502011022096,2.7080502011022096,0,0,1,0,0,0,0,0,0,0,0.0
12074_2009,0.0376784711162748,0.09917082484629984,0.10541052158643112,0.20246296560672464,0.08188260729603468,0.12814786238783255,2.9646445061994924,1.333252675903087,0.1149418154308313,0.1609054989097894,-8.393191147403803,-8.861967161373386,0.6062653947219591,-0.29015816923371146,2.7080502011022096,2.7080502011022096,0,0,1,0,0,0,0,0,0,0,0.0
12074_2010,0.09917082484629984,0.05451437098426114,0.20246296560672464,0.1206590854347524,0.12814786238783255,0.16182215894737462,1.333252675903087,2.0578591047839394,0.1609054989097894,0.16078708620835666,-8.861967161373386,-8.394291839972432,-0.29015816923371146,0.7708196056576747,2.7080502011022096,2.7080502011022096,0,0,1,0,0,0,0,0,0,0,0.0
12083_2008,-0.0253462365529018,-0.24557912151631886,0.6431353493544066,0.7568305106752401,0.08806356575497602,0.2049255467956987,0.8886449957844683,0.9617689127867088,0.12678115783513458,0.0948245917053023,-8.848040603334146,-9.496896374014947,-0.3041194662761687,-0.6708947321585508,1.2383742310432684,0.5988365010887039,0,0,0,0,0,0,1,0,0,0,0.0
12083_2009,-0.24557912151631886,-0.1365601254957422,0.7568305106752401,0.7912599430632816,0.2049255467956987,0.2442281853490437,0.9617689127867088,1.0609518040627344,0.0948245917053023,0.2802228639901075,-9.496896374014947,-10.394588815890872,-0.6708947321585508,-0.7858929760508844,0.5988365010887039,-0.7550225842780328,0,0,0,0,0,0,1,0,0,0,0.0
12083_2010,-0.1365601254957422,-0.04183176849849372,0.7912599430632816,0.7925124383349763,0.2442281853490437,0.27611602000549923,1.0609518040627344,1.2143716607671171,0.2802228639901075,0.7346587786392699,-10.394588815890872,-9.342824425630058,-0.7858929760508844,3.2125854429256453,-0.7550225842780328,2.4006188332654115,0,0,0,0,0,0,1,0,0,0,0.0
12086_2008,0.01229606429700472,0.012241497059858554,0.8022597627221645,0.8536806393384246,0.047210837401850315,0.04230803938509788,2.2054311173675227,1.5301497217045352,0.0494231843168194,0.06442236554170923,-10.292205672895802,-10.643063872987474,0.008900536978710225,-0.3512174548851533,2.7080502011022096,2.7080502011022096,0,0,0,0,0,1,0,0,0,0,0.0
12086_2009,0.012241497059858554,0.007503511100912664,0.8536806393384246,0.8242596670465473,0.04230803938509788,0.03857397911175814,1.5301497217045352,1.809014770127836,0.06442236554170923,0.18285256308101405,-10.643063872987474,-9.901364272891778,-0.3512174548851533,0.7558768236533988,2.7080502011022096,2.7080502011022096,0,0,0,0,0,1,0,0,0,0,0.0
12086_2010,0.007503511100912664,0.004461779985965235,0.8242596670465473,0.8822657099712229,0.03857397911175814,0.1552302613486955,1.809014770127836,1.2706954938901092,0.18285256308101405,0.17630413589536156,-9.901364272891778,-10.539165314478566,0.7558768236533988,-0.486993685725341,2.7080502011022096,2.7080502011022096,0,0,0,0,0,1,0,0,0,0,0.0
12097_2008,0.04174554978046344,0.043837370289287136,0.1437893154130683,0.15530688034834875,0.007009670522981712,0.013187051483758537,2.292966055522509,2.068550824364648,0.06645381169939674,0.0579753443357199,-8.156216674364885,-8.142840894924182,-0.12845998810568496,-0.0906576655496048,2.7080502011022096,2.7080502011022096,0,0,1,0,0,0,0,0,0,0,0.0
12097_2009,0.043837370289287136,0.030752958865077236,0.15530688034834875,0.3155845876868113,0.013187051483758537,0.005168812907748306,2.068550824364648,1.6790397966862385,0.0579753443357199,0.10683877641613412,-8.142840894924182,-7.546688575310206,-0.0906576655496048,0.4637554034524334,2.7080502011022096,2.7080502011022096,0,0,1,0,0,0,0,0,0,0,0.0
12097_2010,0.030752958865077236,0.04191695340094016,0.3155845876868113,0.2856650093617865,0.005168812907748306,0.003671676368153039,1.6790397966862385,1.781616490619958,0.10683877641613412,0.07008327290262638,-7.546688575310206,-7.546695447170914,0.4637554034524334,-0.02566365064616061,2.7080502011022096,2.7080502011022096,0,0,1,0,0,0,0,0,0,0,0.0
12108_2008,0.019215094717249345,0.00873405982799975,0.3640831689678381,0.4583770219188695,0.0903493010780556,0.07914332368447667,2.0864789142359133,1.7119463686524132,0.13041588365292275,0.10787929414288076,-7.800745571333271,-8.299499781879723,-0.6031489803517219,-0.4687152223729489,2.7080502011022096,2.7080502011022096,0,0,0,0,0,0,1,0,0,0,0.0
12108_2009,0.00873405982799975,0.017190821612190203,0.4583770219188695,0.5532473027029283,0.07914332368447667,0.09923805315447444,1.7119463686524132,1.2462144478175456,0.10787929414288076,0.22836917284377434,-8.299499781879723,-8.617023459999897,-0.4687152223729489,-0.2542498199604277,2.7080502011022096,1.9095425048844383,0,0,0,0,0,0,1,0,0,0,0.0
12108_2010,0.017190821612190203,-0.18936372833644455,0.5532473027029283,0.6298162665830302,0.09923805315447444,0.1424068177780807,1.2462144478175456,1.4991479803896852,0.22836917284377434,0.2098363993218857,-8.617023459999897,-7.889721989254439,-0.2542498199604277,0.7967483036482897,1.9095425048844383,2.7080502011022096,0,0,0,0,0,0,1,0,0,0,0.0
12119_2008,0.02780466917939387,0.03212999791833816,0.13664388463357205,0.1306282732269006,0.2848529172859406,0.20979531035128973,2.5881737602102435,2.4818947274668037,0.1387360870135675,0.14143048112985018,-11.396852416642215,-11.274686272798364,0.17091409198849805,0.05349844635336514,2.585505848344116,2.677590993617501,0,0,0,0,1,0,0,0,0,0,0.0
12119_2009,0.03212999791833816,0.05210105508584687,0.1306282732269006,0.5034090370708555,0.20979531035128973,0.6201303316004599,2.4818947274668037,0.5949256117237968,0.14143048112985018,0.1907649324652347,-11.274686272798364,-12.332721440545535,0.05349844635336514,-0.8649230254100344,2.677590993617501,1.1118575154181305,0,0,0,0,1,0,0,0,0,0,0.0
12119_2010,0.05210105508584687,0.02443274040213323,0.5034090370708555,0.32169333200834743,0.6201303316004599,0.16183378051608202,0.5949256117237968,1.2164556014556551,0.1907649324652347,0.15327000867332688,-12.332721440545535,-11.482066230290432,-0.8649230254100344,0.3292948420189179,1.1118575154181305,2.032087845296365,0,0,0,0,1,0,0,0,0,0,0.0
12139_2008,0.008816314278616578,0.008003550325567066,0.8634596938916338,0.8804279793226724,0.025786490104612328,0.02375450332672824,1.599239857185289,1.3849392860997474,0.02266652800823146,0.037007151252738534,-11.29484979651722,-11.42496769298196,-0.004142054793783087,-0.10482962054322108,2.665838352292901,2.544746650144017,0,0,0,0,0,1,0,0,0,0,0.0
12139_2009,0.008003550325567066,0.01056976070963275,0.8804279793226724,0.8962823551867244,0.02375450332672824,0.03714400326859303,1.3849392860997474,1.171721409213991,0.037007151252738534,0.0631365504097353,-11.42496769298196,-11.042906011567617,-0.10482962054322108,0.29726528437024824,2.544746650144017,2.432735777459091,0,0,0,0,0,1,0,0,0,0,0.0
12139_2010,0.01056976070963275,0.009330868012817609,0.8962823551867244,0.8625332810250791,0.03714400326859303,0.021424797121589886,1.171721409213991,1.4975868641947288,0.0631365504097353,0.0921218743392295,-11.042906011567617,-10.917861893395076,0.29726528437024824,0.0840014365679782,2.432735777459091,2.7080502011022096,0,0,0,0,0,1,0,0,0,0,0.0
12147_2008,0.0064387413962881355,-0.006178852500039433,0.4981124999827891,0.27110642555471764,0.04182177829175334,0.04972838030423623,1.9225786059452008,2.5846517252028773,0.04172190173958762,0.08265001267616061,-10.370111084003511,-9.619588931274556,0.02800418818889952,0.2816499089740034,2.7080502011022096,2.7080502011022096,0,1,0,0,0,0,0,0,0,0,0.0
12147_2009,-0.006178852500039433,0.02006746834224084,0.27110642555471764,0.56513614040156,0.04972838030423623,0.0927734845201984,2.5846517252028773,1.0315643397272949,0.08265001267616061,0.26959018109604466,-9.619588931274556,-10.224537524863694,0.2816499089740034,-0.8173781770010853,2.7080502011022096,2.110213200346589,0,1,0,0,0,0,0,0,0,0,0.0
12147_2010,0.02006746834224084,-0.032407304523596844,0.56513614040156,0.6239638900179322,0.0927734845201984,0.3013662351522407,1.0315643397272949,1.081755145564645,0.26959018109604466,0.1865715721692726,-10.224537524863694,-10.45495028326201,-0.8173781770010853,-0.2525804809291832,2.110213200346589,2.0930978681273213,0,1,0,0,0,0,0,0,0,0,0.0
12165_2008,0.043596100934345634,0.0,0.09245198100351676,0.0,0.05760754173223163,0.0,3.073226407463745,0.0,0.04448125077918269,0.0,-7.739825497075341,0.0,0.1226735130166251,0.0,2.7080502011022096,0.0,0,0,0,0,0,0,1,0,0,0,0.0
12165_2009,0.0,0.0,0.0,0.0,0.0,0.0,0.0,0.0,0.0,0.0,0.0,0.0,0.0,0.0,0.0,0.0,0,0,0,0,0,0,1,0,0,0,0.0
12165_2010,0.0,0.0,0.0,0.0,0.0,0.0,0.0,0.0,0.0,0.0,0.0,0.0,0.0,0.0,0.0,0.0,0,0,0,0,0,0,1,0,0,0,0.0
12185_2008,0.05676962683879845,0.03560071903990837,0.20232202330085255,0.28957571577456065,0.01162624042194501,0.00965411892217097,4.036671754299518,3.6384687034930887,0.16365655858402328,0.04547306291515904,-9.567628317820423,-9.888301128991573,-0.28499431824781696,-0.21314348824567594,2.7080502011022096,2.7080502011022096,0,0,1,0,0,0,0,0,0,0,0.0
12185_2009,0.03560071903990837,0.04861042947095138,0.28957571577456065,0.3271084522777981,0.00965411892217097,0.014514696939812556,3.6384687034930887,3.03324589413002,0.04547306291515904,0.11433798872996982,-9.888301128991573,-9.643125395951849,-0.21314348824567594,0.10377593858722324,2.7080502011022096,2.7080502011022096,0,0,1,0,0,0,0,0,0,0,0.0
12185_2010,0.04861042947095138,0.0684405238232061,0.3271084522777981,0.25060670041221794,0.014514696939812556,0.033615705738030265,3.03324589413002,2.8325595799695784,0.11433798872996982,0.08134689920287118,-9.643125395951849,-9.666559623922089,0.10377593858722324,-0.09063601340168903,2.7080502011022096,2.7080502011022096,0,0,1,0,0,0,0,0,0,0,0.0
12194_2008,0.01632003997806037,0.015473429237123222,0.04282965528675944,0.027856368811021697,0.06741653395603991,0.052651621248217935,4.083843427116877,5.465748132507203,0.1461210129632735,0.10083092501678248,-11.031058704033999,-10.231767312966694,0.5635750220186806,0.6436027453734458,2.2679936482244267,2.7080502011022096,0,0,1,0,0,0,0,0,0,0,0.0
12194_2009,0.015473429237123222,0.04647384281565767,0.027856368811021697,0.0985808786998799,0.052651621248217935,0.3299460282728917,5.465748132507203,1.4569297332886808,0.10083092501678248,0.1729077601563035,-10.231767312966694,-11.64029642398695,0.6436027453734458,-1.2383149477476147,2.7080502011022096,1.181727195378616,0,0,1,0,0,0,0,0,0,0,0.0
12194_2010,0.04647384281565767,0.0039041870380990334,0.0985808786998799,0.07876953848513223,0.3299460282728917,0.15325689118712127,1.4569297332886808,2.8211914309262967,0.1729077601563035,0.2382647464253689,-11.64029642398695,-10.971510853202226,-1.2383149477476147,0.5426569992198184,1.181727195378616,2.0719132752590443,0,0,1,0,0,0,0,0,0,0,0.0
12197_2008,0.05072877587948561,0.06466997571508888,0.18160317961607486,0.22886537401110466,0.2267920353089173,0.2481824796929889,2.201999707063227,1.637059908622398,0.1246759359925435,0.11631835543000844,-10.785176150960957,-11.069940764086557,-0.23610425686177955,-0.21708355892233788,2.7080502011022096,2.7080502011022096,0,1,0,0,0,0,0,0,0,0,0.0
12197_2009,0.06466997571508888,0.03583101582617581,0.22886537401110466,0.3400485260540057,0.2481824796929889,0.3443049967189705,1.637059908622398,1.0383403361817294,0.11631835543000844,0.1661461820576687,-11.069940764086557,-11.128248892945432,-0.21708355892233788,-0.07694939072432144,2.7080502011022096,2.388762789235098,0,1,0,0,0,0,0,0,0,0,0.0
12197_2010,0.03583101582617581,-0.023772000193446646,0.3400485260540057,0.358698941677332,0.3443049967189705,0.2514656824154506,1.0383403361817294,1.249085596872545,0.1661461820576687,0.08418687370709597,-11.128248892945432,-11.25390785717766,-0.07694939072432144,-0.06927154782585301,2.388762789235098,2.5087859235779435,0,1,0,0,0,0,0,0,0,0,0.0
12214_2008,0.04044050879142976,0.029199635535852437,0.16008342698681693,0.08565697738246224,0.05556201088441928,0.04350352909113355,3.6865217137439408,4.328350105193169,0.09363805120398118,0.26034384305236,-8.711840415796079,-8.008323730010419,0.18990314352776888,-0.00442992334980429,2.7080502011022096,2.7080502011022096,0,0,0,0,0,0,1,0,0,0,0.0
12214_2009,0.029199635535852437,0.042967158204168375,0.08565697738246224,0.08517064984544663,0.04350352909113355,0.0610431309848228,4.328350105193169,3.6456881376577206,0.26034384305236,0.09620062483995133,-8.008323730010419,-7.501148834322332,-0.00442992334980429,0.4333287755171725,2.7080502011022096,2.7080502011022096,0,0,0,0,0,0,1,0,0,0,0.0
12214_2010,0.042967158204168375,0.04357210520687537,0.08517064984544663,0.05327912679012661,0.0610431309848228,0.07988026864793096,3.6456881376577206,3.1586754161600066,0.09620062483995133,0.1177776863848812,-7.501148834322332,-7.59323358086712,0.4333287755171725,-0.02607903063997019,2.7080502011022096,2.7080502011022096,0,0,0,0,0,0,1,0,0,0,0.0
12221_2008,0.0052139731585337384,0.004952342528619698,0.8958672326035219,0.9266226234303292,0.04153565382885622,0.032939129557718494,1.2224456049773378,0.8659786451451631,0.02525589615808516,0.035979916247173206,-12.510359597652984,-12.844801526128506,-0.1975061353899956,-0.30165597817721,2.670694414558441,2.3860067011331183,0,0,0,0,0,1,0,0,0,0,0.0
12221_2009,0.004952342528619698,0.004808925862005768,0.9266226234303292,0.9550944929409718,0.032939129557718494,0.01752689565379451,0.8659786451451631,0.5318213611418174,0.035979916247173206,0.09420829148335864,-12.844801526128506,-12.761412867847968,-0.30165597817721,0.047722553443119035,2.3860067011331183,2.0149030205422647,0,0,0,0,0,1,0,0,0,0,0.0
12221_2010,0.004808925862005768,0.005681466077304511,0.9550944929409718,0.9372691983773916,0.01752689565379451,0.025080231342593674,0.5318213611418174,0.6905940483326922,0.09420829148335864,0.09997752799138443,-12.761412867847968,-13.251300383939911,0.047722553443119035,-0.5063932865135468,2.0149030205422647,1.7595805708638197,0,0,0,0,0,1,0,0,0,0,0.0
1222_2008,0.0158117445534165,0.019968977876597627,0.4841447391519565,0.5096963201619513,0.037280607408352456,0.004315642254918592,1.9686045265250016,1.8058935525597304,0.0611446341038689,0.06362902452105476,-9.632517238915169,-9.730245978025463,-0.15452817741539915,-0.08837133939490859,2.7080502011022096,2.7080502011022096,0,0,0,0,0,0,0,0,1,0,0.0
1222_2009,0.019968977876597627,0.02013071283256198,0.5096963201619513,0.5133991754221318,0.004315642254918592,0.00701401472867233,1.8058935525597304,2.0968178877466195,0.06362902452105476,0.07573412687059462,-9.730245978025463,-9.007360200996539,-0.08837133939490859,0.7102592688062366,2.7080502011022096,2.7080502011022096,0,0,0,0,0,0,0,0,1,0,0.0
1222_2010,0.02013071283256198,0.021692265204925155,0.5133991754221318,0.5910342595400313,0.00701401472867233,0.005277306517527039,2.0968178877466195,1.6802667655149417,0.07573412687059462,0.06222500101381865,-9.007360200996539,-9.472479259115858,0.7102592688062366,-0.463415777151084,2.7080502011022096,2.7080502011022096,0,0,0,0,0,0,0,0,1,0,0.0
12234_2008,-0.17484610322091784,-0.17839727964582547,0.4685182995906946,0.4416320781441219,0.2912519234188403,0.18520488311188096,2.9037914901646253,5.8579082330857535,0.17678847073882673,0.131372898614251,-12.172354014323671,-12.585988560418231,-0.6278328644378535,-0.3754380042666426,0.9122827104766164,0.5128236264286637,0,0,0,0,0,0,1,0,0,0,1.0
12234_2009,-0.17839727964582547,0.0,0.4416320781441219,0.0,0.18520488311188096,0.0,5.8579082330857535,0.0,0.131372898614251,0.0,-12.585988560418231,0.0,-0.3754380042666426,0.0,0.5128236264286637,0.0,0,0,0,0,0,0,1,0,0,0,1.0
12234_2010,0.0,0.0,0.0,0.0,0.0,0.0,0.0,0.0,0.0,0.0,0.0,0.0,0.0,0.0,0.0,0.0,0,0,0,0,0,0,1,0,0,0,1.0
12240_2008,0.015369706433856715,0.025282067125344254,0.477240397064425,0.5449463530419622,0.004413554362293217,0.00034680113020105734,1.4239122648175515,1.2372870095196853,0.14026991594760807,0.12595803380200313,-10.625022181198057,-11.288237394275642,0.1550666561406801,-0.3556136279074132,2.7080502011022096,2.2874714551839976,0,0,1,0,0,0,0,0,0,0,0.0
12240_2009,0.025282067125344254,0.026724467098366584,0.5449463530419622,0.6787591254038856,0.00034680113020105734,0.008663792326153755,1.2372870095196853,0.7026652601402216,0.12595803380200313,0.19936290172511964,-11.288237394275642,-11.983053531121616,-0.3556136279074132,-0.5518355193912818,2.2874714551839976,1.0986122886681098,0,0,1,0,0,0,0,0,0,0,0.0
12240_2010,0.026724467098366584,-0.07691958348201253,0.6787591254038856,0.6787945632075778,0.008663792326153755,0.0005493020187930495,0.7026652601402216,0.7953751319359766,0.19936290172511964,0.20445860561624274,-11.983053531121616,-11.639576685586116,-0.5518355193912818,0.5381016827615948,1.0986122886681098,1.6677068205580758,0,0,1,0,0,0,0,0,0,0,0.0
12289_2008,0.009847866248300693,0.008696037223842653,0.8636162059264586,0.902783007102681,0.0315781931627401,0.040999088617272535,1.3058286624028657,0.9426126416988654,0.028861431776467068,0.06087778345419138,-10.983912235249283,-11.323987980742116,0.00788780231965065,-0.2905873374763572,2.7080502011022096,2.7080502011022096,0,0,0,0,0,1,0,0,0,0,0.0
12289_2009,0.008696037223842653,0.004107794513567783,0.902783007102681,0.9649665485826964,0.040999088617272535,0.025769054287098043,0.9426126416988654,0.3485841830101961,0.06087778345419138,0.14274787110407094,-11.323987980742116,-11.73719113191375,-0.2905873374763572,-0.5825361376294018,2.7080502011022096,2.0451088625993306,0,0,0,0,0,1,0,0,0,0,0.0
12289_2010,0.004107794513567783,0.003756482987842029,0.9649665485826964,0.9521420725468036,0.025769054287098043,0.0632430071664547,0.3485841830101961,0.4896502234332797,0.14274787110407094,0.23764460530341505,-11.73719113191375,-11.592824492127345,-0.5825361376294018,0.2000572570659352,2.0451088625993306,2.4239173781615704,0,0,0,0,0,1,0,0,0,0,0.0
12332_2008,-0.06244910067626424,-0.4356672027437038,0.42340679211913135,0.5641835799366656,0.006443311143905024,0.016461275737026975,1.9824899576476824,36.8006,0.1449017539221127,0.3216481513769464,-12.248032445270507,-12.764728089325526,-0.13278096257804947,-0.6931178689432611,1.5303947050936475,0.9820784724121582,0,0,0,0,1,0,0,0,0,0,1.0
12332_2009,-0.4356672027437038,0.0,0.5641835799366656,0.0,0.016461275737026975,0.0,36.8006,0.0,0.3216481513769464,0.0,-12.764728089325526,0.0,-0.6931178689432611,0.0,0.9820784724121582,0.0,0,0,0,0,1,0,0,0,0,0,1.0
12332_2010,0.0,0.0,0.0,0.0,0.0,0.0,0.0,0.0,0.0,0.0,0.0,0.0,0.0,0.0,0.0,0.0,0,0,0,0,1,0,0,0,0,0,1.0
12339_2008,0.04618946340520522,0.051868758480584386,0.047559667142995504,0.05268874253009363,0.07736944311782225,0.08228868354209379,3.0431991602757047,2.7737655847476996,0.1497637247697766,0.06671235926781299,-10.2384533363026,-10.277706592930672,-0.2289371213891021,-0.05964899586676739,2.7080502011022096,2.7080502011022096,0,0,1,0,0,0,0,0,0,0,0.0
12339_2009,0.051868758480584386,0.036040725528778,0.05268874253009363,0.29051295233641433,0.08228868354209379,0.04441157216663273,2.7737655847476996,1.6502081899559056,0.06671235926781299,0.16836856976088055,-10.277706592930672,-10.640769643419,-0.05964899586676739,-0.18647666173198169,2.7080502011022096,2.4553061800117097,0,0,1,0,0,0,0,0,0,0,0.0
12339_2010,0.036040725528778,0.02374255439673754,0.29051295233641433,0.3594145039983717,0.04441157216663273,0.07072250245836714,1.6502081899559056,1.1425680915471612,0.16836856976088055,0.30714296822899384,-10.640769643419,-11.23859076434539,-0.18647666173198169,-0.531133572794346,2.4553061800117097,2.091864061678393,0,0,1,0,0,0,0,0,0,0,0.0
12347_2008,-0.1163215513352437,0.030985615372556893,0.1798115473323718,0.10327859841325962,0.21598035415885686,0.10010267463000147,2.3184165649675506,3.872682986444993,0.12621896296053006,0.08746733431827096,-12.415205405124247,-11.486383192557671,-0.4401796593158517,0.7161056725439835,0.7701082216960737,1.6770965609079151,0,0,0,0,0,0,1,0,0,0,0.0
12347_2009,0.030985615372556893,0.08819185503579731,0.10327859841325962,0.20129943240898346,0.10010267463000147,0.1837882229831312,3.872682986444993,1.8630148413977208,0.08746733431827096,0.21810167627532648,-11.486383192557671,-11.776969978788259,0.7161056725439835,-0.3826928169316994,1.6770965609079151,0.9162907318741552,0,0,0,0,0,0,1,0,0,0,0.0
12347_2010,0.08819185503579731,0.047741312980767024,0.20129943240898346,0.08212576470641997,0.1837882229831312,0.17286885925484902,1.8630148413977208,2.7597535216865863,0.21810167627532648,0.1935315352961675,-11.776969978788259,-11.16490912753966,-0.3826928169316994,0.6088226200308665,0.9162907318741552,1.7119945007591924,0,0,0,0,0,0,1,0,0,0,0.0
12361_2008,-0.12595324562767013,-0.0032305803660709065,0.7163414209071083,0.6898058267362832,0.030381392456936145,0.015445250893024716,1.0572117249890718,1.1047216856103148,0.13833145533830393,0.12290016850550467,-14.563972091294193,-14.059498789754572,-0.7497647847995469,0.04108942972420592,-0.07375418858866198,-0.11653381625595152,0,0,0,1,0,0,0,0,0,0,0.0
12361_2009,-0.0032305803660709065,0.0,0.6898058267362832,0.0,0.015445250893024716,0.0,1.1047216856103148,0.0,0.12290016850550467,0.0,-14.059498789754572,0.0,0.04108942972420592,0.0,-0.11653381625595152,0.0,0,0,0,1,0,0,0,0,0,0,0.0
12361_2010,0.0,0.0,0.0,0.0,0.0,0.0,0.0,0.0,0.0,0.0,0.0,0.0,0.0,0.0,0.0,0.0,0,0,0,1,0,0,0,0,0,0,0.0
12375_2008,0.027975014583805455,0.032909294630270335,0.3693949443592351,0.38266438065187663,0.0490945617738092,0.056758438361562864,1.188100221647591,1.0965130438665558,0.07645015062547762,0.07637169376461768,-9.487822375341207,-9.507420300302506,-0.1024952757613833,-0.11575717883427306,2.7080502011022096,2.7080502011022096,0,0,0,1,0,0,0,0,0,0,0.0
12375_2009,0.032909294630270335,0.0,0.38266438065187663,0.0,0.056758438361562864,0.0,1.0965130438665558,0.0,0.07637169376461768,0.0,-9.507420300302506,0.0,-0.11575717883427306,0.0,2.7080502011022096,0.0,0,0,0,1,0,0,0,0,0,0,0.0
12375_2010,0.0,0.0,0.0,0.0,0.0,0.0,0.0,0.0,0.0,0.0,0.0,0.0,0.0,0.0,0.0,0.0,0,0,0,1,0,0,0,0,0,0,0.0
12378_2008,0.0251422473538538,0.019265323682745358,0.16059141973956714,0.2801412157716252,0.0076286620149956874,0.007927569975198662,4.4613448391428765,4.994666350598553,0.0661701537973627,0.06139359336190354,-11.621320120212625,-11.678801421555546,-0.20756439280243924,0.06968170999311563,2.7080502011022096,2.7080502011022096,0,0,1,0,0,0,0,0,0,0,0.0
12378_2009,0.019265323682745358,0.010673888800382348,0.2801412157716252,0.41437929321800415,0.007927569975198662,0.02884480221911928,4.994666350598553,3.3325156384153067,0.06139359336190354,0.12734557613530734,-11.678801421555546,-11.74123807591876,0.06968170999311563,-0.16467867765679262,2.7080502011022096,2.4423470353692043,0,0,1,0,0,0,0,0,0,0,0.0
12378_2010,0.010673888800382348,0.03857866413213176,0.41437929321800415,0.2735661948272007,0.02884480221911928,0.08419501583974387,3.3325156384153067,4.439238153740488,0.12734557613530734,0.10421869746293266,-11.74123807591876,-11.409107453026731,-0.16467867765679262,0.44215164532214457,2.4423470353692043,2.7080502011022096,0,0,1,0,0,0,0,0,0,0,0.0
12384_2008,-0.1371340382757152,0.005814380147561065,0.35466173298589965,0.12467047141639427,0.004213167981755151,0.05303504998673418,4.7136387051023885,4.770742122962091,0.1283143256849088,0.13965476897146126,-13.411838752006373,-12.98474660431524,-0.4254171484947357,0.4542044669234603,0.6312717768418578,1.0971111625418426,0,0,1,0,0,0,0,0,0,0,0.0
12384_2009,0.005814380147561065,0.10557590253382164,0.12467047141639427,0.15625233575005604,0.05303504998673418,0.04323940503774572,4.770742122962091,4.070641689053964,0.13965476897146126,0.10986565549480833,-12.98474660431524,-13.06511967952124,0.4542044669234603,0.1614344986300042,1.0971111625418426,0.6575200029167941,0,0,1,0,0,0,0,0,0,0,0.0
12384_2010,0.10557590253382164,0.060943585583618023,0.15625233575005604,0.2085185820736419,0.04323940503774572,0.014247903114258826,4.070641689053964,3.5655404566526654,0.10986565549480833,0.18878603349494985,-13.06511967952124,-13.560006462226903,0.1614344986300042,-0.00901394240959641,0.6575200029167941,0.4700036292457356,0,0,1,0,0,0,0,0,0,0,0.0
12390_2008,0.012140966834314931,0.013625892770638958,0.032024334581283384,0.04510296550822435,0.057636687703776064,0.06108606435943911,5.592572622435474,4.7141155574130185,0.18503088622973507,0.17931402736798338,-10.060040930081735,-10.140575370708106,0.8693256888809616,-0.2568365174469284,2.7080502011022096,2.7080502011022096,0,1,0,0,0,0,0,0,0,0,0.0
12390_2009,0.013625892770638958,0.013321424674962043,0.04510296550822435,0.05568222373854207,0.06108606435943911,0.10410460387992966,4.7141155574130185,2.776325897301097,0.17931402736798338,0.20757116290077016,-10.140575370708106,-10.333682294780115,-0.2568365174469284,-0.16642664216253905,2.7080502011022096,2.3599101596133147,0,1,0,0,0,0,0,0,0,0,0.0
12390_2010,0.013321424674962043,-0.010884957423106698,0.05568222373854207,0.06627268092819515,0.10410460387992966,0.09990465041632836,2.776325897301097,2.1934997394129585,0.20757116290077016,0.16036310036950474,-10.333682294780115,-10.823508401804268,-0.16642664216253905,-0.4998116993165951,2.3599101596133147,2.1004689088719117,0,1,0,0,0,0,0,0,0,0,0.0
1239_2008,0.0012519323303359533,0.013216565821515995,0.1689564327549043,0.08790922506763164,0.06744105031679333,0.12131600141696836,2.0345650583480253,2.9720437721574418,0.1413307095784739,0.1798199906096242,-12.940521152383926,-12.317617915249233,-0.40307590911247454,0.5460885512395496,1.2809338454620642,1.8794650496471603,0,0,0,0,0,0,1,0,0,0,0.0
1239_2009,0.013216565821515995,0.1883832762085294,0.08790922506763164,0.2193518998130127,0.12131600141696836,0.4887385153428774,2.9720437721574418,1.0176758691270202,0.1798199906096242,0.2164585297408453,-12.317617915249233,-12.8198978916446,0.5460885512395496,-0.3755859274132794,1.8794650496471603,0.8738006802532029,0,0,0,0,0,0,1,0,0,0,0.0
1239_2010,0.1883832762085294,-0.01819311622731749,0.2193518998130127,0.10404398651331506,0.4887385153428774,0.3508960838812579,1.0176758691270202,1.7796572785203544,0.2164585297408453,0.07356141210885561,-12.8198978916446,-12.423464887160973,-0.3755859274132794,0.2623593920002605,0.8738006802532029,1.4951487660319729,0,0,0,0,0,0,1,0,0,0,0.0
12412_2008,0.005171892551261224,0.0015798843351972189,0.9177768011138892,0.8607495883328712,0.15200958561018835,0.11646081623759515,1.3253915807897696,1.9252518450606095,0.04637347783227085,0.07176214422399176,-12.033122572664487,-11.700874798956725,0.2392568850481509,0.24777434188302105,2.7080502011022096,2.7080502011022096,0,0,0,0,0,1,0,0,0,0,0.0
12412_2009,0.0015798843351972189,-0.0013551679189495658,0.8607495883328712,0.94142574792552,0.11646081623759515,0.010797628257436864,1.9252518450606095,0.970066737748292,0.07176214422399176,0.2286705715223981,-11.700874798956725,-12.722371418943473,0.24777434188302105,-0.8210633614822678,2.7080502011022096,2.19722457733622,0,0,0,0,0,1,0,0,0,0,0.0
12412_2010,-0.0013551679189495658,-0.0017206113003822743,0.94142574792552,0.9260863960920129,0.010797628257436864,0.007264672592249699,0.970066737748292,1.2853444569837296,0.2286705715223981,0.1501363070678388,-12.722371418943473,-12.098783607745414,-0.8210633614822678,0.4505183869688435,2.19722457733622,2.7080502011022096,0,0,0,0,0,1,0,0,0,0,0.0
12415_2008,0.01919678627199001,0.013566252175744602,0.3616671805211849,0.17474406018290725,0.002896684319615691,0.0033506308418174784,2.9391235744454187,4.669391347006221,0.07528797107661375,0.3213147334956397,-10.42063932457616,-9.49529569113117,0.14602224795836186,-0.3901402871396156,2.7080502011022096,2.7080502011022096,0,0,0,1,0,0,0,0,0,0,0.0
12415_2009,0.013566252175744602,0.01897922753803442,0.17474406018290725,0.18565410755712689,0.0033506308418174784,0.0008213352425760443,4.669391347006221,4.324528340092225,0.3213147334956397,0.17015840248312145,-9.49529569113117,-9.015360186421912,-0.3901402871396156,0.4248672406931765,2.7080502011022096,2.7080502011022096,0,0,0,1,0,0,0,0,0,0,0.0
12415_2010,0.01897922753803442,0.016228800943629763,0.18565410755712689,0.06495499021253624,0.0008213352425760443,0.0848267187363688,4.324528340092225,3.774014405847917,0.17015840248312145,0.2131084330974793,-9.015360186421912,-7.9329224174550745,0.4248672406931765,0.4591338754490661,2.7080502011022096,2.7080502011022096,0,0,0,1,0,0,0,0,0,0,0.0
12452_2008,-0.17689535672406634,0.0,0.7226516637963184,0.0,0.0029297180273619673,0.0,1.0503469091483746,0.0,0.10386783400359192,0.0,-12.717754941765671,0.0,-0.5894960037000693,0.0,1.3056264580524355,0.0,0,0,1,0,0,0,0,0,0,0,1.0
12452_2009,0.0,0.0,0.0,0.0,0.0,0.0,0.0,0.0,0.0,0.0,0.0,0.0,0.0,0.0,0.0,0.0,0,0,1,0,0,0,0,0,0,0,1.0
12452_2010,0.0,0.0,0.0,0.0,0.0,0.0,0.0,0.0,0.0,0.0,0.0,0.0,0.0,0.0,0.0,0.0,0,0,1,0,0,0,0,0,0,0,1.0
12461_2008,0.011298686462493943,0.008323943476227275,0.8230909645110309,0.8803067404349965,0.032989278071663033,0.02455512764988102,1.8484213249553736,1.2954991735973629,0.12361839857386513,0.0849940216747723,-10.350663368844948,-10.720989015509936,-0.4952337148855233,-0.32998884033805,2.7080502011022096,2.7080502011022096,0,0,0,0,0,1,0,0,0,0,0.0
12461_2009,0.008323943476227275,0.00555093466357909,0.8803067404349965,0.8712810382305421,0.02455512764988102,0.05680854224363011,1.2954991735973629,1.2039666988238813,0.0849940216747723,0.1589961840545491,-10.720989015509936,-10.057481806021949,-0.32998884033805,0.6704257843178785,2.7080502011022096,2.7080502011022096,0,0,0,0,0,1,0,0,0,0,0.0
12461_2010,0.00555093466357909,0.0032999030002197035,0.8712810382305421,0.9099143059400068,0.05680854224363011,0.018122230459699382,1.2039666988238813,0.8248012172536202,0.1589961840545491,0.1933037457076789,-10.057481806021949,-10.680498962237408,0.6704257843178785,-0.5289984636537115,2.7080502011022096,2.5168896956410505,0,0,0,0,0,1,0,0,0,0,0.0
12462_2008,0.002189103032610838,0.003972359201113663,0.9370712567099876,0.954946350459448,0.036682710453310736,0.03638315216363617,1.1210569102635888,0.7799189745585828,0.04515113073622865,0.06267029035772749,-11.970557175993012,-12.187864177394335,-0.18132075267538908,-0.19518785271182426,2.7080502011022096,2.6567569067146595,0,0,0,0,0,1,0,0,0,0,0.0
12462_2009,0.003972359201113663,0.004305515089518004,0.954946350459448,0.9710569786052672,0.03638315216363617,0.03611395977754305,0.7799189745585828,0.523916619425109,0.06267029035772749,0.09338978860444924,-12.187864177394335,-12.06737837578349,-0.19518785271182426,0.014073674936040115,2.6567569067146595,2.302585092994046,0,0,0,0,0,1,0,0,0,0,0.0
12462_2010,0.004305515089518004,0.0010472388649018132,0.9710569786052672,0.9775318802086392,0.03611395977754305,0.042436222739432684,0.523916619425109,0.3298073012599053,0.09338978860444924,0.12003204865978112,-12.06737837578349,-12.472777793490211,0.014073674936040115,-0.4547739600453393,2.302585092994046,2.122261538862764,0,0,0,0,0,1,0,0,0,0,0.0
12484_2008,0.038540009891545546,0.03182162303161872,0.049814055060250786,0.034195899193512465,0.12451562149023887,0.08063151051957132,2.849522451908187,4.2864354738256,0.09719337127611337,0.08912147958908473,-9.733146408222703,-8.761173369217515,0.5249338251216856,0.9610702688048616,2.7080502011022096,2.7080502011022096,0,0,1,0,0,0,0,0,0,0,0.0
12484_2009,0.03182162303161872,0.0646130660502323,0.034195899193512465,0.08655152094271397,0.08063151051957132,0.1704537908405815,4.2864354738256,2.321250431646395,0.08912147958908473,0.19000506524640629,-8.761173369217515,-8.92408812655324,0.9610702688048616,0.002833488327060429,2.7080502011022096,2.7080502011022096,0,0,1,0,0,0,0,0,0,0,0.0
12484_2010,0.0646130660502323,0.08247179521945212,0.08655152094271397,0.0756592885107537,0.1704537908405815,0.24171228581597545,2.321250431646395,2.283890419993876,0.19000506524640629,0.19003636659994225,-8.92408812655324,-8.933314301601902,0.002833488327060429,0.36967944072436587,2.7080502011022096,2.7080502011022096,0,0,1,0,0,0,0,0,0,0,0.0
12499_2008,0.0,0.0,0.0,0.0,0.0,0.0,0.0,0.0,0.0,0.0,0.0,0.0,0.0,0.0,0.0,0.0,0,0,0,0,0,0,0,1,0,0,0.0
12499_2009,0.0,-0.007373337941095299,0.0,0.2187193890190325,0.0,0.2068669205529728,0.0,0.9851991312708308,0.0,0.2461310452227676,0.0,-6.5502986528850915,0.0,-0.6764761857946084,0.0,2.1564025828159643,0,0,0,0,0,0,0,1,0,0,0.0
12499_2010,-0.007373337941095299,0.006694991655670489,0.2187193890190325,0.1769136733082485,0.2068669205529728,0.19225883117390036,0.9851991312708308,1.254991346213917,0.2461310452227676,0.07765637157633061,-6.5502986528850915,-6.571736514187593,-0.6764761857946084,-0.05904631615813888,2.1564025828159643,2.4078456036515385,0,0,0,0,0,0,0,1,0,0,0.0
12503_2008,0.012860620394732177,0.009596654093909987,0.7979867577496152,0.8817997301301854,0.03481985823398838,0.04045493735862865,1.6814980591905382,1.1329468967522216,0.21007854594349806,0.06296123540290001,-11.186066794883773,-11.533693972381075,-0.5824087393235977,-0.35837573655983074,2.7080502011022096,2.4466854369678033,0,0,0,0,0,1,0,0,0,0,0.0
12503_2009,0.009596654093909987,-0.0030562111032264713,0.8817997301301854,0.9522346496607548,0.04045493735862865,0.022141961121073597,1.1329468967522216,0.4934179684451819,0.06296123540290001,0.15850387068511018,-11.533693972381075,-12.674368202464333,-0.35837573655983074,-1.2479207923061308,2.4466854369678033,0.8109302162163288,0,0,0,0,0,1,0,0,0,0,0.0
12503_2010,-0.0030562111032264713,-0.006994991847956322,0.9522346496607548,0.9682988357141876,0.022141961121073597,0.01745792693574257,0.4934179684451819,0.3162773060799938,0.15850387068511018,0.17667841398005946,-12.674368202464333,-12.913387619227214,-1.2479207923061308,-0.7139955806165446,0.8109302162163288,0.8064758658669485,0,0,0,0,0,1,0,0,0,0,0.0
12516_2008,-0.17711384972936609,-0.1439415354213293,0.13300510687746553,0.12577249540327956,0.18754166539249564,0.17516552083630488,4.6256909592831645,5.026294248068003,0.13923749896755344,0.32306369846422944,-11.38199850894065,-13.534632041794048,-0.5829688065463026,-2.4722744447635967,0.7129498078561249,-1.6094379124341005,0,0,0,0,1,0,0,0,0,0,0.0
12516_2009,-0.1439415354213293,-0.4994982098767576,0.12577249540327956,0.4366094961610451,0.17516552083630488,0.4436241400984134,5.026294248068003,2.157665918802424,0.32306369846422944,0.21867245142190975,-13.534632041794048,-13.823290926036568,-2.4722744447635967,-0.7751656134036222,-1.6094379124341005,-2.4090573375045627,0,0,0,0,1,0,0,0,0,0,0.0
12516_2010,-0.4994982098767576,-0.15218934611191398,0.4366094961610451,0.31334778529956137,0.4436241400984134,0.2477751578306838,2.157665918802424,4.2083569658215945,0.21867245142190975,0.21334087560850906,-13.823290926036568,-12.540291972285168,-0.7751656134036222,1.1438159321633106,-2.4090573375045627,-0.9956045385938808,0,0,0,0,1,0,0,0,0,0,0.0
12517_2008,0.07308261577971295,0.0,0.908262120630407,0.0,0.021367202497317227,0.0,6.7621,0.0,0.4518301760320585,0.0,-14.447098842769467,0.0,-0.6507880912752491,0.0,-0.9462346082472272,0.0,0,1,0,0,0,0,0,0,0,0,0.0
12517_2009,0.0,0.0,0.0,0.0,0.0,0.0,0.0,0.0,0.0,0.0,0.0,0.0,0.0,0.0,0.0,0.0,0,1,0,0,0,0,0,0,0,0,0.0
12517_2010,0.0,0.0,0.0,0.0,0.0,0.0,0.0,0.0,0.0,0.0,0.0,0.0,0.0,0.0,0.0,0.0,0,1,0,0,0,0,0,0,0,0,0.0
12525_2008,0.013494306938094879,0.01409627817810119,0.7473668965703253,0.7789593636970222,0.0565750042363018,0.07544827104548127,2.4139183867955953,2.0446382671169685,0.03693478501136405,0.06252432799733,-9.600459318776167,-9.716084642342922,0.028432090601983536,-0.10755888596829716,2.7080502011022096,2.7080502011022096,0,0,0,0,0,1,0,0,0,0,0.0
12525_2009,0.01409627817810119,0.013347267407847894,0.7789593636970222,0.7139103461507504,0.07544827104548127,0.04240074670785899,2.0446382671169685,2.555827959640176,0.06252432799733,0.039633933171889305,-9.716084642342922,-8.837885585382805,-0.10755888596829716,0.813428958709876,2.7080502011022096,2.7080502011022096,0,0,0,0,0,1,0,0,0,0,0.0
12525_2010,0.013347267407847894,0.013502033838435444,0.7139103461507504,0.7187483207791299,0.04240074670785899,0.0807007354024271,2.555827959640176,2.3048654764786973,0.039633933171889305,0.08256037397833739,-8.837885585382805,-9.089198372059112,0.813428958709876,-0.09647597285435204,2.7080502011022096,2.7080502011022096,0,0,0,0,0,1,0,0,0,0,0.0
12530_2008,0.157798927461184,0.12272587022700085,0.1476696207684796,0.15924658051662496,0.003137209201977185,0.00487782167462887,2.0546686401538268,1.497300241213949,0.14150335610948192,0.07595616427044742,-8.160625989492196,-8.362220525436507,-0.5871223267157136,-0.2298130638655221,2.7080502011022096,2.7080502011022096,0,0,0,0,0,0,0,0,0,0,0.0
12530_2009,0.12272587022700085,0.14781483037574344,0.15924658051662496,0.2495210282289363,0.00487782167462887,0.03459244117915749,1.497300241213949,0.8429357048494801,0.07595616427044742,0.1932451450191305,-8.362220525436507,-8.401985755821194,-0.2298130638655221,-0.14226115408600265,2.7080502011022096,2.4432162227337915,0,0,0,0,0,0,0,0,0,0,0.0
12530_2010,0.14781483037574344,-0.0130180535818212,0.2495210282289363,0.19754144195532988,0.03459244117915749,0.016974313983595522,0.8429357048494801,1.1178605756276605,0.1932451450191305,0.13929273960788596,-8.401985755821194,-8.345286781939711,-0.14226115408600265,0.17683173210851882,2.4432162227337915,2.7080502011022096,0,0,0,0,0,0,0,0,0,0,0.0
12539_2008,0.01750502454716852,-0.003085685357687107,0.3098418901008643,0.4380365843703194,0.20533130899565055,0.017582137306920317,2.7444095978621927,3.0095507125040566,0.1396233241263973,0.13484401756598147,-9.165721461039746,-8.384031079773102,-0.02535800098554547,0.4928506067463282,2.7080502011022096,2.7080502011022096,0,0,0,0,0,0,1,0,0,0,0.0
12539_2009,-0.003085685357687107,0.006955695105202564,0.4380365843703194,0.4550919510716094,0.017582137306920317,0.03579360690830743,3.0095507125040566,1.9086594975837,0.13484401756598147,0.21946416340861552,-8.384031079773102,-8.18089486872499,0.4928506067463282,0.16343209966112932,2.7080502011022096,2.7080502011022096,0,0,0,0,0,0,1,0,0,0,0.0
12539_2010,0.006955695105202564,-0.0005397725874967405,0.4550919510716094,0.3489938185358483,0.03579360690830743,0.029255002226651932,1.9086594975837,1.7708734267612285,0.21946416340861552,0.1521205908764246,-8.18089486872499,-8.205213512150575,0.16343209966112932,-0.2625239535796797,2.7080502011022096,2.7080502011022096,0,0,0,0,0,0,1,0,0,0,0.0
12541_2008,0.04387713635661556,0.011259057947878327,0.4617178133711223,0.6076076970952414,0.010323987015757123,0.030043736978734314,1.2424746554360249,0.8273142055604014,0.09159906177033576,0.09217127430833894,-9.806092119508023,-10.234914270744598,-0.2445525473615252,-0.4811997548871014,2.7080502011022096,2.7080502011022096,0,1,0,0,0,0,0,0,0,0,0.0
12541_2009,0.011259057947878327,0.02571596107688205,0.6076076970952414,0.6174394988956283,0.030043736978734314,0.012082270560801986,0.8273142055604014,0.6540314587763858,0.09217127430833894,0.21347532897133384,-10.234914270744598,-9.993104598616627,-0.4811997548871014,0.3198825059594959,2.7080502011022096,2.479894107964456,0,1,0,0,0,0,0,0,0,0,0.0
12541_2010,0.02571596107688205,-0.05655462383103685,0.6174394988956283,0.484551103040731,0.012082270560801986,0.025650416221377138,0.6540314587763858,0.9069377254588488,0.21347532897133384,0.2769981530005792,-9.993104598616627,-9.94927007324148,0.3198825059594959,0.13354912224527388,2.479894107964456,2.7080502011022096,0,1,0,0,0,0,0,0,0,0,0.0
12546_2008,0.027344835015620576,0.03137843551383018,0.05270268324164423,0.05666608896082469,0.0374802560248009,0.03630695175960387,3.9845503662601036,3.8542761181777063,0.13211217138029044,0.09285246094821044,-8.118538636179677,-7.952725867968629,-0.2754862712781668,0.09386902921734364,2.7080502011022096,2.7080502011022096,0,0,1,0,0,0,0,0,0,0,0.0
12546_2009,0.03137843551383018,0.06902738638460737,0.05666608896082469,0.09529646106709848,0.03630695175960387,0.12671721048533216,3.8542761181777063,2.160013682812694,0.09285246094821044,0.14496027011119147,-7.952725867968629,-8.04731430955095,0.09386902921734364,-0.2403746243100355,2.7080502011022096,2.7067159780890733,0,0,1,0,0,0,0,0,0,0,0.0
12546_2010,0.06902738638460737,0.03884558962477764,0.09529646106709848,0.059942825739338214,0.12671721048533216,0.08859973549886753,2.160013682812694,3.131630266279044,0.14496027011119147,0.062100483488167775,-8.04731430955095,-7.428827632533608,-0.2403746243100355,0.5123782510756171,2.7067159780890733,2.7080502011022096,0,0,1,0,0,0,0,0,0,0,0.0
12553_2008,0.05534349428050142,0.02176350694741401,0.30611956593969186,0.4239524948507512,0.040335048922465117,0.04509373820109232,1.5951106813811016,1.034017798674178,0.09726839573167624,0.117748646817938,-9.580805672406003,-10.047623986484512,-0.310778342423302,-0.5237122501982289,2.7080502011022096,2.7080502011022096,0,1,0,0,0,0,0,0,0,0,0.0
12553_2009,0.02176350694741401,0.005557418123094957,0.4239524948507512,0.3426750337181597,0.04509373820109232,0.017066379347851122,1.034017798674178,0.9529216611336108,0.117748646817938,0.1987419235776637,-10.047623986484512,-9.63292315289005,-0.5237122501982289,0.12364407349445412,2.7080502011022096,2.7080502011022096,0,1,0,0,0,0,0,0,0,0,0.0
12553_2010,0.005557418123094957,0.026025831323833636,0.3426750337181597,0.2388249603077121,0.017066379347851122,0.088159930191755,0.9529216611336108,1.228413563552662,0.1987419235776637,0.15760700835253494,-9.63292315289005,-9.545728549654498,0.12364407349445412,0.26455109480612937,2.7080502011022096,2.7080502011022096,0,1,0,0,0,0,0,0,0,0,0.0
12557_2008,0.02187516845800851,0.021204791517739508,0.26387549189738485,0.3451098088387829,0.1070131291153933,0.07721071665145693,2.212060719254957,1.3130861818737496,0.0793243807487372,0.11815636090001032,-10.811397198093717,-11.344054916103454,0.0902777026956188,-0.5293454792092964,2.412335956953165,1.8625285401162623,0,0,1,0,0,0,0,0,0,0,0.0
12557_2009,0.021204791517739508,-0.15721542118399912,0.3451098088387829,0.715725159485027,0.07721071665145693,0.0914260242690294,1.3130861818737496,0.2991666530561069,0.11815636090001032,0.21258855029206394,-11.344054916103454,-12.683249216311195,-0.5293454792092964,-1.1054247275746432,1.8625285401162623,0.01980262729617973,0,0,1,0,0,0,0,0,0,0,0.0
12557_2010,-0.15721542118399912,0.11930079190381393,0.715725159485027,0.2962075436950249,0.0914260242690294,0.4055108788115304,0.2991666530561069,0.618040067647077,0.21258855029206394,0.19805234177304148,-12.683249216311195,-11.951220834635107,-1.1054247275746432,0.1981489369162633,0.01980262729617973,0.9895411936137476,0,0,1,0,0,0,0,0,0,0,0.0
12561_2008,0.008809752070800078,0.008458241946719498,0.8567629129101115,0.8851610885445476,0.032967674250404845,0.022842404696674187,2.1230828098734604,1.9437265235796317,0.0303465438014882,0.04395818819857057,-10.407142575054095,-10.584966965020863,-0.1649728445116711,-0.09381870018341322,2.7080502011022096,2.7080502011022096,0,0,0,0,0,1,0,0,0,0,0.0
12561_2009,0.008458241946719498,0.004006670645776768,0.8851610885445476,0.945928380220032,0.022842404696674187,0.024535097099751938,1.9437265235796317,0.8409759371816754,0.04395818819857057,0.22011705180178667,-10.584966965020863,-10.798632321773319,-0.09381870018341322,-0.4609941844755199,2.7080502011022096,2.4510050981123186,0,0,0,0,0,1,0,0,0,0,0.0
12561_2010,0.004006670645776768,-0.026296719597695632,0.945928380220032,0.961811700765238,0.024535097099751938,0.031993246280077464,0.8409759371816754,0.730918440781405,0.22011705180178667,0.17560412544077186,-10.798632321773319,-11.545992198347676,-0.4609941844755199,-0.5571605190212329,2.4510050981123186,1.9300710850255671,0,0,0,0,0,1,0,0,0,0,0.0
12564_2008,-0.0966151917488176,-0.11932741739951395,0.4429312211522024,0.3963083703154701,0.10863866887002108,0.22383177824127512,0.7140222547648349,0.6463671617240158,0.0646936306775443,0.058402524722456474,-12.693176505349259,-12.860969801567965,-0.07730650161029233,-0.3095643520060969,0.9400072584914712,0.7080357930536959,0,0,0,0,0,0,1,0,0,0,0.0
12564_2009,-0.11932741739951395,-0.4278702089542646,0.3963083703154701,0.4767547418398579,0.22383177824127512,0.37432618074021706,0.6463671617240158,0.32441958172925817,0.058402524722456474,0.1455065580222082,-12.860969801567965,-13.309284742691286,-0.3095643520060969,-0.368320320794024,0.7080357930536959,-0.2232685591273608,0,0,0,0,0,0,1,0,0,0,0.0
12564_2010,-0.4278702089542646,-0.3840838945005612,0.4767547418398579,0.3637065095398429,0.37432618074021706,0.3288089225589226,0.32441958172925817,0.5928099492213283,0.1455065580222082,0.16731084979322575,-13.309284742691286,-13.212598201343873,-0.368320320794024,0.08279360684352627,-0.2232685591273608,0.131028262406404,0,0,0,0,0,0,1,0,0,0,0.0
12569_2008,0.02956288451509237,0.032928062910755604,0.20445820772211226,0.2467572806754324,0.03898038634567511,0.04196833560576866,1.5240112061447246,1.4760202103777098,0.08169525967600451,0.05792223805869887,-9.243806120865331,-9.213379680995843,0.1868250536098752,0.06777296370320389,2.7080502011022096,2.7080502011022096,0,0,0,1,0,0,0,0,0,0,0.0
12569_2009,0.032928062910755604,0.028845485021355075,0.2467572806754324,0.3401410385438268,0.04196833560576866,0.040946019384647384,1.4760202103777098,1.2361368374668296,0.05792223805869887,0.1767713487910475,-9.213379680995843,-9.226362072993522,0.06777296370320389,0.07353299932069217,2.7080502011022096,2.7080502011022096,0,0,0,1,0,0,0,0,0,0,0.0
12569_2010,0.028845485021355075,-0.02337941317984984,0.3401410385438268,0.3992297455962767,0.040946019384647384,0.039157656471755946,1.2361368374668296,0.9144627244795559,0.1767713487910475,0.11193059782189348,-9.226362072993522,-9.568195152876292,0.07353299932069217,-0.18550496088714669,2.7080502011022096,2.7080502011022096,0,0,0,1,0,0,0,0,0,0,0.0
12574_2008,0.11153666334736444,0.06407538661900003,0.23814310961267385,0.18587150751478496,0.025790144268418955,0.006542486595708578,1.2885248993084144,1.9507225764361376,0.12383242053411968,0.120487646455921,-9.548836416276773,-9.05698754395756,0.06656734985149695,0.5683622839115482,2.7080502011022096,2.7080502011022096,1,0,0,0,0,0,0,0,0,0,0.0
12574_2009,0.06407538661900003,0.10013520586217957,0.18587150751478496,0.2304442948868121,0.006542486595708578,0.006055634526531039,1.9507225764361376,1.7837168194519109,0.120487646455921,0.2717263235934723,-9.05698754395756,-9.168543821996618,0.5683622839115482,0.011469687430897213,2.7080502011022096,2.7080502011022096,1,0,0,0,0,0,0,0,0,0,0.0
12574_2010,0.10013520586217957,-0.01751633491032342,0.2304442948868121,0.1877686535053296,0.006055634526531039,0.022297469857300217,1.7837168194519109,1.5298325948175386,0.2717263235934723,0.1841903757985056,-9.168543821996618,-9.145802001933092,0.011469687430897213,-0.10222548555700008,2.7080502011022096,2.7080502011022096,1,0,0,0,0,0,0,0,0,0,0.0
12577_2008,0.05397214846064147,0.0466458009122953,0.030654785873226183,0.07283805408566339,0.07709314037524449,0.005639028263877035,3.4515468210181464,3.661833039498142,0.09855858931696512,0.07519336769891018,-9.581001018559355,-9.575702783974608,-0.4037135767667498,-0.023682918277527592,2.7080502011022096,2.7080502011022096,0,1,0,0,0,0,0,0,0,0,0.0
12577_2009,0.0466458009122953,0.05369089231229013,0.07283805408566339,0.11496555059478734,0.005639028263877035,0.027882865964351126,3.661833039498142,2.6470900209477453,0.07519336769891018,0.11177358948300344,-9.575702783974608,-9.32338564144642,-0.023682918277527592,0.17545904284072875,2.7080502011022096,2.7080502011022096,0,1,0,0,0,0,0,0,0,0,0.0
12577_2010,0.05369089231229013,0.011999880025684298,0.11496555059478734,0.11290195221471976,0.027882865964351126,0.051460411842444334,2.6470900209477453,2.639601425260953,0.11177358948300344,0.12057809123497948,-9.32338564144642,-9.525180379242931,0.17545904284072875,-0.0852694082382319,2.7080502011022096,2.7080502011022096,0,1,0,0,0,0,0,0,0,0,0.0
12583_2008,-0.026310460158463445,-0.006215831832395082,0.25779726669817193,0.3048357375446075,0.21552999968434408,0.2700696210980175,2.3033487626014684,1.5846979956371785,0.5741891642726146,0.09226865994699196,-8.223497733045614,-8.416890385901162,1.5701465852921586,-0.3072784596099373,2.7080502011022096,2.5877640352277083,0,0,0,0,0,0,1,0,0,0,0.0
12583_2009,-0.006215831832395082,-0.006010464134964999,0.3048357375446075,0.30154803243024864,0.2700696210980175,0.2450441299632965,1.5846979956371785,1.3357527393360051,0.09226865994699196,0.2719079398543813,-8.416890385901162,-9.234330690419872,-0.3072784596099373,-0.6278344874451123,2.5877640352277083,1.2947271675943999,0,0,0,0,0,0,1,0,0,0,0.0
12583_2010,-0.006010464134964999,-0.4225776446183464,0.30154803243024864,0.39467893585545466,0.2450441299632965,0.339222936094252,1.3357527393360051,1.3810467667179946,0.2719079398543813,0.18377544095144555,-9.234330690419872,-8.635898952171313,-0.6278344874451123,0.5242845372084529,1.2947271675943999,2.110213200346589,0,0,0,0,0,0,1,0,0,0,0.0
12608_2008,0.007871513693352367,0.008696814253685979,0.8390685684906182,0.8226049423932892,0.007809715279851663,0.010462496714138828,1.2525525940723967,1.3136809014015836,0.019750115405716414,0.04661546177270935,-7.893111847744074,-7.723960072145583,-0.16294831969826265,0.02307189668543525,2.7080502011022096,2.7080502011022096,0,0,0,0,0,1,0,0,0,0,0.0
12608_2009,0.008696814253685979,0.002405781442101459,0.8226049423932892,0.8725501542138524,0.010462496714138828,0.006277197903781135,1.3136809014015836,0.9800702172385812,0.04661546177270935,0.0948581922850497,-7.723960072145583,-7.553516475674614,0.02307189668543525,-0.018696812943593318,2.7080502011022096,2.481567748522486,0,0,0,0,0,1,0,0,0,0,0.0
12608_2010,0.002405781442101459,0.009255199043857422,0.8725501542138524,0.8540677739267782,0.006277197903781135,0.06200818057293914,0.9800702172385812,1.1514821538029745,0.0948581922850497,0.1263425880424687,-7.553516475674614,-7.388156919059701,-0.018696812943593318,-0.2058555003975121,2.481567748522486,2.6748380668960965,0,0,0,0,0,1,0,0,0,0,0.0
1260_2008,0.008661169623401339,-0.07154683101739802,0.12880461074839242,0.11099840602811188,0.005412717668868168,0.005204302799162624,4.1635038524901935,3.588268454672048,0.10835685191017178,0.11151281143269012,-11.002171097798595,-11.399232149859715,0.10747679748218296,-0.3586796536679352,2.7080502011022096,2.7080502011022096,0,0,0,0,0,0,0,0,0,0,0.0
1260_2009,-0.07154683101739802,0.07227004952597364,0.11099840602811188,0.5507728251804141,0.005204302799162624,0.004211865905328393,3.588268454672048,1.1550567541888122,0.11151281143269012,0.19088486205548405,-11.399232149859715,-11.709163863707944,-0.3586796536679352,-0.30449031070750626,2.7080502011022096,1.94876321803772,0,0,0,0,0,0,0,0,0,0,0.0
1260_2010,0.07227004952597364,0.010632207409830705,0.5507728251804141,0.5786418388354347,0.004211865905328393,0.055342002671682884,1.1550567541888122,1.0228463603136526,0.19088486205548405,0.19557662179915705,-11.709163863707944,-12.241436317826993,-0.30449031070750626,-0.6015902161942798,1.94876321803772,1.4632554022560191,0,0,0,0,0,0,0,0,0,0,0.0
12618_2008,0.006607672794358357,0.008789468837403504,0.910874427749068,0.9083166310925409,0.0027768013570107497,0.006448664053772455,1.2662865240703098,1.189719603364234,0.02673841464219944,0.020024346957308557,-12.706745024941974,-12.754442211749408,-0.0770996649359694,-0.02182559063474682,2.7080502011022096,2.7080502011022096,0,0,0,0,0,1,0,0,0,0,0.0
12618_2009,0.008789468837403504,0.008846765899610785,0.9083166310925409,0.9169513369241072,0.006448664053772455,0.026324522920793063,1.189719603364234,1.0903903566375102,0.020024346957308557,0.02376860734938225,-12.754442211749408,-12.347862175650391,-0.02182559063474682,0.4034502591497472,2.7080502011022096,2.7080502011022096,0,0,0,0,0,1,0,0,0,0,0.0
12618_2010,0.008846765899610785,0.006829109947246431,0.9169513369241072,0.9214101851025742,0.026324522920793063,0.1104498195672271,1.0903903566375102,1.0573858208993343,0.02376860734938225,0.03688586909038834,-12.347862175650391,-12.71902532100466,0.4034502591497472,-0.4139768582448304,2.7080502011022096,2.6661859970035118,0,0,0,0,0,1,0,0,0,0,0.0
1261_2008,0.014381319276298581,0.01076196980167428,0.8510906619415759,0.897573382263837,0.0654809005346361,0.02315549187648868,1.6623283129674267,1.241675931184452,0.04403078168009466,0.05701419548786343,-7.219310479168006,-7.579393119877229,-0.0487744304175092,-0.32612721519136034,2.7080502011022096,2.7080502011022096,0,0,0,0,0,1,0,0,0,0,0.0
1261_2009,0.01076196980167428,0.003360510528759529,0.897573382263837,0.9528703938730542,0.02315549187648868,0.05400482413119187,1.241675931184452,0.6198307799379247,0.05701419548786343,0.1510004032929609,-7.579393119877229,-7.874186558552735,-0.32612721519136034,-0.3657300633441953,2.7080502011022096,2.7080502011022096,0,0,0,0,0,1,0,0,0,0,0.0
1261_2010,0.003360510528759529,0.0002998746012615936,0.9528703938730542,0.921144216345907,0.05400482413119187,0.09908209619331597,0.6198307799379247,0.9241564237827291,0.1510004032929609,0.1099151259284527,-7.874186558552735,-7.705958045906278,-0.3657300633441953,0.2770536822643118,2.7080502011022096,2.7080502011022096,0,0,0,0,0,1,0,0,0,0,0.0
12624_2008,-0.06030468047594027,-0.04546917280956948,0.0056888330342756,0.005397482656030813,0.05042929337220448,0.033455904289301085,5.3500982308597544,6.445165831594353,0.17519659103155333,0.2198394419540445,-10.795738700678834,-10.382798384414812,0.13165672679681992,0.4170289920032038,2.411439497906128,2.7080502011022096,0,0,0,0,0,0,1,0,0,0,0.0
12624_2009,-0.04546917280956948,-0.34005113883382826,0.005397482656030813,0.027500018421770116,0.033455904289301085,0.07096065846775085,6.445165831594353,3.1277357645447283,0.2198394419540445,0.26006648794001114,-10.382798384414812,-11.74587330795657,0.4170289920032038,-1.0816204231350246,2.7080502011022096,0.904218150639886,0,0,0,0,0,0,1,0,0,0,0.0
12624_2010,-0.34005113883382826,-0.2796655963255084,0.027500018421770116,0.0215886772453783,0.07096065846775085,0.17524238550986687,3.1277357645447283,2.5949237571390475,0.26006648794001114,0.261597320798076,-11.74587330795657,-11.789042810886441,-1.0816204231350246,-0.2745956678607115,0.904218150639886,0.6043159668533296,0,0,0,0,0,0,1,0,0,0,0.0
1263_2008,-0.009629445799244005,0.008286672778257806,0.6353200420793896,0.7361112223744195,0.0357846025353394,0.05537095675758482,2.8720454781360565,2.200438097652476,0.11485285230427755,0.15887890868390595,-9.847548723604733,-10.39345677184615,0.3542652358480309,-0.6506418806765479,1.9544450515051504,1.4036429994545037,0,0,0,1,0,0,0,0,0,0,0.0
1263_2009,0.008286672778257806,0.07491695486241882,0.7361112223744195,0.8069060955831787,0.05537095675758482,0.049714614994739455,2.200438097652476,1.041136159662156,0.15887890868390595,0.13281893160337185,-10.39345677184615,-10.309619247421333,-0.6506418806765479,0.17153980747803593,1.4036429994545037,1.0784095813505905,0,0,0,1,0,0,0,0,0,0,0.0
1263_2010,0.07491695486241882,0.04018910561358048,0.8069060955831787,0.7697375989041264,0.049714614994739455,0.06601070876937484,1.041136159662156,1.1433426400158986,0.13281893160337185,0.1699014085348747,-10.309619247421333,-10.036055823568663,0.17153980747803593,0.4129804676497784,1.0784095813505905,1.5851452198650555,0,0,0,1,0,0,0,0,0,0,0.0
12669_2008,0.05928898090253853,0.07869085232621978,0.050594972935381434,0.1128593067532141,0.11761139117587675,0.17743254833567415,2.7969423611049486,1.7192182761157868,0.2146269871786418,0.1215749739136726,-9.751927719054368,-10.372895300183847,0.037456176061097135,-0.41305621104745416,2.7080502011022096,2.7080502011022096,0,0,1,0,0,0,0,0,0,0,0.0
12669_2009,0.07869085232621978,0.06088311860151634,0.1128593067532141,0.1707299663071046,0.17743254833567415,0.2267600196211824,1.7192182761157868,1.7032327113023316,0.1215749739136726,0.14459295571226158,-10.372895300183847,-9.933323828786234,-0.41305621104745416,0.6425282900786597,2.7080502011022096,2.7080502011022096,0,0,1,0,0,0,0,0,0,0,0.0
12669_2010,0.06088311860151634,0.0616274583430138,0.1707299663071046,0.07265366554051353,0.2267600196211824,0.10729428190611083,1.7032327113023316,2.382974999414521,0.14459295571226158,0.18199847178848955,-9.933323828786234,-9.485445363210491,0.6425282900786597,0.5673925244501359,2.7080502011022096,2.7080502011022096,0,0,1,0,0,0,0,0,0,0,0.0
12706_2008,0.05155981245758872,0.06904933067473762,0.4058362017536487,0.3441010886185651,0.020849435097164103,0.15041763306398725,1.4741212559248815,1.5330743950269563,0.1828758763030557,0.09903585669186547,-12.992714589923965,-12.693783623211514,0.6852072551101179,0.4516757449778092,1.7263316639055997,1.9947003132247447,1,0,0,0,0,0,0,0,0,0,0.0
12706_2009,0.06904933067473762,0.10927724508562116,0.3441010886185651,0.3595511857948125,0.15041763306398725,0.14373076274064595,1.5330743950269563,0.9601337488916434,0.09903585669186547,0.27551588895766665,-12.693783623211514,-12.47578249923443,0.4516757449778092,0.34555729861706863,1.9947003132247447,1.6658182458702082,1,0,0,0,0,0,0,0,0,0,0.0
12706_2010,0.10927724508562116,0.10033931578368407,0.3595511857948125,0.3460344054358219,0.14373076274064595,0.25383528376445896,0.9601337488916434,1.0025100043454855,0.27551588895766665,0.13209724812660562,-12.47578249923443,-12.456472981661284,0.34555729861706863,-0.0926006585178622,1.6658182458702082,1.8718021769015916,1,0,0,0,0,0,0,0,0,0,0.0
12721_2008,-0.0007590072886636338,0.0011311911401117468,0.8866960061738443,0.893570301242023,0.1197783698717102,0.09056599065519673,0.9840297541230651,0.9700970608805418,0.027941624612399425,0.01481958081448933,-13.063386640916876,-13.128891749731892,-0.135593700035314,-0.05913603211242203,2.7080502011022096,2.7080502011022096,0,0,0,0,0,1,0,0,0,0,0.0
12721_2009,0.0011311911401117468,0.0014916804910792985,0.893570301242023,0.9128098370369884,0.09056599065519673,0.07222938840688935,0.9700970608805418,0.8003124649919641,0.01481958081448933,0.09420640172473238,-13.128891749731892,-12.677350798064795,-0.05913603211242203,0.41779673792347183,2.7080502011022096,2.7080502011022096,0,0,0,0,0,1,0,0,0,0,0.0
12721_2010,0.0014916804910792985,-0.017987719682157524,0.9128098370369884,0.9187776016344044,0.07222938840688935,0.14193184365658787,0.8003124649919641,0.7851907128082126,0.09420640172473238,0.14687920774472113,-12.677350798064795,-13.558082836114052,0.41779673792347183,-0.7607945622193989,2.7080502011022096,2.113842968397168,0,0,0,0,0,1,0,0,0,0,0.0
12783_2008,0.0355513785588577,0.04163097170676694,0.11871336813497482,0.29853365510090724,0.002896291984987726,0.0022263552189040387,3.1791499912558243,2.2044564559204134,0.15032849526400635,0.14754215035730095,-10.3874553519176,-11.073853401796844,-0.7206199958392181,-0.6229055571552973,2.7080502011022096,2.214846178686039,0,1,0,0,0,0,0,0,0,0,0.0
12783_2009,0.04163097170676694,0.01617984782130279,0.29853365510090724,0.459100706432554,0.0022263552189040387,0.00575553032199036,2.2044564559204134,1.4439977073285848,0.14754215035730095,0.15269909288551228,-11.073853401796844,-10.636324717201948,-0.6229055571552973,0.30830110363075763,2.214846178686039,2.1435893615035875,0,1,0,0,0,0,0,0,0,0,0.0
12783_2010,0.01617984782130279,0.008173947748134958,0.459100706432554,0.4071208004584574,0.00575553032199036,0.0027598266457904805,1.4439977073285848,1.2540192186563175,0.15269909288551228,0.14601207655731846,-10.636324717201948,-10.631943098480741,0.30830110363075763,0.030784510567871293,2.1435893615035875,2.3841650799864684,0,1,0,0,0,0,0,0,0,0,0.0
12793_2008,0.019444166164678884,0.04790040794500551,0.3451733061327511,0.2559861937938963,0.29759136936629843,0.2736598360445165,1.009735698886678,1.331709241596981,0.10486025249389684,0.5955658164106082,-9.87846137170768,-9.906655268402735,-0.21782654377049135,2.3158634146994217,0.29266961396282004,2.5718485799218085,0,0,0,0,0,0,1,0,0,0,0.0
12793_2009,0.04790040794500551,0.010607754119511086,0.2559861937938963,0.30747844341202457,0.2736598360445165,0.18838060454436745,1.331709241596981,1.081580634064111,0.5955658164106082,0.22764949636026335,-9.906655268402735,-10.99349680649241,2.3158634146994217,-1.0757655816559204,2.5718485799218085,1.0612565021243408,0,0,0,0,0,0,1,0,0,0,0.0
12793_2010,0.010607754119511086,-0.36384133484473097,0.30747844341202457,0.3953839553742731,0.18838060454436745,0.3370495735041235,1.081580634064111,0.9367253363438748,0.22764949636026335,0.209559467740462,-10.99349680649241,-10.064013784787454,-1.0757655816559204,1.0992086711583018,1.0612565021243408,2.2417729535972883,0,0,0,0,0,0,1,0,0,0,0.0
12835_2008,0.017784164343274168,-0.07649685399727751,0.6248651524641227,0.748631361459186,0.029011858204281187,0.045421858173387335,0.7408112165352393,0.5150518493992151,0.08500184386703385,0.1554798684986516,-12.8065133739958,-13.014304035193446,-0.3445613410541295,-0.22126872826461666,2.2192034840549946,2.0149030205422647,0,0,0,0,0,0,1,0,0,0,0.0
12835_2009,-0.07649685399727751,0.04121061447217336,0.748631361459186,0.8791808442276697,0.045421858173387335,0.07966121335341897,0.5150518493992151,0.13839665502199214,0.1554798684986516,0.15826549736585166,-13.014304035193446,-13.663931801634426,-0.22126872826461666,-0.7587715708487717,2.0149030205422647,0.8712933659434193,0,0,0,0,0,0,1,0,0,0,0.0
12835_2010,0.04121061447217336,0.031414022827989684,0.8791808442276697,0.6721201596867833,0.07966121335341897,0.056713155689016574,0.13839665502199214,0.5179477668933324,0.15826549736585166,0.2260481525101377,-13.663931801634426,-13.148423750691972,-0.7587715708487717,0.470255140281929,0.8712933659434193,1.6213664832993742,0,0,0,0,0,0,1,0,0,0,0.0
12843_2008,0.024122749410781574,0.03705019762555343,0.11074521490252047,0.15720998287490198,0.0025577402453811067,0.013826156226802108,3.94278747580941,2.6553558846547483,0.23400463918964556,0.14690992485027352,-9.08310389004158,-9.568774587620773,0.08771096208149687,-0.4433329278559757,2.7080502011022096,2.7080502011022096,0,0,0,0,0,0,1,0,0,0,0.0
12843_2009,0.03705019762555343,0.055020220368182465,0.15720998287490198,0.23518083827348765,0.013826156226802108,0.07824579848334227,2.6553558846547483,1.6151099561169129,0.14690992485027352,0.19064256273162544,-9.568774587620773,-9.934865697511189,-0.4433329278559757,-0.36328644417394257,2.7080502011022096,2.2364452904895007,0,0,0,0,0,0,1,0,0,0,0.0
12843_2010,0.055020220368182465,-0.01580049551475274,0.23518083827348765,0.2233591867028962,0.07824579848334227,0.14664912613470688,1.6151099561169129,1.5565420298414108,0.19064256273162544,0.14458836993293478,-9.934865697511189,-10.17613484709439,-0.36328644417394257,-0.23165066968949846,2.2364452904895007,2.2202898502672155,0,0,0,0,0,0,1,0,0,0,0.0
12846_2008,0.03375203003853755,-0.01013450122816594,0.07124590674250303,0.1876066116266376,0.25566118325004045,0.2841583651746725,1.572311361476992,0.9061390309316746,0.07042276998288374,0.08306556226178931,-9.936474811266852,-10.427427387415786,-0.4070113353528388,-0.5591019159808271,2.7080502011022096,2.5014359517392113,0,0,0,0,0,0,1,0,0,0,0.0
12846_2009,-0.01013450122816594,-0.7452170032167338,0.1876066116266376,0.2478056879487568,0.2841583651746725,0.28577984741566603,0.9061390309316746,1.1766168378753843,0.08306556226178931,0.1921309538544557,-10.427427387415786,-10.508498259814127,-0.5591019159808271,0.0641539194655395,2.5014359517392113,2.081938421878423,0,0,0,0,0,0,1,0,0,0,0.0
12846_2010,-0.7452170032167338,-0.04604486809313333,0.2478056879487568,0.2962678331075483,0.28577984741566603,0.31478730174671393,1.1766168378753843,0.7966997657343332,0.1921309538544557,0.21295730812914546,-10.508498259814127,-11.251535668824983,0.0641539194655395,-0.4419260289302563,2.081938421878423,1.7281094421515992,0,0,0,0,0,0,1,0,0,0,0.0
12848_2008,0.008825996389381346,0.000581560953110623,0.8324494161715309,0.8584885640850046,0.03885951173619878,0.02600065581108535,1.5294227781398984,1.4543662954640502,0.06775810559905275,0.03720498659599508,-9.419949764853367,-9.442556494730974,-0.1843918244017285,-0.08270621399837662,2.7080502011022096,2.7080502011022096,0,0,0,0,0,1,0,0,0,0,0.0
12848_2009,0.000581560953110623,-0.05551997693465666,0.8584885640850046,0.937603978920255,0.02600065581108535,0.05631231969310801,1.4543662954640502,0.6583464433067348,0.03720498659599508,0.2262176415919785,-9.442556494730974,-9.796560497833642,-0.08270621399837662,-0.7850825013198799,2.7080502011022096,1.9227877316344588,0,0,0,0,0,1,0,0,0,0,0.0
12848_2010,-0.05551997693465666,0.0009109330388813246,0.937603978920255,0.9310047370259434,0.05631231969310801,0.07792125742264147,0.6583464433067348,0.8964513673592373,0.2262176415919785,0.2147146994910063,-9.796560497833642,-10.128899436849137,-0.7850825013198799,-0.09371184236969564,1.9227877316344588,1.7526720805200082,0,0,0,0,0,1,0,0,0,0,0.0
12859_2008,0.03001575799226745,0.03645051703692018,0.3213951180607418,0.4711115460412211,0.0009613238369507764,0.0030554206942166656,1.9556462045947811,1.3460400848098613,0.18547158260406524,0.10683336988657424,-9.48510751428022,-9.907238919698477,-0.7178261452854394,-0.3775729098691063,2.7080502011022096,2.7080502011022096,0,1,0,0,0,0,0,0,0,0,0.0
12859_2009,0.03645051703692018,0.01750652810059686,0.4711115460412211,0.6930266677814838,0.0030554206942166656,0.0019193824411108567,1.3460400848098613,1.025370922005423,0.10683336988657424,0.1513703092288043,-9.907238919698477,-9.64336500455471,-0.3775729098691063,0.36752593159193736,2.7080502011022096,2.6686161318568034,0,1,0,0,0,0,0,0,0,0,0.0
12859_2010,0.01750652810059686,0.017704415365786798,0.6930266677814838,0.674464472961502,0.0019193824411108567,0.001108197810506836,1.025370922005423,0.939619079189156,0.1513703092288043,0.14500064152836212,-9.64336500455471,-9.87467273644763,0.36752593159193736,-0.18809707766950007,2.6686161318568034,2.645465325910589,0,1,0,0,0,0,0,0,0,0,0.0
1285_2008,0.03836973949670473,0.04989723634361507,0.506561212531505,0.4066627369601553,0.004408449476219647,0.007515094335555445,18.357448822985944,8.21835638593374,0.12617890557512795,0.11590622162226825,-9.19080072469804,-8.923314068840794,-0.16584239537079604,0.07767324234280218,2.7080502011022096,2.7080502011022096,0,1,0,0,0,0,0,0,0,0,0.0
1285_2009,0.04989723634361507,0.05263722688812759,0.4066627369601553,0.6038406727687471,0.007515094335555445,0.00807421106308823,8.21835638593374,6.15622780205741,0.11590622162226825,0.1906093512549532,-8.923314068840794,-9.23639189960198,0.07767324234280218,-0.06653588742568478,2.7080502011022096,2.7053799725463312,0,1,0,0,0,0,0,0,0,0,0.0
1285_2010,0.05263722688812759,0.05367931991032504,0.6038406727687471,0.5910046392783737,0.00807421106308823,0.008889919875653489,6.15622780205741,4.1782318997394725,0.1906093512549532,0.2261305642487668,-9.23639189960198,-9.481056757989046,-0.06653588742568478,-0.047697072419636666,2.7053799725463312,2.6939512767227085,0,1,0,0,0,0,0,0,0,0,0.0
12863_2008,0.041178298030646814,0.05231032134313943,0.18509963502946164,0.2677636645977925,0.01701509644693294,0.007446425145218878,2.5044807194938463,2.093444376623102,0.10924042997066956,0.06805564346222875,-8.86329935960181,-9.164477453832996,-0.2382268905435964,-0.3537187041847425,2.7080502011022096,2.7080502011022096,0,0,1,0,0,0,0,0,0,0,0.0
12863_2009,0.05231032134313943,0.046310435245174836,0.2677636645977925,0.2633284942800423,0.007446425145218878,0.021045162029151097,2.093444376623102,1.9181546199165151,0.06805564346222875,0.11428420397057194,-9.164477453832996,-8.703620657773861,-0.3537187041847425,0.35590884976522724,2.7080502011022096,2.7080502011022096,0,0,1,0,0,0,0,0,0,0,0.0
12863_2010,0.046310435245174836,0.04793929654294921,0.2633284942800423,0.2066115342198252,0.021045162029151097,0.07176446180473313,1.9181546199165151,2.2455895913647606,0.11428420397057194,0.08918531655535873,-8.703620657773861,-8.555472148845723,0.35590884976522724,0.15523517144908844,2.7080502011022096,2.7080502011022096,0,0,1,0,0,0,0,0,0,0,0.0
12865_2008,0.049161381361045815,0.06401311249489068,0.08837321035737053,0.06429852127671504,0.10445138433077912,0.1807453042610512,2.8889600218673968,2.059136447968373,0.19903630072949452,0.20627689055503004,-12.481270573809313,-11.850664309265385,0.08574034620011675,0.0025480756829044625,2.226783379577764,2.6369121732688705,0,0,0,0,0,0,1,0,0,0,0.0
12865_2009,0.06401311249489068,0.13365060365762427,0.06429852127671504,0.19105274667096345,0.1807453042610512,0.6616064543602611,2.059136447968373,0.6446562512037948,0.20627689055503004,0.1781688616971409,-11.850664309265385,-12.539964494213665,0.0025480756829044625,-0.8332377817366585,2.6369121732688705,1.4350845252893227,0,0,0,0,0,0,1,0,0,0,0.0
12865_2010,0.13365060365762427,0.04492824072229439,0.19105274667096345,0.10145909203197093,0.6616064543602611,0.3973415996621218,0.6446562512037948,1.1289167977397034,0.1781688616971409,0.1377324664338544,-12.539964494213665,-12.078737453807626,-0.8332377817366585,-0.012229379263570985,1.4350845252893227,2.113842968397168,0,0,0,0,0,0,1,0,0,0,0.0
12867_2008,-0.14083499567686364,-0.0983325711062784,0.1670778191364278,0.2190249760505795,0.2884296419620512,0.3186778018709594,1.6969502328171542,1.4878542652686175,0.21390165105248496,0.10881710502110524,-11.825146694535071,-12.06696610655786,-0.6428072939526047,-0.2474919233637191,0.7178397931503168,0.4824261492442928,0,0,0,0,0,0,1,0,0,0,0.0
12867_2009,-0.0983325711062784,-1.5028974602411729,0.2190249760505795,0.8275193722103821,0.3186778018709594,0.8864140433259929,1.4878542652686175,0.4085138225521873,0.10881710502110524,0.4165810739982496,-12.06696610655786,-14.399606359255062,-0.2474919233637191,-2.3157826415252605,0.4824261492442928,-2.3507254683219805,0,0,0,0,0,0,1,0,0,0,0.0
12867_2010,-1.5028974602411729,0.0,0.8275193722103821,0.0,0.8864140433259929,0.0,0.4085138225521873,0.0,0.4165810739982496,0.0,-14.399606359255062,0.0,-2.3157826415252605,0.0,-2.3507254683219805,0.0,0,0,0,0,0,0,1,0,0,0,0.0
12895_2008,0.014329636154061463,0.035526649531254784,0.6274083899370604,0.5225939707057771,0.0034451041624747073,0.004739785555577442,1.401751229637484,1.715740472855407,0.07053233406256429,0.09005110531261988,-9.403736527736703,-9.497197813768844,0.5572438770797629,-0.2698119791543604,2.7080502011022096,2.7080502011022096,1,0,0,0,0,0,0,0,0,0,0.0
12895_2009,0.035526649531254784,0.02106404101936156,0.5225939707057771,0.6064280758019129,0.004739785555577442,0.01854047620286103,1.715740472855407,2.09573196401528,0.09005110531261988,0.13294489376770496,-9.497197813768844,-8.70081631138183,-0.2698119791543604,0.5987888989405894,2.7080502011022096,2.7080502011022096,1,0,0,0,0,0,0,0,0,0,0.0
12895_2010,0.02106404101936156,0.05680578393783368,0.6064280758019129,0.534020365601821,0.01854047620286103,0.0030153317609826237,2.09573196401528,2.068733918331896,0.13294489376770496,0.13224612557316354,-8.70081631138183,-8.53353117159633,0.5987888989405894,0.18403745945391625,2.7080502011022096,2.7080502011022096,1,0,0,0,0,0,0,0,0,0,0.0
12902_2008,-0.11316170984235505,-0.09299464455056697,0.12279205206196213,0.2490397605234277,0.09718032296930017,0.16226054823185035,6.397536940406809,2.8656755755598167,0.12718013174557402,0.18053034552467512,-10.536005020594905,-10.912206877602644,-0.6034968676889738,-0.5150922033427561,2.4475508632442318,1.8213182714695997,0,0,0,0,1,0,0,0,0,0,0.0
12902_2009,-0.09299464455056697,-0.2726737506863149,0.2490397605234277,0.4218769638529776,0.16226054823185035,0.6783658097193221,2.8656755755598167,1.1150128072692045,0.18053034552467512,0.23525616362132176,-10.912206877602644,-11.916652940908339,-0.5150922033427561,-0.6808371959340362,1.8213182714695997,0.3148107398400336,0,0,0,0,1,0,0,0,0,0,0.0
12902_2010,-0.2726737506863149,-0.03961560027706183,0.4218769638529776,0.16469393620981307,0.6783658097193221,0.2049368129408605,1.1150128072692045,2.6757577026832746,0.23525616362132176,0.3948602979760777,-11.916652940908339,-10.46198448756246,-0.6808371959340362,0.9270794167607384,0.3148107398400336,1.8656293177945105,0,0,0,0,1,0,0,0,0,0,0.0
12908_2008,0.07705329229846783,0.0546085676455798,0.42458478505213776,0.2648591165945864,0.012932385537468305,0.01665485678054941,0.9908534298772572,1.2544315906002546,0.13227331030092235,0.10778662173590303,-10.913272271909602,-10.540753275920352,-0.4320765635471008,0.15875260801071575,2.7080502011022096,2.7080502011022096,1,0,0,0,0,0,0,0,0,0,0.0
12908_2009,0.0546085676455798,0.1807387323941782,0.2648591165945864,0.4038844064456416,0.01665485678054941,0.002378632988142341,1.2544315906002546,0.7134241444480061,0.10778662173590303,0.24982977950205545,-10.540753275920352,-10.46776264542948,0.15875260801071575,-0.08589644290011894,2.7080502011022096,2.7080502011022096,1,0,0,0,0,0,0,0,0,0,0.0
12908_2010,0.1807387323941782,-0.1412723137598375,0.4038844064456416,0.18189952517754213,0.002378632988142341,0.011974967472619663,0.7134241444480061,1.3175699490623842,0.24982977950205545,0.17138424089672946,-10.46776264542948,-10.239925146817798,-0.08589644290011894,0.4225720537742039,2.7080502011022096,2.7080502011022096,1,0,0,0,0,0,0,0,0,0,0.0
12917_2008,0.034461099780580554,-0.003175513300202957,0.5002219022670319,0.5956726931032886,0.027886394633665497,0.035271750032689106,1.4869734508321133,1.131692420581582,0.07318529010015609,0.07972623103606817,-11.015412596767966,-11.363922513871405,-0.14369464245698313,-0.321231846208063,2.52011290552262,2.242835088588272,0,1,0,0,0,0,0,0,0,0,0.0
12917_2009,-0.003175513300202957,-0.08340002845868785,0.5956726931032886,0.8238884684167657,0.035271750032689106,0.0522467472239779,1.131692420581582,0.363420700747948,0.07972623103606817,0.5482666022141989,-11.363922513871405,-12.258508816680994,-0.321231846208063,-0.8854093962155689,2.242835088588272,0.8285518175661483,0,1,0,0,0,0,0,0,0,0,0.0
12917_2010,-0.08340002845868785,-0.15344575483681572,0.8238884684167657,0.7202361746173953,0.0522467472239779,0.0379727650504646,0.363420700747948,0.8525302048585301,0.5482666022141989,0.2849265966589051,-12.258508816680994,-11.945381675394255,-0.8854093962155689,0.5489197593428414,0.8285518175661483,1.3762440252663892,0,1,0,0,0,0,0,0,0,0,0.0
12924_2008,0.031671165845896694,0.03802926993392241,0.4639073550216692,0.5137082770065333,0.042662283194640466,0.04155496294681379,1.005540562113307,0.8317973180554717,0.05465475977464079,0.07776904616939047,-10.322135878334203,-10.449359909239183,-0.028423928152950112,-0.13566014351363515,1.913977101952304,1.809926773183504,0,0,0,0,0,0,1,0,0,0,0.0
12924_2009,0.03802926993392241,0.04751527440959226,0.5137082770065333,0.5415830821767122,0.04155496294681379,0.07748276270644186,0.8317973180554717,0.6627308545531956,0.07776904616939047,0.17039447833132415,-10.449359909239183,-10.209720099828612,-0.13566014351363515,0.42020522758736506,1.809926773183504,1.5706970841176695,0,0,0,0,0,0,1,0,0,0,0.0
12924_2010,0.04751527440959226,0.027869129489351024,0.5415830821767122,0.5533767983441735,0.07748276270644186,0.1256216196476804,0.6627308545531956,0.50049285558276,0.17039447833132415,0.18836761792508133,-10.209720099828612,-10.630549331082637,0.42020522758736506,-0.530793841179052,1.5706970841176695,1.2383742310432684,0,0,0,0,0,0,1,0,0,0,0.0
12926_2008,0.038869134979222515,0.05223284313274769,0.03397295586727201,0.04768912443690069,0.11038253784856307,0.07700185671823673,2.484182794413815,2.3870127667197947,0.05355590453687039,0.07583368206452218,-8.451970449108165,-8.130308499039854,0.06971924167248941,0.3513572964068207,2.7080502011022096,2.7080502011022096,0,1,0,0,0,0,0,0,0,0,0.0
12926_2009,0.05223284313274769,0.04119282593017678,0.04768912443690069,0.0412765597223398,0.07700185671823673,0.010224972225448641,2.3870127667197947,3.368352774412061,0.07583368206452218,0.09866877177274973,-8.130308499039854,-8.150470738685343,0.3513572964068207,0.01241354033629538,2.7080502011022096,2.7080502011022096,0,1,0,0,0,0,0,0,0,0,0.0
12926_2010,0.04119282593017678,0.0,0.0412765597223398,0.0,0.010224972225448641,0.0,3.368352774412061,0.0,0.09866877177274973,0.0,-8.150470738685343,0.0,0.01241354033629538,0.0,2.7080502011022096,0.0,0,1,0,0,0,0,0,0,0,0,0.0
12930_2008,0.03977507631399672,-0.033295271278895026,0.4802458188206401,0.5915979226441964,0.05587527161411161,0.08956650334797214,1.0679497001640037,0.9643765459687578,0.05519108849674871,0.044686332937480915,-7.510358348205056,-7.153932679201835,-0.011983117370503546,0.019337960016579468,2.4406063908914204,2.4898941912990398,0,0,0,0,0,0,1,0,0,0,0.0
12930_2009,-0.033295271278895026,-0.5147644687188927,0.5915979226441964,0.8020970926879466,0.08956650334797214,0.15409456571725733,0.9643765459687578,1.2414786274017255,0.044686332937480915,0.22025985199111625,-7.153932679201835,-8.239732828308583,0.019337960016579468,-1.099376355724874,2.4898941912990398,0.9400072584914712,0,0,0,0,0,0,1,0,0,0,0.0
12930_2010,-0.5147644687188927,0.0012366922561887887,0.8020970926879466,0.5758450577443632,0.15409456571725733,0.1282023006652811,1.2414786274017255,2.6310676357564797,0.22025985199111625,0.17171071452895856,-8.239732828308583,-7.421320049926022,-1.099376355724874,0.7331970375657076,0.9400072584914712,1.9892432737616872,0,0,0,0,0,0,1,0,0,0,0.0
12933_2008,0.0367311989450163,0.034366898773172824,0.3092631598227041,0.33312978394148485,0.003508370269973259,0.0015028362809833,2.338265889287664,2.205789415379804,0.207569618170786,0.11126477033423646,-9.696174579879347,-9.6379579688064,-0.7649003496848357,0.08069398348018719,2.7080502011022096,2.7080502011022096,0,0,0,0,0,0,1,0,0,0,0.0
12933_2009,0.034366898773172824,0.051435909905795135,0.33312978394148485,0.34805871785602344,0.0015028362809833,0.01407571707660744,2.205789415379804,1.652547526859645,0.11126477033423646,0.18333537118840265,-9.6379579688064,-9.644044145314954,0.08069398348018719,-0.07629934443922598,2.7080502011022096,2.7080502011022096,0,0,0,0,0,0,1,0,0,0,0.0
12933_2010,0.051435909905795135,0.04995687647164999,0.34805871785602344,0.3176097884804815,0.01407571707660744,0.13373793570451106,1.652547526859645,1.3977267633595418,0.18333537118840265,0.13035176135149912,-9.644044145314954,-9.545626918044489,-0.07629934443922598,0.05837507949538045,2.7080502011022096,2.7080502011022096,0,0,0,0,0,0,1,0,0,0,0.0
12949_2008,0.00992533053358692,-0.007538221822078163,0.4748639569940592,0.6433264837098388,0.1090897094976234,0.0900810795163254,3.747080652787529,3.989351867927875,0.17951545388755116,0.19829314173794646,-10.928103730370015,-10.955032682466866,0.9956732900151868,0.12875807624468796,2.7080502011022096,2.7080502011022096,0,0,0,0,0,1,0,0,0,0,0.0
12949_2009,-0.007538221822078163,0.0,0.6433264837098388,0.0,0.0900810795163254,0.0,3.989351867927875,0.0,0.19829314173794646,0.0,-10.955032682466866,0.0,0.12875807624468796,0.0,2.7080502011022096,0.0,0,0,0,0,0,1,0,0,0,0,0.0
12949_2010,0.0,0.0,0.0,0.0,0.0,0.0,0.0,0.0,0.0,0.0,0.0,0.0,0.0,0.0,0.0,0.0,0,0,0,0,0,1,0,0,0,0,0.0
12951_2008,0.009933633083328636,0.008776538794348572,0.8947410090290279,0.9003328326059626,0.024382854450127132,0.023946206088467904,1.2565584592013572,1.1530919742801633,0.035193530728123555,0.031689658467793536,-12.205479692232414,-12.253719876561155,-0.04841215562563919,-0.08978941545632198,2.7080502011022096,2.7080502011022096,0,0,0,0,0,1,0,0,0,0,0.0
12951_2009,0.008776538794348572,0.007597301948283282,0.9003328326059626,0.9190983289106124,0.023946206088467904,0.023005491315831676,1.1530919742801633,0.9485614875470698,0.031689658467793536,0.0912569372960118,-12.253719876561155,-11.995033375821135,-0.08978941545632198,0.2280657494216006,2.7080502011022096,2.7080502011022096,0,0,0,0,0,1,0,0,0,0,0.0
12951_2010,0.007597301948283282,0.005762630013615797,0.9190983289106124,0.933912390764082,0.023005491315831676,0.021801832805180305,0.9485614875470698,0.718059440930783,0.0912569372960118,0.08498738587061938,-11.995033375821135,-12.485836965590599,0.2280657494216006,-0.4527408140161742,2.7080502011022096,2.7080502011022096,0,0,0,0,0,1,0,0,0,0,0.0
12952_2008,0.04938555673273935,0.07374158033457293,0.20773573105447146,0.18263749118954445,0.19475027886809887,0.16500338087679545,2.2460640563857512,1.5651512873495586,0.1261372331144813,0.1347370390616206,-8.230609729931157,-8.688966764035538,-0.1730782945640914,-0.4317999683298837,2.7080502011022096,2.5997223242165823,0,0,0,0,1,0,0,0,0,0,0.0
12952_2009,0.07374158033457293,0.1042737724838757,0.18263749118954445,0.2201055840800139,0.16500338087679545,0.16615867907647522,1.5651512873495586,1.2146206498407797,0.1347370390616206,0.11921899429037107,-8.688966764035538,-8.563123138638213,-0.4317999683298837,0.048824136258937216,2.5997223242165823,2.2460147415056517,0,0,0,0,1,0,0,0,0,0,0.0
12952_2010,0.1042737724838757,0.06037410147953929,0.2201055840800139,0.24384081862019336,0.16615867907647522,0.04243653867788262,1.2146206498407797,1.5348044125487272,0.11921899429037107,0.09542804100407068,-8.563123138638213,-8.410232385765038,0.048824136258937216,-0.052011219715598106,2.2460147415056517,2.6361960973342264,0,0,0,0,1,0,0,0,0,0,0.0
12981_2008,-0.09180009959444768,-0.005363280113726735,0.1064463418993332,0.31392736309968794,0.24992432774809145,0.4038432941338448,3.056028439125111,3.602772282046832,0.1556061879767236,0.1187270086130399,-11.010004550846947,-10.650054872695025,-0.02152932777981993,0.14169709542989814,1.2864740258376797,1.6448050562713916,0,0,0,0,1,0,0,0,0,0,0.0
12981_2009,-0.005363280113726735,-0.022235276064150336,0.31392736309968794,0.17092305923397014,0.4038432941338448,0.42034514338173945,3.602772282046832,2.38876928770502,0.1187270086130399,0.13705536879741795,-10.650054872695025,-9.961060570964316,0.14169709542989814,0.2899687308596951,1.6448050562713916,1.6714733033535532,0,0,0,0,1,0,0,0,0,0,0.0
12981_2010,-0.022235276064150336,-0.06917016694305345,0.17092305923397014,0.055174582336591185,0.42034514338173945,0.2637196225103531,2.38876928770502,3.061718205022512,0.13705536879741795,0.22510230753781765,-9.961060570964316,-9.502036710273932,0.2899687308596951,0.3312335273871879,1.6714733033535532,2.2192034840549946,0,0,0,0,1,0,0,0,0,0,0.0
12994_2008,0.007882264338982667,0.007618803769746634,0.9177005532307658,0.9138739509508282,0.018026715893068482,0.01907563197951249,1.0844083654785976,1.1353834469941375,0.06787601338790586,0.0222031462105744,-12.834075396997855,-12.958555999218376,-0.05647127366085824,-0.10057858234569857,2.7080502011022096,2.6383427886773902,0,0,0,0,0,1,0,0,0,0,0.0
12994_2009,0.007618803769746634,0.008576109470370052,0.9138739509508282,0.9194405898502348,0.01907563197951249,0.019041669020567,1.1353834469941375,1.1012354203589645,0.0222031462105744,0.05463055454362567,-12.958555999218376,-12.734010150909452,-0.10057858234569857,0.1972420351878836,2.6383427886773902,2.406043801362276,0,0,0,0,0,1,0,0,0,0,0.0
12994_2010,0.008576109470370052,0.008624477864889627,0.9194405898502348,0.9532780437210427,0.019041669020567,0.01815750567956163,1.1012354203589645,0.6609137811574867,0.05463055454362567,0.09519457031870424,-12.734010150909452,-12.910774288769574,0.1972420351878836,-0.1354363779397687,2.406043801362276,2.4638447299156545,0,0,0,0,0,1,0,0,0,0,0.0
13001_2008,0.05007648072299372,0.07654157357102137,0.07370993617494566,0.10088006382651728,0.10692641245004636,0.1186221318938486,3.5967981983058577,2.8031467924742253,0.146874401674219,0.05187586537639762,-7.512572243040599,-7.970939117139039,0.04061165587793125,-0.4609995751133552,2.7080502011022096,2.7080502011022096,0,0,1,0,0,0,0,0,0,0,0.0
13001_2009,0.07654157357102137,0.07447758256417407,0.10088006382651728,0.23069578959855205,0.1186221318938486,0.20125098014879464,2.8031467924742253,1.2728645779883871,0.05187586537639762,0.14044465823358046,-7.970939117139039,-8.311148213759962,-0.4609995751133552,-0.477973754343744,2.7080502011022096,2.2364452904895007,0,0,1,0,0,0,0,0,0,0,0.0
13001_2010,0.07447758256417407,0.043945289775613086,0.23069578959855205,0.14550263552919818,0.20125098014879464,0.18164332171188044,1.2728645779883871,1.878763155780383,0.14044465823358046,0.11656596340841653,-8.311148213759962,-7.942343370226793,-0.477973754343744,0.3370050944015773,2.2364452904895007,2.7080502011022096,0,0,1,0,0,0,0,0,0,0,0.0
13008_2008,0.04645221017601462,0.08162004877210184,0.313752336407278,0.2968245605098785,0.02178508978000698,0.03697781697090865,2.0375943906206384,1.4478490810922424,0.21946672116131136,0.06655941864595342,-8.779212432883572,-8.893922462519003,-0.4541730012563343,-0.172416803294745,2.7080502011022096,2.7080502011022096,0,1,0,0,0,0,0,0,0,0,0.0
13008_2009,0.08162004877210184,0.07062904362987353,0.2968245605098785,0.4856843008002973,0.03697781697090865,0.05137574531213079,1.4478490810922424,1.0074370401391923,0.06655941864595342,0.16350749522661095,-8.893922462519003,-8.779976789837795,-0.172416803294745,0.0909816251985629,2.7080502011022096,2.7080502011022096,0,1,0,0,0,0,0,0,0,0,0.0
13008_2010,0.07062904362987353,-0.05335762682486249,0.4856843008002973,0.2826528099960701,0.05137574531213079,0.035446635815922216,1.0074370401391923,1.8996686791500192,0.16350749522661095,0.10880093094610006,-8.779976789837795,-8.407806561596615,0.0909816251985629,0.3734509649115496,2.7080502011022096,2.7080502011022096,0,1,0,0,0,0,0,0,0,0,0.0
13036_2008,-0.08020841614900716,-0.028991940468867494,0.2804462204386267,0.4519135645308064,0.2377006350603876,0.42685966426481614,4.045471138393888,2.429458907922898,0.11056192023634163,0.15228674147767166,-9.123516457073366,-9.941588583780092,-0.3672435805364711,-0.654971307232842,2.7080502011022096,1.9035989509835904,0,0,0,0,1,0,0,0,0,0,0.0
13036_2009,-0.028991940468867494,-0.038810953378816994,0.4519135645308064,0.4186532657954624,0.42685966426481614,0.4283876533332761,2.429458907922898,2.31080593108864,0.15228674147767166,0.24780083004530595,-9.941588583780092,-9.633421437604737,-0.654971307232842,0.17149210142365148,1.9035989509835904,1.715598108262491,0,0,0,0,1,0,0,0,0,0,0.0
13036_2010,-0.038810953378816994,-0.07636254507255295,0.4186532657954624,0.35243237413185363,0.4283876533332761,0.2951226635622789,2.31080593108864,4.855015846198032,0.24780083004530595,0.15063297852096896,-9.633421437604737,-9.343046617051737,0.17149210142365148,0.5220435853279791,1.715598108262491,2.2321626286975,0,0,0,0,1,0,0,0,0,0,0.0
13087_2008,-0.004586431503733296,-0.00646307916924505,0.5695896692819203,0.648365587291151,0.11247869683384693,0.046849014735457925,0.6337591238432918,0.5866641850921224,0.1225874356151714,0.1038842105582905,-11.508810634498243,-11.613417900547704,-0.4650004175131768,-0.04764056428497049,1.9416152247724323,1.8082887711792652,0,0,1,0,0,0,0,0,0,0,0.0
13087_2009,-0.00646307916924505,-0.636887740218332,0.648365587291151,0.9425798060984258,0.046849014735457925,0.06917878185633877,0.5866641850921224,0.21337636657242573,0.1038842105582905,0.18527123487594946,-11.613417900547704,-13.410659123562127,-0.04764056428497049,-1.7323191708309476,1.8082887711792652,-0.4942963218147801,0,0,1,0,0,0,0,0,0,0,0.0
13087_2010,-0.636887740218332,0.01505821764442454,0.9425798060984258,0.6926164352888491,0.06917878185633877,0.08778549037169728,0.21337636657242573,0.8436515264882704,0.18527123487594946,0.3199705571568868,-13.410659123562127,-12.105111267510429,-1.7323191708309476,0.5168973187744349,-0.4942963218147801,1.0367368849500225,0,0,1,0,0,0,0,0,0,0,0.0
13092_2008,0.009834095471658364,0.007051308002976319,0.8305715170782243,0.8938329789763714,0.08981573126390817,0.0334235628998731,1.915859176291972,1.1703609847182963,0.04944532589416186,0.07990708073702985,-10.416101074320796,-10.940243586167483,0.21120725234497503,-0.4426044278467695,2.7080502011022096,2.7080502011022096,0,0,0,0,0,1,0,0,0,0,0.0
13092_2009,0.007051308002976319,-0.0016820433029076495,0.8938329789763714,0.9311076126290354,0.0334235628998731,0.09070405625000214,1.1703609847182963,0.8561571005132573,0.07990708073702985,0.21519269778902456,-10.940243586167483,-10.798653831644716,-0.4426044278467695,0.1337897797507771,2.7080502011022096,2.47232786758114,0,0,0,0,0,1,0,0,0,0,0.0
13092_2010,-0.0016820433029076495,-0.01795048956954521,0.9311076126290354,0.9574708404951946,0.09070405625000214,0.12947642723015687,0.8561571005132573,0.7033269838067537,0.21519269778902456,0.22125630847419786,-10.798653831644716,-11.515620185673688,0.1337897797507771,-0.3641980176413231,2.47232786758114,1.9685099809725544,0,0,0,0,0,1,0,0,0,0,0.0
13094_2008,0.02289662034576724,-1.2397834008391038,0.08672448298865912,0.10626714864335177,0.2721023054917968,0.8376522509182236,1.2775248874646892,0.7040977728674803,0.2689678379301085,0.2237155100271616,-13.577221191120458,-14.552764938366325,-1.0022216101258827,-1.2325018914788988,0.3920420877760237,-0.8439700702945291,0,0,0,0,0,0,1,0,0,0,1.0
13094_2009,-1.2397834008391038,0.0,0.10626714864335177,0.0,0.8376522509182236,0.0,0.7040977728674803,0.0,0.2237155100271616,0.0,-14.552764938366325,0.0,-1.2325018914788988,0.0,-0.8439700702945291,0.0,0,0,0,0,0,0,1,0,0,0,1.0
13094_2010,0.0,0.0,0.0,0.0,0.0,0.0,0.0,0.0,0.0,0.0,0.0,0.0,0.0,0.0,0.0,0.0,0,0,0,0,0,0,1,0,0,0,1.0
13110_2008,-0.5951354222899948,-0.7485365961005237,0.10274156742724534,0.11014039875005502,0.8750992035754152,0.771239528776609,0.9274931785788366,0.9083557406546308,0.4108502433850833,0.36923579866584094,-11.666834130264515,-13.038338045283785,-1.2093599728896396,-1.3539915768649946,1.4036429994545037,0.03922071315328133,0,0,0,0,1,0,0,0,0,0,1.0
13110_2009,-0.7485365961005237,0.0,0.11014039875005502,0.0,0.771239528776609,0.0,0.9083557406546308,0.0,0.36923579866584094,0.0,-13.038338045283785,0.0,-1.3539915768649946,0.0,0.03922071315328133,0.0,0,0,0,0,1,0,0,0,0,0,1.0
13110_2010,0.0,0.0,0.0,0.0,0.0,0.0,0.0,0.0,0.0,0.0,0.0,0.0,0.0,0.0,0.0,0.0,0,0,0,0,1,0,0,0,0,0,1.0
13114_2008,0.06347685401141066,0.04962329908530188,0.051067728544791136,0.06805788330952221,0.0918431350788147,0.13437171072032034,2.0683262089836942,1.654786301016265,0.10423928098845096,0.04981568095133125,-9.029905940072542,-9.207545747801074,-0.3058740697473834,-0.22411390104725096,2.7080502011022096,2.7080502011022096,0,1,0,0,0,0,0,0,0,0,0.0
13114_2009,0.04962329908530188,0.03743833337151163,0.06805788330952221,0.05634700324654366,0.13437171072032034,0.11852626215718493,1.654786301016265,1.6781762098908128,0.04981568095133125,0.10263994533834113,-9.207545747801074,-8.668300489219344,-0.22411390104725096,0.42779882762704535,2.7080502011022096,2.7080502011022096,0,1,0,0,0,0,0,0,0,0,0.0
13114_2010,0.03743833337151163,0.008678273451920541,0.05634700324654366,0.05684244248965651,0.11852626215718493,0.17785665753992935,1.6781762098908128,1.6188482203944534,0.10263994533834113,0.17639768693678454,-8.668300489219344,-8.92110657024774,0.42779882762704535,-0.004167707388850861,2.7080502011022096,2.7080502011022096,0,1,0,0,0,0,0,0,0,0,0.0
13115_2008,0.045839875845758174,0.017744679633879958,0.5035310402211808,0.4264042535877285,0.023616600664493767,0.019332191693494764,2.9937711711512693,3.38984490080893,0.09256902118669054,0.06841053817204079,-8.18680541592495,-7.818898358463051,0.15500531621857555,0.2897576968821017,2.7080502011022096,2.7080502011022096,0,0,1,0,0,0,0,0,0,0,0.0
13115_2009,0.017744679633879958,-0.03192096314312653,0.4264042535877285,0.6521482146345883,0.019332191693494764,0.1553707697640027,3.38984490080893,0.8276937385512478,0.06841053817204079,0.16669002026386226,-7.818898358463051,-8.455200251965831,0.2897576968821017,-0.4714630482625172,2.7080502011022096,2.7080502011022096,0,0,1,0,0,0,0,0,0,0,0.0
13115_2010,-0.03192096314312653,-0.05290718436263095,0.6521482146345883,0.5712181905758125,0.1553707697640027,0.14240177505891974,0.8276937385512478,1.1408781045883614,0.16669002026386226,0.1461384224327025,-8.455200251965831,-8.438883070799259,-0.4714630482625172,0.08030709769317751,2.7080502011022096,2.7080502011022096,0,0,1,0,0,0,0,0,0,0,0.0
13136_2008,-0.03855620524011071,-0.04734315120864745,0.6533731015948799,0.5155236857223142,0.06232974766040333,0.02970106156560321,151.4754,275.6849,0.29264568619826004,0.15593325842113925,-11.338978297440352,-10.750984108690526,-0.8786300194761154,0.5419146539678832,1.324418957401803,1.9198594718553708,0,0,0,0,0,0,0,1,0,0,0.0
13136_2009,-0.04734315120864745,-0.06469308040871273,0.5155236857223142,0.6265633230549335,0.02970106156560321,0.052015146521105636,275.6849,193.9654,0.15593325842113925,0.2453345534865148,-10.750984108690526,-10.608557836123277,0.5419146539678832,0.0021146268535731094,1.9198594718553708,1.4951487660319729,0,0,0,0,0,0,0,1,0,0,0.0
13136_2010,-0.06469308040871273,0.004833327220680903,0.6265633230549335,0.1949647338459683,0.052015146521105636,0.019330421015433818,193.9654,6.736787064823378,0.2453345534865148,0.13748860166867027,-10.608557836123277,-9.381845558462944,0.0021146268535731094,0.7336749994990929,1.4951487660319729,2.58851563240702,0,0,0,0,0,0,0,1,0,0,0.0
13159_2008,-0.15972272929848902,-0.6677029390879647,0.23525960766145385,0.7485191984620447,0.010978026322084214,0.016042016661182216,1.5212821320649723,1.4316031806283367,0.14200778615815213,0.30746963569126945,-12.252726371996625,-13.917846139227779,-1.04227714667529,-1.7259033833445283,1.2237754316221157,-0.4307829160924542,0,0,0,0,0,0,0,0,0,0,0.0
13159_2009,-0.6677029390879647,0.0,0.7485191984620447,0.0,0.016042016661182216,0.0,1.4316031806283367,0.0,0.30746963569126945,0.0,-13.917846139227779,0.0,-1.7259033833445283,0.0,-0.4307829160924542,0.0,0,0,0,0,0,0,0,0,0,0,0.0
13159_2010,0.0,0.0,0.0,0.0,0.0,0.0,0.0,0.0,0.0,0.0,0.0,0.0,0.0,0.0,0.0,0.0,0,0,0,0,0,0,0,0,0,0,0.0
13180_2008,-0.007665384938597428,0.02150695169763474,0.05266516917220656,0.046759306457351685,0.0930271116148184,0.10617264029479816,4.571041874431501,4.176984937735362,0.11317904706094255,0.08728443460355954,-10.326068075201576,-10.03384773941015,-0.13352300541945325,0.1861724215920619,2.157559320943788,2.421256622711544,0,0,0,0,0,0,1,0,0,0,0.0
13180_2009,0.02150695169763474,0.00767254129491833,0.046759306457351685,0.19954347422619265,0.10617264029479816,0.2655923833285818,4.176984937735362,1.7647088599265268,0.08728443460355954,0.1986672918038857,-10.03384773941015,-11.043908012228188,0.1861724215920619,-0.7343657147287892,2.421256622711544,1.0224509277025455,0,0,0,0,0,0,1,0,0,0,0.0
13180_2010,0.00767254129491833,-0.01451785513123803,0.19954347422619265,0.15418591115617136,0.2655923833285818,0.19106492433629985,1.7647088599265268,2.323421560233942,0.1986672918038857,0.21915381362653685,-11.043908012228188,-10.916763670959556,-0.7343657147287892,-0.05553395804448938,1.0224509277025455,1.4011829736136412,0,0,0,0,0,0,1,0,0,0,0.0
13187_2008,0.00815436637390092,0.01005308499698782,0.8559240146186465,0.9085816643286156,0.04235471551778437,0.02114946513735649,1.5084182226113372,1.0401098620150622,0.04026314847051314,0.05713758826857199,-11.356054807253086,-11.74017680562912,-0.029517815314961643,-0.34614013313483544,2.7080502011022096,2.7080502011022096,0,0,0,0,0,1,0,0,0,0,0.0
13187_2009,0.01005308499698782,-0.009638435419341895,0.9085816643286156,0.983418312475278,0.02114946513735649,0.014970173863022481,1.0401098620150622,0.21327651248060925,0.05713758826857199,0.2274157263516569,-11.74017680562912,-13.018513071304385,-0.34614013313483544,-1.3233619848134348,2.7080502011022096,1.430311246536665,0,0,0,0,0,1,0,0,0,0,0.0
13187_2010,-0.009638435419341895,-0.011314996247898614,0.983418312475278,0.9813139062519652,0.014970173863022481,0.017207262726750598,0.21327651248060925,0.2535387923311235,0.2274157263516569,0.33805048205971955,-13.018513071304385,-13.229999343652985,-1.3233619848134348,0.03644843166716105,1.430311246536665,1.4350845252893227,0,0,0,0,0,1,0,0,0,0,0.0
13210_2008,0.044668838886495206,0.037971647805017474,0.2175928562127125,0.20197905933376495,0.02004195149124368,0.025875466887122733,2.478501172971121,2.6153018786500737,0.038726911855800634,0.06065381764730975,-9.230493980405585,-9.085142542170844,-0.05393836375075711,0.12787376662130606,2.7080502011022096,2.7080502011022096,0,1,0,0,0,0,0,0,0,0,0.0
13210_2009,0.037971647805017474,0.03944181426787932,0.20197905933376495,0.22302062348772844,0.025875466887122733,0.025172912737094884,2.6153018786500737,2.8617743598064744,0.06065381764730975,0.0735662426256359,-9.085142542170844,-8.851526826747873,0.12787376662130606,0.1332731636935658,2.7080502011022096,2.7080502011022096,0,1,0,0,0,0,0,0,0,0,0.0
13210_2010,0.03944181426787932,0.03710943877662525,0.22302062348772844,0.3108767191687362,0.025172912737094884,0.03714929163473081,2.8617743598064744,2.152760492130315,0.0735662426256359,0.09138871587801206,-8.851526826747873,-9.129383528358902,0.1332731636935658,-0.3911590959280503,2.7080502011022096,2.7080502011022096,0,1,0,0,0,0,0,0,0,0,0.0
13225_2008,0.0243258863606632,0.02001564133042191,0.39978501913888587,0.31726884194363864,0.10163637372486743,0.02756605113806225,2.4877936593337693,2.3108362705942183,0.13460955316290268,0.21389492721327452,-9.773438077149947,-9.106722301466226,0.3228039442538506,-0.4648540887440034,2.7080502011022096,2.7080502011022096,0,0,0,0,0,0,0,0,0,1,0.0
13225_2009,0.02001564133042191,0.03611909625363256,0.31726884194363864,0.4347782096046921,0.02756605113806225,0.027577741262004976,2.3108362705942183,1.504105512542917,0.21389492721327452,0.09547111853596843,-9.106722301466226,-9.050478227576432,-0.4648540887440034,0.13752733572016002,2.7080502011022096,2.7080502011022096,0,0,0,0,0,0,0,0,0,1,0.0
13225_2010,0.03611909625363256,0.034488231180019466,0.4347782096046921,0.4092947858996399,0.027577741262004976,0.024665302734183502,1.504105512542917,1.5885730823352917,0.09547111853596843,0.13274689175656187,-9.050478227576432,-9.086276236163435,0.13752733572016002,0.09424978192233352,2.7080502011022096,2.7080502011022096,0,0,0,0,0,0,0,0,0,1,0.0
13239_2008,-0.017126288666658496,0.0,0.9253709319737422,0.0,0.021942557948382485,0.0,112.0768,0.0,0.3751152851861873,0.0,-11.640216918312198,0.0,-0.5421856686902939,0.0,1.2584609896100056,0.0,0,0,1,0,0,0,0,0,0,0,1.0
13239_2009,0.0,0.0,0.0,0.0,0.0,0.0,0.0,0.0,0.0,0.0,0.0,0.0,0.0,0.0,0.0,0.0,0,0,1,0,0,0,0,0,0,0,1.0
13239_2010,0.0,0.0,0.0,0.0,0.0,0.0,0.0,0.0,0.0,0.0,0.0,0.0,0.0,0.0,0.0,0.0,0,0,1,0,0,0,0,0,0,0,1.0
13240_2008,0.12585174679215852,0.07588976814841697,0.23328217070185325,0.2628050914129921,0.02277060914987691,0.10819089964064932,2.1303521975619404,1.1742115303438103,0.12705015100574182,0.10311209142678668,-10.750896974558499,-11.303606791242526,-0.06464298871985906,-0.4981401219426739,2.7080502011022096,2.6166656393003573,0,1,0,0,0,0,0,0,0,0,0.0
13240_2009,0.07588976814841697,0.03456145693985574,0.2628050914129921,0.4077692921551468,0.10819089964064932,0.18740868103611125,1.1742115303438103,0.4919019126058821,0.10311209142678668,0.1120546633927236,-11.303606791242526,-11.758066078816507,-0.4981401219426739,-0.4998519870822669,2.6166656393003573,1.6677068205580758,0,1,0,0,0,0,0,0,0,0,0.0
13240_2010,0.03456145693985574,0.036942538264327064,0.4077692921551468,0.18963140361381048,0.18740868103611125,0.22204823531217852,0.4919019126058821,0.9393185009084164,0.1120546633927236,0.08568721859653977,-11.758066078816507,-11.22982728542231,-0.4998519870822669,0.4369061203908814,1.6677068205580758,2.429217743927412,0,1,0,0,0,0,0,0,0,0,0.0
13252_2008,0.04660691119572582,0.051278730380687886,0.06170106985330779,0.06770592724620622,0.08320678015636666,0.10906479109736483,2.866976556672246,2.895121572522744,0.06107313926870948,0.06611240785893778,-8.99611255071515,-9.134738693035636,-0.36127700812714975,-0.05280122103407078,2.7080502011022096,2.7080502011022096,0,0,0,0,0,0,1,0,0,0,0.0
13252_2009,0.051278730380687886,0.07683515919625854,0.06770592724620622,0.0956232578964037,0.10906479109736483,0.13511590980891286,2.895121572522744,2.1473465179518967,0.06611240785893778,0.12334411298445115,-9.134738693035636,-9.046546974473275,-0.05280122103407078,0.08478961658676798,2.7080502011022096,2.700018029404946,0,0,0,0,0,0,1,0,0,0,0.0
13252_2010,0.07683515919625854,0.048961317649914814,0.0956232578964037,0.07384866261937541,0.13511590980891286,0.12969362977114093,2.1473465179518967,2.563567747714913,0.12334411298445115,0.10138762124874913,-9.046546974473275,-8.863771457743471,0.08478961658676798,0.10103851913193174,2.700018029404946,2.7080502011022096,0,0,0,0,0,0,1,0,0,0,0.0
13273_2008,0.049643204361612216,0.046359841516909576,0.11900071803930788,0.13315409650488186,0.12294040273744546,0.16207372293759728,1.8660341819028516,1.6004702655040661,0.04053430515156799,0.045712420825207815,-12.33688376926261,-12.474592819139787,-0.12742273994004816,-0.14580113659485527,2.6166656393003573,2.4849066497880004,0,0,1,0,0,0,0,0,0,0,0.0
13273_2009,0.046359841516909576,0.015189030606937019,0.13315409650488186,0.1929145599689284,0.16207372293759728,0.18445309086369407,1.6004702655040661,0.8835751811105887,0.045712420825207815,0.09212039220690522,-12.474592819139787,-12.72894181065718,-0.14580113659485527,-0.2100940493129166,2.4849066497880004,1.7766458314180067,0,0,1,0,0,0,0,0,0,0,0.0
13273_2010,0.015189030606937019,0.001819315162053261,0.1929145599689284,0.13272053231372152,0.18445309086369407,0.1806490481402722,0.8835751811105887,1.0582025792848615,0.09212039220690522,0.07160994931978401,-12.72894181065718,-12.740807361184487,-0.2100940493129166,-0.14703042104147532,1.7766458314180067,1.9782390361706732,0,0,1,0,0,0,0,0,0,0,0.0
13294_2008,0.0034156164530032393,0.0032798345532897176,0.8227180499842585,0.9071534930727884,0.07846017504362512,0.0171609565947332,1.780760614956579,1.119250651755451,0.07233015745874292,0.041755767894352584,-11.528318967608627,-12.04096496616272,0.12332454855077085,-0.4367326528714685,2.7080502011022096,2.7080502011022096,0,0,0,0,0,1,0,0,0,0,0.0
13294_2009,0.0032798345532897176,-0.008017364041310617,0.9071534930727884,0.9633744444942962,0.0171609565947332,0.027734984182840997,1.119250651755451,0.5786673069072603,0.041755767894352584,0.10648177354563802,-12.04096496616272,-12.39534212312254,-0.4367326528714685,-0.4343653921289185,2.7080502011022096,1.9242486522741336,0,0,0,0,0,1,0,0,0,0,0.0
13294_2010,-0.008017364041310617,-0.02849850472355555,0.9633744444942962,0.9911894509705782,0.027734984182840997,0.12864902886094173,0.5786673069072603,0.2236289335437948,0.10648177354563802,0.22034063295713646,-12.39534212312254,-14.111693035955742,-0.4343653921289185,-1.8014900007045036,1.9242486522741336,0.4382549309311553,0,0,0,0,0,1,0,0,0,0,0.0
13300_2008,0.00830424732900641,0.04173898089712638,0.2755849112134982,0.13782581279086684,0.009367685306913242,0.015370813073661194,2.4648554951352213,3.4209080546171386,0.09113031239909493,0.09118008445002668,-10.260191586599076,-9.524029158880447,0.10414516491419852,0.6761789158080584,1.7065646231648233,2.4475508632442318,0,0,0,1,0,0,0,0,0,0,0.0
13300_2009,0.04173898089712638,0.08993193213223002,0.13782581279086684,0.2600892396662421,0.015370813073661194,0.0844943483907208,3.4209080546171386,1.7412235940592564,0.09118008445002668,0.1956240398069167,-9.524029158880447,-9.768334111759538,0.6761789158080584,-0.3313139591944874,2.4475508632442318,1.7029282555214391,0,0,0,1,0,0,0,0,0,0,0.0
13300_2010,0.08993193213223002,0.050327793020899576,0.2600892396662421,0.17016068885127988,0.0844943483907208,0.0825898472739955,1.7412235940592564,2.1182655046013084,0.1956240398069167,0.1824818059532282,-9.768334111759538,-9.575494058929737,-0.3313139591944874,0.3052718755601607,1.7029282555214391,2.125847914493992,0,0,0,1,0,0,0,0,0,0,0.0
13302_2008,0.03478139141718018,0.04839607323384455,0.12001195273822696,0.10516894159767287,0.043395977526698486,0.03106872988278225,2.4258784711940704,2.0407706620816355,0.16067731438746488,0.05224453282416254,-12.872385276865526,-12.930074446889758,-0.11669298937299008,-0.06981074612626664,1.9198594718553708,1.8640801308076809,0,0,0,1,0,0,0,0,0,0,0.0
13302_2009,0.04839607323384455,0.034627594627594634,0.10516894159767287,0.29396825396825393,0.03106872988278225,0.017094017094017092,2.0407706620816355,1.0087927424982557,0.05224453282416254,0.11393800788904128,-12.930074446889758,-13.205152452511726,-0.06981074612626664,-0.2628238228069957,1.8640801308076809,1.091923300517313,0,0,0,1,0,0,0,0,0,0,0.0
13302_2010,0.034627594627594634,0.030111424628756205,0.29396825396825393,0.2951413918810372,0.017094017094017092,0.0,1.0087927424982557,1.1156896815901258,0.11393800788904128,0.1321202775030266,-13.205152452511726,-13.271074936613743,-0.2628238228069957,0.08059821628009073,1.091923300517313,1.2527629684953678,0,0,0,1,0,0,0,0,0,0,0.0
13304_2008,-0.1550427138665454,-0.08139619592462316,0.28733350337228325,0.3581111789046344,0.06089084880233118,0.06829753874182416,32.204821086279004,4457.5663,0.08496578457852126,0.1061447823814656,-7.8266081042723386,-7.9489362841467415,-0.5760934402191248,-0.21403210328304495,1.2641267271456829,1.1085626195212777,0,0,0,0,0,0,0,1,0,0,0.0
13304_2009,-0.08139619592462316,-0.6708383657687501,0.3581111789046344,0.9446727986782536,0.06829753874182416,0.048033867711153234,4457.5663,8.511945633803201,0.1061447823814656,0.2745225825467813,-7.9489362841467415,-9.793557993309944,-0.21403210328304495,-2.863209118418407,1.1085626195212777,-2.120263536200091,0,0,0,0,0,0,0,1,0,0,0.0
13304_2010,-0.6708383657687501,-0.035872862114404415,0.9446727986782536,0.75620859836474,0.048033867711153234,0.040131999239741034,8.511945633803201,8.73770385921767,0.2745225825467813,0.2572322421929056,-9.793557993309944,-8.357375805293115,-2.863209118418407,1.3127418975727227,-2.120263536200091,-0.5108256237659907,0,0,0,0,0,0,0,1,0,0,0.0
13311_2008,0.061828665086194286,0.017894999670225096,0.5246351255109706,0.5952519480274749,0.009454176056818956,0.06283389709138534,1.0964500873278644,1.173959769510257,0.11344387628114815,0.07434280715599989,-10.61690320864435,-10.530981602383967,-0.3352024094839963,0.1529082573808355,2.7080502011022096,2.7080502011022096,0,0,0,0,0,0,0,0,0,0,0.0
13311_2009,0.017894999670225096,-0.9707689701102789,0.5952519480274749,0.8756612902298253,0.06283389709138534,0.03788027920725242,1.173959769510257,56.2146,0.07434280715599989,0.4551477435546748,-10.530981602383967,-11.847361659145088,0.1529082573808355,-1.3560500551047243,2.7080502011022096,0.9555114450274363,0,0,0,0,0,0,0,0,0,0,0.0
13311_2010,-0.9707689701102789,0.15461722158373334,0.8756612902298253,0.877501530715892,0.03788027920725242,0.01032789283994323,56.2146,43.1145,0.4551477435546748,0.2898292793637509,-11.847361659145088,-12.4628072923749,-1.3560500551047243,-0.6379188542411882,0.9555114450274363,0.4054651081081644,0,0,0,0,0,0,0,0,0,0,0.0
13338_2008,0.03332421594394793,0.0298839740290344,0.3148385985468333,0.5187185672559951,0.019761704882409338,0.01293587255126909,2.196552312142762,1.2538410088888456,0.14646906486768746,0.1371193292823105,-11.591555415696519,-11.835469038017033,0.09589699972575497,-0.22898823084743444,2.7080502011022096,2.7080502011022096,0,0,0,0,0,0,1,0,0,0,0.0
13338_2009,0.0298839740290344,0.066508523243825,0.5187185672559951,0.6147098607714274,0.01293587255126909,0.0063061178802615355,1.2538410088888456,0.6340660521000767,0.1371193292823105,0.08931268360495967,-11.835469038017033,-12.16656949132026,-0.22898823084743444,-0.3282169767932099,2.7080502011022096,2.1644717908644115,0,0,0,0,0,0,1,0,0,0,0.0
13338_2010,0.066508523243825,0.04685616607970418,0.6147098607714274,0.4188907408955019,0.0063061178802615355,0.03926812298987355,0.6340660521000767,1.5313410165849557,0.08931268360495967,0.13144510175311894,-12.16656949132026,-11.760492528064756,-0.3282169767932099,0.4953613742187383,2.1644717908644115,2.7080502011022096,0,0,0,0,0,0,1,0,0,0,0.0
13384_2008,0.03294512735841401,0.025225095765198803,0.0596459077542336,0.04389032824323162,0.09997152270879536,0.07655228378338398,2.6581510824524046,3.275698729273788,0.07944946719020779,0.18618989103869504,-10.595293982070055,-10.073272721428673,0.08630908503711016,-0.2382525034759134,2.7080502011022096,2.7080502011022096,0,0,0,0,0,0,1,0,0,0,0.0
13384_2009,0.025225095765198803,0.05627253846392295,0.04389032824323162,0.10151375815001187,0.07655228378338398,0.13548807075915228,3.275698729273788,1.6463130407980042,0.18618989103869504,0.1407643191716786,-10.073272721428673,-10.49458374704924,-0.2382525034759134,-0.30046662636267024,2.7080502011022096,2.374905754573672,0,0,0,0,0,0,1,0,0,0,0.0
13384_2010,0.05627253846392295,0.010986382864232223,0.10151375815001187,0.06286741389729388,0.13548807075915228,0.17186642522960366,1.6463130407980042,2.3138558931019544,0.1407643191716786,0.15221911016161924,-10.49458374704924,-10.2497265797206,-0.30046662636267024,0.1793583659145121,2.374905754573672,2.7080502011022096,0,0,0,0,0,0,1,0,0,0,0.0
13394_2008,0.0452553797436558,0.043841609293979435,0.08938939163685344,0.1082194526643555,0.0009811968691508849,0.02174473811092483,2.76858272967416,2.263747986003924,0.05754685940637365,0.06343827705971508,-9.069066572864873,-9.213859490211595,-0.28147023651603514,-0.2555225063080829,2.7080502011022096,2.6953026282797072,0,1,0,0,0,0,0,0,0,0,0.0
13394_2009,0.043841609293979435,0.03732890118566585,0.1082194526643555,0.1081735968736108,0.02174473811092483,0.03576504309401063,2.263747986003924,2.3584318693446704,0.06343827705971508,0.08187285198960434,-9.213859490211595,-8.664859413986836,-0.2555225063080829,0.3559381452710895,2.6953026282797072,2.7080502011022096,0,1,0,0,0,0,0,0,0,0,0.0
13394_2010,0.03732890118566585,0.028514943459056693,0.1081735968736108,0.0937931456083107,0.03576504309401063,0.055128251545529895,2.3584318693446704,2.55536647830892,0.08187285198960434,0.10709459657079863,-8.664859413986836,-8.729222578897943,0.3559381452710895,0.07212377156878258,2.7080502011022096,2.7080502011022096,0,1,0,0,0,0,0,0,0,0,0.0
13396_2008,0.0035375885561269994,0.005293600648638986,0.9427064045281134,0.9617062525137952,0.023761967266280853,0.0364008197366713,0.8259693837659562,0.5555592003831442,0.04397871382859009,0.03864781464725308,-12.6935289610715,-12.851646427719267,-0.08885470206626757,-0.20652274965383685,2.7080502011022096,2.6071169078537886,0,0,0,0,0,1,0,0,0,0,0.0
13396_2009,0.005293600648638986,-0.009549579092512635,0.9617062525137952,0.9885255498825471,0.0364008197366713,0.018137946280354648,0.5555592003831442,0.2025575658723694,0.03864781464725308,0.10763059487722264,-12.851646427719267,-13.360582313837366,-0.20652274965383685,-0.7410688222054556,2.6071169078537886,1.6094379124341005,0,0,0,0,0,1,0,0,0,0,0.0
13396_2010,-0.009549579092512635,-0.001333865834522512,0.9885255498825471,0.9717075429263764,0.018137946280354648,0.05009639499569074,0.2025575658723694,0.5333928720527533,0.10763059487722264,0.2017234991592257,-13.360582313837366,-13.001820534973133,-0.7410688222054556,0.2768282031201774,1.6094379124341005,2.2027647577118348,0,0,0,0,0,1,0,0,0,0,0.0
13400_2008,-0.11762674563297447,-0.16470877895729852,0.7668687914030502,0.7880641735331122,0.055398018661581706,0.05466236087247196,1.2583107069425188,3.0027400852544397,0.11606618142127105,0.13360043304922609,-11.210235921325408,-11.218836275941964,-0.02596252614945406,-0.3606089908517124,0.5364933705145685,0.3293037471426003,0,0,0,0,0,0,1,0,0,0,0.0
13400_2009,-0.16470877895729852,-0.17255173431231807,0.7880641735331122,0.964976545382476,0.05466236087247196,0.0565877604751394,3.0027400852544397,0.21303199448967627,0.13360043304922609,0.278731356741862,-11.218836275941964,-12.803404820803694,-0.3606089908517124,-1.6775854527606673,0.3293037471426003,-2.002480500543708,0,0,0,0,0,0,1,0,0,0,0.0
13400_2010,-0.17255173431231807,-0.1529026096475417,0.964976545382476,0.7550285904613163,0.0565877604751394,0.10382511025428298,0.21303199448967627,2.768428653849519,0.278731356741862,0.2045514047606,-12.803404820803694,-10.848176070571904,-1.6775854527606673,1.4215447574215223,-2.002480500543708,-0.030459207484708574,0,0,0,0,0,0,1,0,0,0,0.0
13401_2008,0.025489160403858402,-0.0013607971355220298,0.3993182632694227,0.4751490498112502,0.0133299729110641,0.033418504654047713,1.2344000439317684,0.8220747187717244,0.06981283224162342,0.0853201548989882,-11.36241875125592,-11.549263768573976,0.3004340584830173,-0.09960158643639977,2.7080502011022096,2.7080502011022096,0,0,1,0,0,0,0,0,0,0,0.0
13401_2009,-0.0013607971355220298,-0.03568667444085378,0.4751490498112502,0.765477732404447,0.033418504654047713,0.034022826275604975,0.8220747187717244,0.34383501033793,0.0853201548989882,0.22600439120213364,-11.549263768573976,-12.257007543857975,-0.09960158643639977,-0.4194757803896537,2.7080502011022096,2.281361456542419,0,0,1,0,0,0,0,0,0,0,0.0
13401_2010,-0.03568667444085378,0.022124122606790444,0.765477732404447,0.6579987382971147,0.034022826275604975,0.038146567326032006,0.34383501033793,0.4639528062382539,0.22600439120213364,0.13119488904675966,-12.257007543857975,-12.043283112238027,-0.4194757803896537,0.2616202277319596,2.281361456542419,2.7080502011022096,0,0,1,0,0,0,0,0,0,0,0.0
13402_2008,-0.003097375103563574,-0.046232171963999376,0.6420156577806466,0.7394715114901845,0.0121270870274933,0.012438405705966592,0.8584916346610927,0.5730992886201169,0.07962319707046242,0.1272392869290381,-11.470395900260133,-12.00761890292306,-0.39665272008100816,-0.5706138857008057,2.4336133554004498,1.9050881545350584,0,1,0,0,0,0,0,0,0,0,0.0
13402_2009,-0.046232171963999376,-0.17623467589138944,0.7394715114901845,0.9072532463674352,0.012438405705966592,0.020795236240485352,0.5730992886201169,0.2560233553656656,0.1272392869290381,0.2934520578570618,-12.00761890292306,-12.72361007366671,-0.5706138857008057,-0.9992821008882896,1.9050881545350584,0.6931471805599453,0,1,0,0,0,0,0,0,0,0,0.0
13402_2010,-0.17623467589138944,-0.06888085263652953,0.9072532463674352,0.8355883121053902,0.020795236240485352,0.03363135837279374,0.2560233553656656,0.6552187818833802,0.2934520578570618,0.21611010704922426,-12.72361007366671,-12.20179495566251,-0.9992821008882896,0.5419301317442086,0.6931471805599453,1.43746264769429,0,1,0,0,0,0,0,0,0,0,0.0
13407_2008,0.054414323254121086,-0.06066924895120473,0.2507756880520808,0.4276547823827144,0.015307255071012238,0.00875542960387095,2.870990971029746,2.6980696196993303,0.11855815473177612,0.1109624771920242,-12.991250631949715,-13.452480427051757,-0.5739179841708075,-0.20443122104626008,0.11332868530700327,-0.030459207484708574,0,1,0,0,0,0,0,0,0,0,0.0
13407_2009,-0.06066924895120473,0.1418549841745227,0.4276547823827144,0.4421987203485009,0.00875542960387095,0.004551951808869074,2.6980696196993303,1.8654296766630292,0.1109624771920242,0.2956487928970864,-13.452480427051757,-12.609595133588073,-0.20443122104626008,0.6249996402333783,-0.030459207484708574,0.30010459245033816,0,1,0,0,0,0,0,0,0,0,0.0
13407_2010,0.1418549841745227,-0.05556137026141681,0.4421987203485009,0.31911600635114346,0.004551951808869074,0.006658456796859168,1.8654296766630292,2.204255920432729,0.2956487928970864,0.14175034343929768,-12.609595133588073,-12.690632541120104,0.6249996402333783,-0.3237246872492968,0.30010459245033816,0.37843643572024505,0,1,0,0,0,0,0,0,0,0,0.0
13413_2008,0.007062579793372125,0.00668768116244068,0.8117326531242357,0.8241794360826068,0.02115005291932824,0.03141304517500906,2.0158877267544133,1.8963312558914616,0.03947645961663057,0.04996208780963742,-9.134068031265407,-9.207247827104236,0.11031342343418712,-0.010170655495397337,2.7080502011022096,2.7080502011022096,0,0,0,0,0,1,0,0,0,0,0.0
13413_2009,0.00668768116244068,0.00655082067962354,0.8241794360826068,0.8589810703027314,0.03141304517500906,0.010868669746463071,1.8963312558914616,1.5805033503282289,0.04996208780963742,0.10223884972104254,-9.207247827104236,-8.932117215063192,-0.010170655495397337,0.11364264988634387,2.7080502011022096,2.7080502011022096,0,0,0,0,0,1,0,0,0,0,0.0
13413_2010,0.00655082067962354,0.004104343412963729,0.8589810703027314,0.8432655288963663,0.010868669746463071,0.13924449788525065,1.5805033503282289,0.9521809829083959,0.10223884972104254,0.22988569678160356,-8.932117215063192,-8.982381596815838,0.11364264988634387,-0.7955604141677469,2.7080502011022096,2.4221443280516852,0,0,0,0,0,1,0,0,0,0,0.0
13422_2008,0.028178143826736824,0.00018535852973614216,0.1052390757263784,0.29360791110204915,0.04529855868222375,0.041520310660895836,4.736013562605957,1.7230902090930262,0.25006186307989553,0.18010388431728094,-13.496599425725766,-14.082592512830002,0.7319278329668774,-1.1865865455757143,-0.3670139217339117,-1.1400594785822833,0,0,1,0,0,0,0,0,0,0,0.0
13422_2009,0.00018535852973614216,-0.2506033467156207,0.29360791110204915,0.6573333790847431,0.041520310660895836,0.10946024774388363,1.7230902090930262,1.1431722180036554,0.18010388431728094,0.25436346818834504,-14.082592512830002,-14.691501218890323,-1.1865865455757143,-0.5353062174400713,-1.1400594785822833,-2.302585092994045,0,0,1,0,0,0,0,0,0,0,0.0
13422_2010,-0.2506033467156207,0.0,0.6573333790847431,0.0,0.10946024774388363,0.0,1.1431722180036554,0.0,0.25436346818834504,0.0,-14.691501218890323,0.0,-0.5353062174400713,0.0,-2.302585092994045,0.0,0,0,1,0,0,0,0,0,0,0,0.0
13447_2008,0.01677828381450689,-0.022082325514772988,0.3444142891994846,0.3239305038342265,0.1653938138893866,0.14894089050326434,1.868965415737529,1.7747578954834606,0.11179971872604172,0.07342521473682895,-9.991456187324589,-10.09461306891566,-0.25451829070384296,-0.15594885534878605,2.7080502011022096,2.7080502011022096,0,0,0,0,0,0,1,0,0,0,0.0
13447_2009,-0.022082325514772988,-0.16994948365614646,0.3239305038342265,0.511955391220062,0.14894089050326434,0.2482386960024815,1.7747578954834606,0.955278791870764,0.07342521473682895,0.2182123102925056,-10.09461306891566,-10.5577881415591,-0.15594885534878605,-0.383337092229074,2.7080502011022096,1.8468787684491343,0,0,0,0,0,0,1,0,0,0,0.0
13447_2010,-0.16994948365614646,-0.0101415524099754,0.511955391220062,0.16046741175295628,0.2482386960024815,0.1847518922330901,0.955278791870764,2.8508958063511534,0.2182123102925056,0.2197595511361031,-10.5577881415591,-8.949468173804703,-0.383337092229074,1.6261764661269185,1.8468787684491343,2.7080502011022096,0,0,0,0,0,0,1,0,0,0,0.0
13449_2008,0.015768766569706338,0.01212555870340372,0.43980916444607177,0.6221589084499504,0.023036553365472633,0.0034669939794430447,1.3412280468569109,1.3355812791976511,0.05830133166880212,0.07421215820787448,-11.475162878526056,-11.525477323407207,0.28753065364710945,-0.14088518216953658,1.935859813201812,1.814824742159051,0,0,0,0,0,0,0,0,0,1,0.0
13449_2009,0.01212555870340372,0.026404787454552308,0.6221589084499504,0.8588815652453332,0.0034669939794430447,0.0028245505810759078,1.3355812791976511,0.43237123213494577,0.07421215820787448,0.1674817722004915,-11.525477323407207,-12.304687754854411,-0.14088518216953658,-0.9255734646388044,1.814824742159051,0.5306282510621704,0,0,0,0,0,0,0,0,0,1,0.0
13449_2010,0.026404787454552308,-0.11764781667640087,0.8588815652453332,0.8582686295392862,0.0028245505810759078,0.001838045830899784,0.43237123213494577,0.5267164607871301,0.1674817722004915,0.2475032736734199,-12.304687754854411,-12.614227222280213,-0.9255734646388044,-0.44511601997965067,0.5306282510621704,0.4054651081081644,0,0,0,0,0,0,0,0,0,1,0.0
1344_2008,0.04100984134525496,0.042166470900527234,0.17892890069435938,0.19425135790377435,0.014092938819901497,0.015453793222612063,3.499204893263681,3.3873366297135887,0.04668107360455992,0.035560474270181414,-8.421597689718562,-8.16139787980222,-0.1004107699651309,0.2582859640074387,2.7080502011022096,2.7080502011022096,0,1,0,0,0,0,0,0,0,0,0.0
1344_2009,0.042166470900527234,0.03989563696907682,0.19425135790377435,0.18760413258224584,0.015453793222612063,0.01934005577588839,3.3873366297135887,3.4457319429376985,0.035560474270181414,0.09212439482294686,-8.16139787980222,-8.017286656692043,0.2582859640074387,0.20140989767576573,2.7080502011022096,2.7080502011022096,0,1,0,0,0,0,0,0,0,0,0.0
1344_2010,0.03989563696907682,0.036790288771706064,0.18760413258224584,0.18000290346157607,0.01934005577588839,0.04007585816325236,3.4457319429376985,3.2174865728644497,0.09212439482294686,0.1207017764305408,-8.017286656692043,-8.014940430827691,0.20140989767576573,0.015898095600522744,2.7080502011022096,2.7080502011022096,0,1,0,0,0,0,0,0,0,0,0.0
13466_2008,0.07619840417313238,0.08287099537256963,0.186917856981798,0.12776067869960592,0.010752942550676338,0.03921126727369008,1.8947750340340679,1.6879085877886255,0.15998676671845427,0.15032289887363007,-10.966091409366774,-10.902770601361137,0.4557054377439458,-0.23532105024546146,2.7080502011022096,2.7080502011022096,1,0,0,0,0,0,0,0,0,0,0.0
13466_2009,0.08287099537256963,0.10349378703426866,0.12776067869960592,0.2763098641078353,0.03921126727369008,0.10988888699294534,1.6879085877886255,0.6923869005761947,0.15032289887363007,0.2349298167018007,-10.902770601361137,-11.295929589630965,-0.23532105024546146,-0.11475738304438572,2.7080502011022096,2.673458756332591,1,0,0,0,0,0,0,0,0,0,0.0
13466_2010,0.10349378703426866,-0.017902664700883874,0.2763098641078353,0.22688813194953844,0.10988888699294534,0.2563082986537293,0.6923869005761947,0.8959267563527653,0.2349298167018007,0.1717375884839458,-11.295929589630965,-11.260838291267538,-0.11475738304438572,-0.03380138708259467,2.673458756332591,2.7080502011022096,1,0,0,0,0,0,0,0,0,0,0.0
13487_2008,0.060133595671676414,0.0594065267721467,0.1541129825097697,0.14610401413417284,0.08148636518481772,0.0721042239447928,1.9606307273792252,1.9427516525398496,0.1917948024883599,0.09793768862920146,-11.614929681350391,-11.066453341554663,-0.8645456218520207,0.4044305056154129,2.48073127837752,2.7080502011022096,0,0,0,0,0,0,0,0,0,0,0.0
13487_2009,0.0594065267721467,0.1448293601785563,0.14610401413417284,0.433034195066695,0.0721042239447928,0.09637183680055728,1.9427516525398496,0.4863924986214934,0.09793768862920146,0.2151295595911208,-11.066453341554663,-12.21480606631343,0.4044305056154129,-1.022407564122749,2.7080502011022096,1.3787660946990992,0,0,0,0,0,0,0,0,0,0,0.0
13487_2010,0.1448293601785563,0.0050460549554200455,0.433034195066695,0.29540770183249426,0.09637183680055728,0.06535611562452692,0.4863924986214934,0.8672774777180896,0.2151295595911208,0.11410439057592045,-12.21480606631343,-11.829801856108134,-1.022407564122749,0.4142476655021881,1.3787660946990992,1.9974177062012453,0,0,0,0,0,0,0,0,0,0,0.0
13504_2008,0.03399168120598536,0.07346902598490733,0.26615063251325466,0.4013306133867351,0.12723608139385642,0.16039929480814266,2.453655911798036,1.7312281710695312,0.1068469776329843,0.1227706979124524,-12.107215274633178,-12.51893983141781,0.3130869920540316,-0.5206555000280847,1.9699056546115292,1.5644405465033646,0,0,0,0,0,0,1,0,0,0,0.0
13504_2009,0.07346902598490733,-0.09356498342615094,0.4013306133867351,0.6263824165702131,0.16039929480814266,0.430011089632103,1.7312281710695312,0.6729617893837205,0.1227706979124524,0.16906522024945314,-12.51893983141781,-13.45675330848094,-0.5206555000280847,-0.9771880266005744,1.5644405465033646,0.11332868530700327,0,0,0,0,0,0,1,0,0,0,0.0
13504_2010,-0.09356498342615094,-0.1837399294158804,0.6263824165702131,0.7000020578460526,0.430011089632103,0.2152506970953503,0.6729617893837205,0.9506707010896852,0.16906522024945314,0.15164650660519882,-13.45675330848094,-13.953081413768613,-0.9771880266005744,-0.7550036043439217,0.11332868530700327,-0.15082288973458366,0,0,0,0,0,0,1,0,0,0,0.0
13517_2008,0.026183503679194208,0.0,0.3783866641752171,0.0,0.08709659394397483,0.0,2.577171263228679,0.0,0.04002686823008464,0.0,-9.82371887603508,0.0,-0.25098496224822675,0.0,2.7080502011022096,0.0,0,0,0,0,0,0,0,0,0,1,0.0
13517_2009,0.0,0.06327234155396448,0.0,0.6065836444118067,0.0,0.09167329620790242,0.0,1.7536986529315295,0.0,0.16089233245846005,0.0,-9.791282963685694,0.0,-0.11910807973754872,0.0,2.576421758623773,0,0,0,0,0,0,0,0,0,1,0.0
13517_2010,0.06327234155396448,0.0,0.6065836444118067,0.0,0.09167329620790242,0.0,1.7536986529315295,0.0,0.16089233245846005,0.0,-9.791282963685694,0.0,-0.11910807973754872,0.0,2.576421758623773,0.0,0,0,0,0,0,0,0,0,0,1,0.0
13521_2008,0.038295259250500084,0.03937277068355979,0.540295767540827,0.5526632254272941,0.027267512760350485,0.028705505593291908,1.2923641553309428,1.124432819859411,0.08122899346006586,0.12343558773289925,-9.532705123976118,-9.585928082418565,-0.2076852036852304,-0.1254489077459568,2.7080502011022096,2.7080502011022096,0,0,0,0,0,0,1,0,0,0,0.0
13521_2009,0.03937277068355979,-0.15978843913875931,0.5526632254272941,0.7903017941680789,0.028705505593291908,0.03277726953846871,1.124432819859411,0.7650321260457149,0.12343558773289925,0.3512620134436941,-9.585928082418565,-10.124941149303275,-0.1254489077459568,-0.4972442529680084,2.7080502011022096,1.9315214116032136,0,0,0,0,0,0,1,0,0,0,0.0
13521_2010,-0.15978843913875931,0.020218425722096308,0.7903017941680789,0.6839523547564699,0.03277726953846871,0.040989675498904136,0.7650321260457149,1.1088513196802818,0.3512620134436941,0.3204175139687057,-10.124941149303275,-9.847775067486637,-0.4972442529680084,0.4938651330950952,1.9315214116032136,2.435366204227864,0,0,0,0,0,0,1,0,0,0,0.0
13524_2008,0.026643958359937363,0.028797828842769286,0.4646893764723965,0.6342907953163014,0.023866155383444453,0.03676756416275055,1.961803047390513,1.0203384487764586,0.07789914042894065,0.08891203825501208,-8.723494723694651,-9.494450579914897,0.25927325318533856,-0.7244746663897209,2.7080502011022096,2.67552700939665,0,0,1,0,0,0,0,0,0,0,0.0
13524_2009,0.028797828842769286,0.05407418655865461,0.6342907953163014,0.5489755303306947,0.03676756416275055,0.033841678865154684,1.0203384487764586,1.0706439662793326,0.08891203825501208,0.15314923425587734,-9.494450579914897,-8.816142861355964,-0.7244746663897209,0.4518625474580565,2.67552700939665,2.7080502011022096,0,0,1,0,0,0,0,0,0,0,0.0
13524_2010,0.05407418655865461,0.07113046438694634,0.5489755303306947,0.5070232725929327,0.033841678865154684,0.04314017852303654,1.0706439662793326,0.9388582808709676,0.15314923425587734,0.09799543267167593,-8.816142861355964,-9.05177891060343,0.4518625474580565,-0.12000193493315114,2.7080502011022096,2.7080502011022096,0,0,1,0,0,0,0,0,0,0,0.0
13536_2008,0.0583314040845601,0.05540347087927267,0.05020586219262528,0.09900293844337846,0.2486688183464749,0.2773187332044102,1.6982053968766715,1.2655079846057788,0.05840944641485915,0.08412144652320352,-13.388027263833989,-13.552371734556866,-0.043386886513940286,-0.1907313754865929,1.9960599327407849,1.8357923034809636,0,0,0,0,0,0,1,0,0,0,0.0
13536_2009,0.05540347087927267,-0.2075744434807748,0.09900293844337846,0.08730847065625902,0.2773187332044102,0.4022357135973788,1.2655079846057788,0.8240453133564772,0.08412144652320352,0.13398794331806738,-13.552371734556866,-13.46097203938499,-0.1907313754865929,0.028509700202957733,1.8357923034809636,1.3609765531356006,0,0,0,0,0,0,1,0,0,0,0.0
13536_2010,-0.2075744434807748,-0.1320644035875824,0.08730847065625902,0.09501535991602217,0.4022357135973788,0.2736998101236512,0.8240453133564772,1.1403916594853998,0.13398794331806738,0.14986185713663608,-13.46097203938499,-13.795077609185293,0.028509700202957733,-0.4790175716553321,1.3609765531356006,1.2527629684953678,0,0,0,0,0,0,1,0,0,0,0.0
13539_2008,0.02202241717303505,0.13086882377203776,0.1639570232486403,0.1335678982245032,0.15631669679709292,0.2145556834438393,1.2039091682384704,1.1473002484609962,0.1260022341481649,0.08606877924177958,-9.367232785255084,-9.56287269878278,-0.2627467956169015,-0.06932080112392637,2.667228206581955,2.580974118534234,0,0,0,0,0,0,1,0,0,0,0.0
13539_2009,0.13086882377203776,-0.3614435868066794,0.1335678982245032,0.18571729040933507,0.2145556834438393,0.2195904672865413,1.1473002484609962,0.9826287558192206,0.08606877924177958,0.24104490743882198,-9.56287269878278,-9.964522659913133,-0.06932080112392637,-0.3290001251267585,2.580974118534234,1.7595805708638197,0,0,0,0,0,0,1,0,0,0,0.0
13539_2010,-0.3614435868066794,-0.3851077951295081,0.18571729040933507,0.15836273159529082,0.2195904672865413,0.14878312068501318,0.9826287558192206,1.4776092223953146,0.24104490743882198,0.2237198412985636,-9.964522659913133,-9.793936166166326,-0.3290001251267585,0.3332246937323801,1.7595805708638197,2.149433913499871,0,0,0,0,0,0,1,0,0,0,0.0
1354_2008,0.02094738398542784,0.0,0.19661730947319145,0.0,0.033292465512546686,0.0,2.519000072644876,0.0,0.07442936574953354,0.0,-7.839960608932691,0.0,-0.1560129630355592,0.0,2.7080502011022096,0.0,0,0,1,0,0,0,0,0,0,0,0.0
1354_2009,0.0,0.0,0.0,0.0,0.0,0.0,0.0,0.0,0.0,0.0,0.0,0.0,0.0,0.0,0.0,0.0,0,0,1,0,0,0,0,0,0,0,0.0
1354_2010,0.0,0.0,0.0,0.0,0.0,0.0,0.0,0.0,0.0,0.0,0.0,0.0,0.0,0.0,0.0,0.0,0,0,1,0,0,0,0,0,0,0,0.0
13585_2008,0.05683686902966888,0.03899940759790243,0.1747607312217854,0.21404636368532248,0.2993399324899897,0.3121239402412597,1.5435732093651002,1.5108006336300883,0.10368784504702756,0.053662274096302164,-11.232155774796826,-11.395190042648812,-0.005613734629794059,-0.13585027525586024,2.7080502011022096,2.7080502011022096,0,0,1,0,0,0,0,0,0,0,0.0
13585_2009,0.03899940759790243,0.01970054211164244,0.21404636368532248,0.27333522278436745,0.3121239402412597,0.31055941820988586,1.5108006336300883,1.2304049549057423,0.053662274096302164,0.10301036004623093,-11.395190042648812,-11.878986955691767,-0.13585027525586024,-0.4062073527773408,2.7080502011022096,2.7080502011022096,0,0,1,0,0,0,0,0,0,0,0.0
13585_2010,0.01970054211164244,-0.0608260902396083,0.27333522278436745,0.5527404528274892,0.31055941820988586,0.2261752888295399,1.2304049549057423,0.6545080851717183,0.10301036004623093,0.22482600383670126,-11.878986955691767,-11.998829503750287,-0.4062073527773408,0.32853996008235753,2.7080502011022096,2.7080502011022096,0,0,1,0,0,0,0,0,0,0,0.0
13587_2008,0.03581717500983978,-0.008456523734343831,0.17268775600562775,0.2609186261256109,0.0712578378575604,0.05630335164885542,3.4715584417770224,2.8267458211646894,0.102921607116021,0.09166506218358644,-9.260722915799683,-9.841988730166358,-0.11784391557749505,-0.6594853542203931,2.7080502011022096,2.7080502011022096,0,0,0,0,0,0,1,0,0,0,0.0
13587_2009,-0.008456523734343831,0.011835130878183041,0.2609186261256109,0.3791458328137336,0.05630335164885542,0.12634354515071114,2.8267458211646894,2.2386575040538403,0.09166506218358644,0.15551869654865966,-9.841988730166358,-9.55708226037911,-0.6594853542203931,0.4851631238621373,2.7080502011022096,2.7080502011022096,0,0,0,0,0,0,1,0,0,0,0.0
13587_2010,0.011835130878183041,0.020929609072952483,0.3791458328137336,0.3774922561726137,0.12634354515071114,0.13428072891261372,2.2386575040538403,2.155353007951552,0.15551869654865966,0.08334687855307353,-9.55708226037911,-9.741379346882187,0.4851631238621373,-0.28732277693326924,2.7080502011022096,2.7080502011022096,0,0,0,0,0,0,1,0,0,0,0.0
13594_2008,-0.13080708032462138,0.0,0.7164675059109208,0.0,0.13623873729950794,0.0,0.4070679547518785,0.0,0.10942331629833103,0.0,-14.74917366835004,0.0,-0.3976271368793572,0.0,0.7080357930536959,0.0,0,0,0,0,0,1,0,0,0,0,0.0
13594_2009,0.0,-0.13037214885954382,0.0,0.5857142857142856,0.0,0.033253301320528214,0.0,0.3544358400262925,0.0,0.25808464912870777,0.0,-15.627995282204129,0.0,-1.2232624334330466,0.0,-0.6539264674066639,0,0,0,0,0,1,0,0,0,0,1.0
13594_2010,-0.13037214885954382,-0.38906585673012817,0.5857142857142856,0.6973849914808504,0.033253301320528214,0.045040373360989705,0.3544358400262925,0.2823765250751737,0.25808464912870777,0.17085231576593868,-15.627995282204129,-15.719459504976955,-1.2232624334330466,-0.3533913585379227,-0.6539264674066639,-0.5108256237659907,0,0,0,0,0,1,0,0,0,0,1.0
13603_2008,0.049999572920314636,0.0607390448171174,0.1837484304821563,0.2411759489434771,0.0798951508955861,0.024470623619812323,2.2973425571629487,2.204007511376889,0.04633313114411155,0.1213015066148848,-8.323999178812059,-8.594004439103742,0.0886504689587464,-0.2103523764142623,2.7080502011022096,2.7080502011022096,0,0,1,0,0,0,0,0,0,0,0.0
13603_2009,0.0607390448171174,0.04925601525404063,0.2411759489434771,0.16794262281606445,0.024470623619812323,0.07820867955804969,2.204007511376889,2.5580128001810336,0.1213015066148848,0.08671196958585846,-8.594004439103742,-7.639313356129718,-0.2103523764142623,0.8179049302080533,2.7080502011022096,2.7080502011022096,0,0,1,0,0,0,0,0,0,0,0.0
13603_2010,0.04925601525404063,0.061698223880427484,0.16794262281606445,0.1656515496072008,0.07820867955804969,0.11538819155671835,2.5580128001810336,2.5202967807235925,0.08671196958585846,0.07641548045492115,-7.639313356129718,-7.753084464140657,0.8179049302080533,-0.1736975390562257,2.7080502011022096,2.7080502011022096,0,0,1,0,0,0,0,0,0,0,0.0
13617_2008,0.03160422888472124,0.03816752925432552,0.05413334786880968,0.056244445350198034,0.10887567308079336,0.1029410354054444,2.8836321411015713,3.0787147422589367,0.062133225727280125,0.057953979764016665,-8.67413920521051,-8.489223279567728,-0.2995756902773564,0.12876707847132438,2.7080502011022096,2.7080502011022096,0,0,0,0,0,0,1,0,0,0,0.0
13617_2009,0.03816752925432552,0.041407817972936786,0.056244445350198034,0.08208293132614901,0.1029410354054444,0.11501656395703455,3.0787147422589367,2.392283130417569,0.057953979764016665,0.11476408878969213,-8.489223279567728,-8.33700940010592,0.12876707847132438,0.3225094793339698,2.7080502011022096,2.7080502011022096,0,0,0,0,0,0,1,0,0,0,0.0
13617_2010,0.041407817972936786,0.007010390970961102,0.08208293132614901,0.06508112973445535,0.11501656395703455,0.11844462792324276,2.392283130417569,2.789437995395744,0.11476408878969213,0.10690539138337588,-8.33700940010592,-8.379558520193362,0.3225094793339698,0.019341283345528704,2.7080502011022096,2.7080502011022096,0,0,0,0,0,0,1,0,0,0,0.0
13650_2008,0.02669931424490166,0.02777337235510096,0.4933695490859992,0.5452265684299407,0.0758717339173357,0.06556817936486152,1.9232794948043248,2.15918618109305,0.049048153755042505,0.05770439807904056,-7.295669257020752,-7.442741280865301,-0.07523200500458145,-0.1717236838435608,2.7080502011022096,2.7080502011022096,0,0,0,0,1,0,0,0,0,0,0.0
13650_2009,0.02777337235510096,0.016281445242394686,0.5452265684299407,0.6178176176883325,0.06556817936486152,0.05706027325931285,2.15918618109305,1.94288922692589,0.05770439807904056,0.08087398115374364,-7.442741280865301,-7.252375002607589,-0.1717236838435608,0.15306357556616446,2.7080502011022096,2.7080502011022096,0,0,0,0,1,0,0,0,0,0,0.0
13650_2010,0.016281445242394686,0.029098150681850492,0.6178176176883325,0.6275313706696778,0.05706027325931285,0.058345087788441476,1.94288922692589,2.085883739018656,0.08087398115374364,0.23358838055344056,-7.252375002607589,-7.197930299678679,0.15306357556616446,-0.6282793406490595,2.7080502011022096,2.7080502011022096,0,0,0,0,1,0,0,0,0,0,0.0
13657_2008,0.010225205752366457,0.008235508838718493,0.8260072744339519,0.8809460608062046,0.02432192448255145,0.024542055569848467,1.7436914774475691,1.1756258790477536,0.04125951182589945,0.07983429307843193,-9.950232978902294,-9.970296160037792,-0.0394194155100648,-0.2265442557322589,2.7080502011022096,2.7080502011022096,0,0,0,0,0,1,0,0,0,0,0.0
13657_2009,0.008235508838718493,0.007111565987784614,0.8809460608062046,0.8640035949828465,0.024542055569848467,0.06162662282935271,1.1756258790477536,1.159755901323014,0.07983429307843193,0.10014700978259276,-9.970296160037792,-9.238677611053971,-0.2265442557322589,0.3515735324278427,2.7080502011022096,2.7080502011022096,0,0,0,0,0,1,0,0,0,0,0.0
13657_2010,0.007111565987784614,0.015335738970858456,0.8640035949828465,0.8868048979987808,0.06162662282935271,0.0442904252943633,1.159755901323014,1.1504101503708997,0.10014700978259276,0.11430774416410425,-9.238677611053971,-9.090557619668507,0.3515735324278427,-0.05814917672459485,2.7080502011022096,2.7080502011022096,0,0,0,0,0,1,0,0,0,0,0.0
13662_2008,0.011563554603641356,0.010146699652866431,0.8526473771392309,0.8701061095274683,0.026436819182176524,0.020037236724332632,1.7030261940537237,1.6892561468587697,0.022752691007892043,0.019432714120965974,-11.941245353281314,-12.012384600619626,-0.0920597897547088,-0.019749907713763747,2.7080502011022096,2.7080502011022096,0,0,0,0,0,1,0,0,0,0,0.0
13662_2009,0.010146699652866431,-0.008211986927007081,0.8701061095274683,0.9780185333513916,0.020037236724332632,0.02312991914869886,1.6892561468587697,0.4097332567216999,0.019432714120965974,0.16629324111717675,-12.012384600619626,-13.212695380069313,-0.019749907713763747,-1.17177386887647,2.7080502011022096,1.669573002684802,0,0,0,0,0,1,0,0,0,0,0.0
13662_2010,-0.008211986927007081,-0.003343855312337655,0.9780185333513916,0.9804009512489892,0.02312991914869886,0.07081659917773442,0.4097332567216999,0.4113716555872054,0.16629324111717675,0.1371760657558579,-13.212695380069313,-13.491892352304749,-1.17177386887647,-0.3761328455094121,1.669573002684802,1.6253112615903906,0,0,0,0,0,1,0,0,0,0,0.0
1367_2008,0.027263084849731462,0.03221185542862369,0.44473853796015056,0.4931612946676619,0.06086231256731716,0.0607789544369132,3.3557156477043253,2.9423013640556497,0.04841714447095975,0.19832112695563955,-6.568752905492067,-6.719227106093903,0.14038373691274592,-0.8114704744295783,2.7080502011022096,2.7080502011022096,0,0,0,0,0,0,0,1,0,0,0.0
1367_2009,0.03221185542862369,0.04580649191052682,0.4931612946676619,0.6211787091535502,0.0607789544369132,0.05093985964337703,2.9423013640556497,2.069281796889047,0.19832112695563955,0.08361130707547737,-6.719227106093903,-6.8442414990221,-0.8114704744295783,-0.10177636131198026,2.7080502011022096,2.7080502011022096,0,0,0,0,0,0,0,1,0,0,0.0
1367_2010,0.04580649191052682,0.03131038501902708,0.6211787091535502,0.523282212779533,0.05093985964337703,0.06296822449980376,2.069281796889047,2.4231532022961018,0.08361130707547737,0.10027005854918077,-6.8442414990221,-6.702854521631457,-0.10177636131198026,0.11684761381198827,2.7080502011022096,2.7080502011022096,0,0,0,0,0,0,0,1,0,0,0.0
13682_2008,-0.0019379715452315879,-0.11062939153834654,0.14688487780755274,0.18514292908231111,0.1822361518567772,0.0874176770975128,0.573937610062667,0.5091567185569509,0.0913303962852028,0.12763944717529158,-13.962359997018654,-14.180491345175664,-0.061164367519565166,-0.4660322569143676,0.8458682675776092,0.6259384308664954,0,0,0,0,0,0,1,0,0,0,0.0
13682_2009,-0.11062939153834654,-0.11709322766141285,0.18514292908231111,0.3067365849298335,0.0874176770975128,0.2624914340196049,0.5091567185569509,0.2465031575668778,0.12763944717529158,0.13176507461102466,-14.180491345175664,-14.486801275029073,-0.4660322569143676,-0.1394105603480577,0.6259384308664954,-0.1743533871447778,0,0,0,0,0,0,1,0,0,0,0.0
13682_2010,-0.11709322766141285,-0.09440865023068637,0.3067365849298335,0.19491473750533525,0.2624914340196049,0.2914574907014085,0.2465031575668778,0.4365589312125694,0.13176507461102466,0.16990177855944658,-14.486801275029073,-14.18933851002598,-0.1394105603480577,0.09660560705358956,-0.1743533871447778,0.3576744442718159,0,0,0,0,0,0,1,0,0,0,0.0
13695_2008,0.03162416479661895,0.035347770726485976,0.3910141803942102,0.35666955820359464,0.0395000735490903,0.0279474653396034,1.9424213594235689,2.3729961008239577,0.07795565832589141,0.05866172580302367,-10.18877947866046,-9.912499121888352,0.04649276301992747,0.36432648242846455,1.9416152247724323,2.283402273577272,0,1,0,0,0,0,0,0,0,0,0.0
13695_2009,0.035347770726485976,0.03235966494118843,0.35666955820359464,0.4636339381638784,0.0279474653396034,0.02526876725577495,2.3729961008239577,2.0314869446493917,0.05866172580302367,0.05708637094822421,-9.912499121888352,-9.594895028976614,0.36432648242846455,0.3359915949338648,2.283402273577272,2.157559320943788,0,1,0,0,0,0,0,0,0,0,0.0
13695_2010,0.03235966494118843,0.034190819096415366,0.4636339381638784,0.4806393234495483,0.02526876725577495,0.02688677324090327,2.0314869446493917,1.6374669301223854,0.05708637094822421,0.08900933105894443,-9.594895028976614,-9.94811590976702,0.3359915949338648,-0.3510366095614585,2.157559320943788,2.0412203288596382,0,1,0,0,0,0,0,0,0,0,0.0
13710_2008,0.05568228281219738,0.011567809651161557,0.03391149655325773,0.09435989684485338,0.2820159676343369,0.14427924055737734,2.3641586737631477,2.461960896320723,0.058514635822773775,0.1298443652042829,-12.37279337648705,-12.14679200012052,0.0032823005661236915,0.16406528413595808,2.6616571615325,2.7080502011022096,0,0,0,0,0,0,1,0,0,0,0.0
13710_2009,0.011567809651161557,0.15059537353052713,0.09435989684485338,0.2298976109215017,0.14427924055737734,0.4334926052332196,2.461960896320723,0.8996666719829028,0.1298443652042829,0.13815633934527424,-12.14679200012052,-12.64212384046587,0.16406528413595808,-0.47482498589824795,2.7080502011022096,1.8515994695840716,0,0,0,0,0,0,1,0,0,0,0.0
13710_2010,0.15059537353052713,0.07173694350506893,0.2298976109215017,0.15659627227742987,0.4334926052332196,0.3344444980641233,0.8996666719829028,1.337043124557535,0.13815633934527424,0.11620869304056218,-12.64212384046587,-12.294424111514568,-0.47482498589824795,0.14902929384841535,1.8515994695840716,2.4336133554004498,0,0,0,0,0,0,1,0,0,0,0.0
13712_2008,0.00495355345721675,0.003990663212890525,0.8209336519881344,0.8582674221100877,0.03618041685678011,0.022009409701546245,1.6775679402565606,1.0605924412380177,0.05570448965079376,0.09195121684775494,-10.73966236135765,-10.6557311302208,-0.11693350904022218,-0.2613259232607489,2.7080502011022096,2.7080502011022096,0,0,0,0,0,1,0,0,0,0,0.0
13712_2009,0.003990663212890525,-0.1070007266882374,0.8582674221100877,0.9928188917581628,0.022009409701546245,0.03726057224584936,1.0605924412380177,0.15724447863573504,0.09195121684775494,0.3021815349474124,-10.6557311302208,-13.318277782454533,-0.2613259232607489,-2.367272107146167,2.7080502011022096,-0.2876820724517809,0,0,0,0,0,1,0,0,0,0,1.0
13712_2010,-0.1070007266882374,-0.04329123165087902,0.9928188917581628,0.9957567605420424,0.03726057224584936,0.12269987941586664,0.15724447863573504,0.380080723468961,0.3021815349474124,0.42556029050207506,-13.318277782454533,-14.16902898829185,-2.367272107146167,-0.9128821542851944,-0.2876820724517809,-0.9038682118755978,0,0,0,0,0,1,0,0,0,0,1.0
13733_2008,0.019588197284217942,0.028869459493648744,0.08235325064844723,0.07360343229176304,0.09717527308488974,0.09767399058928633,2.7002924650007274,2.5547627738208605,0.13168282028315956,0.09159715507726993,-10.49481688297691,-10.469164128528703,-0.02271272354104631,-0.061989449374739373,2.7080502011022096,2.7080502011022096,0,0,0,0,0,0,0,0,1,0,0.0
13733_2009,0.028869459493648744,0.03389456018164851,0.07360343229176304,0.1462308167836836,0.09767399058928633,0.17046472215627698,2.5547627738208605,1.4240850628385255,0.09159715507726993,0.15128341472245702,-10.469164128528703,-10.674385325894665,-0.061989449374739373,-0.2119172511348056,2.7080502011022096,2.525728644308256,0,0,0,0,0,0,0,0,1,0,0.0
13733_2010,0.03389456018164851,0.02576241804307,0.1462308167836836,0.12222258830566166,0.17046472215627698,0.1876698591958611,1.4240850628385255,1.5688820115493405,0.15128341472245702,0.15747156313228422,-10.674385325894665,-10.774224682535978,-0.2119172511348056,-0.09672486472331174,2.525728644308256,2.659559991941776,0,0,0,0,0,0,0,0,1,0,0.0
13739_2008,0.0014249444809367332,0.02083539795423276,0.1936169845457908,0.12575965446386014,0.13070858654280734,0.2395345738079805,3.0375494077466745,2.461474009076537,0.12723984601977814,0.11996266680534615,-10.013999637370944,-9.479907527569818,0.17397714968185565,0.12973565642917442,1.983756291545428,2.349468678892896,0,0,0,0,0,0,1,0,0,0,0.0
13739_2009,0.02083539795423276,0.09367999655682972,0.12575965446386014,0.21965728158779332,0.2395345738079805,0.4789446917352495,2.461474009076537,1.250722917280243,0.11996266680534615,0.1547447359181406,-9.479907527569818,-9.597654079797724,0.12973565642917442,-0.2458400231947889,2.349468678892896,1.7245507195346048,0,0,0,0,0,0,1,0,0,0,0.0
13739_2010,0.09367999655682972,-0.031919499231863914,0.21965728158779332,0.19680231120500166,0.4789446917352495,0.3584414705158188,1.250722917280243,1.420963226139305,0.1547447359181406,0.15125582926239786,-9.597654079797724,-9.70161311171166,-0.2458400231947889,-0.0919735213782561,1.7245507195346048,1.8437192081587657,0,0,0,0,0,0,1,0,0,0,0.0
13747_2008,0.050349243306169966,-0.01913102936576637,0.4115250291036088,0.3908403832025198,0.0024253007372914237,0.08379827311544813,1.1490921490069048,0.8225234082718886,0.1923270228412877,0.17626940293615595,-13.866057809290172,-14.25030702805366,-0.31563337953404863,-0.5137831514482791,1.2149127443642704,0.8329091229351039,0,0,0,0,0,0,1,0,0,0,0.0
13747_2009,-0.01913102936576637,-0.14399977587583526,0.3908403832025198,0.6659289246242418,0.08379827311544813,0.049867626665172506,0.8225234082718886,0.2692432310994052,0.17626940293615595,0.2082986110527824,-14.25030702805366,-15.010400399217328,-0.5137831514482791,-0.8215079047214178,0.8329091229351039,-0.4307829160924542,0,0,0,0,0,0,1,0,0,0,0.0
13747_2010,-0.14399977587583526,-0.2463712143155997,0.6659289246242418,0.5432718612210743,0.049867626665172506,0.008850696791220108,0.2692432310994052,0.37256889019574896,0.2082986110527824,0.14042005583634398,-15.010400399217328,-15.069277700659187,-0.8215079047214178,-0.2433500341560847,-0.4307829160924542,-0.2613647641344075,0,0,0,0,0,0,1,0,0,0,0.0
13753_2008,0.023081132755042515,0.018818167322463327,0.07040516073729529,0.09105674701204616,0.057445491033692564,0.07883013225054461,3.4843988672659485,2.764694782362122,0.06684369914325394,0.09374643382604947,-8.131841706315251,-8.061138247004228,0.11648846560332818,-0.017919649087751798,2.7080502011022096,2.7080502011022096,0,0,0,0,1,0,0,0,0,0,0.0
13753_2009,0.018818167322463327,0.03628899665627211,0.09105674701204616,0.10666799580138188,0.07883013225054461,0.1056326524972352,2.764694782362122,2.1807697279361067,0.09374643382604947,0.11912873618002465,-8.061138247004228,-7.925820325473012,-0.017919649087751798,0.2056362196977388,2.7080502011022096,2.7080502011022096,0,0,0,0,1,0,0,0,0,0,0.0
13753_2010,0.03628899665627211,0.04235356341055621,0.10666799580138188,0.11359296966940227,0.1056326524972352,0.12020825570576375,2.1807697279361067,2.3393704017612613,0.11912873618002465,0.0620166753941765,-7.925820325473012,-7.837475139303043,0.2056362196977388,-0.026649746032364696,2.7080502011022096,2.7080502011022096,0,0,0,0,1,0,0,0,0,0,0.0
13758_2008,0.01856648006856014,0.008452695366780472,0.6897524566782418,0.7331505782568627,0.023186343969866838,0.007812570985288087,2.7317521489639405,2.395405004386329,0.09216049193622894,0.11743453083677564,-10.146181133251044,-10.297810375809425,0.17191520768203905,-0.3771692625597353,2.3513752571634776,2.105352923464337,0,0,0,0,0,0,0,1,0,0,0.0
13758_2009,0.008452695366780472,-0.11310685670887995,0.7331505782568627,0.8824434052380964,0.007812570985288087,0.0077140346016839265,2.395405004386329,250.9915,0.11743453083677564,0.15954975059712748,-10.297810375809425,-10.905169667043625,-0.3771692625597353,-0.6456172382577536,2.105352923464337,1.1314021114911006,0,0,0,0,0,0,0,1,0,0,0.0
13758_2010,-0.11310685670887995,-0.06395670849048471,0.8824434052380964,0.8483678699904825,0.0077140346016839265,0.023986475833782318,250.9915,321.7109,0.15954975059712748,0.30127687319463897,-10.905169667043625,-10.858964649344436,-0.6456172382577536,0.4818847220069808,1.1314021114911006,1.3937663759585917,0,0,0,0,0,0,0,1,0,0,0.0
13771_2008,0.028035989490381382,0.03133685653735987,0.07624280556030268,0.05564884044109147,0.08282191390736518,0.03784509069667763,2.938721914112311,3.3164586666814633,0.15069113079296906,0.0854974642199547,-8.803436260763961,-8.47747725860682,-0.0653175650998584,0.19069312233495714,2.7080502011022096,2.7080502011022096,1,0,0,0,0,0,0,0,0,0,0.0
13771_2009,0.03133685653735987,0.015760278742073256,0.05564884044109147,0.11658839484360475,0.03784509069667763,0.0193073344040056,3.3164586666814633,1.8265643555989537,0.0854974642199547,0.22445305076058486,-8.47747725860682,-8.64713440229797,0.19069312233495714,-0.3323597405132714,2.7080502011022096,2.7080502011022096,1,0,0,0,0,0,0,0,0,0,0.0
13771_2010,0.015760278742073256,0.020718495141757172,0.11658839484360475,0.16360219099138792,0.0193073344040056,0.06452916636646157,1.8265643555989537,1.7146297823480308,0.22445305076058486,0.17817538114855924,-8.64713440229797,-8.285646012690574,-0.3323597405132714,-0.0274623468926371,2.7080502011022096,2.7080502011022096,1,0,0,0,0,0,0,0,0,0,0.0
13776_2008,-0.045621074448584265,-0.1152443915409494,0.2462680734005098,0.31523246486893525,0.2425741783710049,0.19935081487232612,4.5310301376147475,4.87744973519415,0.1859207120955283,0.11315134467042146,-11.170016345307324,-11.60699018296772,-0.36188565828166863,-0.4522863360097325,0.3364722366212129,-0.12783337150988489,0,0,0,0,0,0,1,0,0,0,0.0
13776_2009,-0.1152443915409494,-0.16956098764351407,0.31523246486893525,0.5585187336740601,0.19935081487232612,0.15203391617643255,4.87744973519415,1.812308385859632,0.11315134467042146,0.1801652451170057,-11.60699018296772,-12.083421232875281,-0.4522863360097325,-0.4219775321330681,-0.12783337150988489,-1.272965675812887,0,0,0,0,0,0,1,0,0,0,0.0
13776_2010,-0.16956098764351407,-0.1401703292562257,0.5585187336740601,0.4896540658026214,0.15203391617643255,0.06169147697297246,1.812308385859632,2.6902271075790956,0.1801652451170057,0.5812990373825979,-12.083421232875281,-12.372506281580756,-0.4219775321330681,1.3127418975727227,-1.272965675812887,0.7419373447293773,0,0,0,0,0,0,1,0,0,0,0.0
13790_2008,0.02257390083617496,0.0286750557034805,0.3706728320387615,0.3582813670784848,0.11254329388622046,0.10574863119859364,11.317766686112115,7.460318771892752,0.056521664726421325,0.07590745195730142,-7.38604401603876,-7.392349460955949,0.21552849959191692,-0.08412133951269593,2.7080502011022096,2.7080502011022096,0,0,0,0,0,0,0,1,0,0,0.0
13790_2009,0.0286750557034805,0.06753099800526552,0.3582813670784848,0.6289167520009177,0.10574863119859364,0.04181722955686228,7.460318771892752,4961.6993,0.07590745195730142,0.17013537725727393,-7.392349460955949,-8.12803569073542,-0.08412133951269593,-0.5144903836754007,2.7080502011022096,2.406043801362276,0,0,0,0,0,0,0,1,0,0,0.0
13790_2010,0.06753099800526552,0.03230191958164072,0.6289167520009177,0.5279264883745592,0.04181722955686228,0.10873291337373267,4961.6993,9288.1155,0.17013537725727393,0.11859440426486242,-8.12803569073542,-7.73615952559357,-0.5144903836754007,0.18424832476482844,2.406043801362276,2.7080502011022096,0,0,0,0,0,0,0,1,0,0,0.0
137_2008,0.0,0.0,0.0,0.0,0.0,0.0,0.0,0.0,0.0,0.0,0.0,0.0,0.0,0.0,0.0,0.0,0,0,0,0,0,1,0,0,0,0,0.0
137_2009,0.0,0.0,0.0,0.0,0.0,0.0,0.0,0.0,0.0,0.0,0.0,0.0,0.0,0.0,0.0,0.0,0,0,0,0,0,1,0,0,0,0,0.0
137_2010,0.0,0.0,0.0,0.0,0.0,0.0,0.0,0.0,0.0,0.0,0.0,0.0,0.0,0.0,0.0,0.0,0,0,0,0,0,1,0,0,0,0,0.0
13840_2008,0.011022326634578552,0.009603544487591141,0.8426314971423912,0.9119819040649324,0.0519966739794952,0.017855496301795004,2.2088581790090345,1.1543707377557344,0.1491975919763467,0.1399032594407745,-12.036555334154322,-12.740436538042562,-0.04291471107876494,-0.5967867600048289,2.7080502011022096,2.3513752571634776,0,0,0,0,0,1,0,0,0,0,0.0
13840_2009,0.009603544487591141,-0.006464276679291218,0.9119819040649324,0.994378072880194,0.017855496301795004,0.11079783977209816,1.1543707377557344,0.09186307481819468,0.1399032594407745,0.3077465622026003,-12.740436538042562,-14.978769500903725,-0.5967867600048289,-2.0448987949044555,2.3513752571634776,-0.3856624808119846,0,0,0,0,0,1,0,0,0,0,0.0
13840_2010,-0.006464276679291218,0.0,0.994378072880194,0.0,0.11079783977209816,0.0,0.09186307481819468,0.0,0.3077465622026003,0.0,-14.978769500903725,0.0,-2.0448987949044555,0.0,-0.3856624808119846,0.0,0,0,0,0,0,1,0,0,0,0,0.0
13852_2008,0.030979357206776782,0.049641463424443234,0.3411047155359391,0.4324826496181375,0.19778253022098866,0.3201559355934521,2.6611651503932405,1.6111125699730438,0.04224283481057529,0.07714054130301669,-12.11797898132291,-12.624866472568426,0.1428877896546206,-0.5355501600892365,2.7080502011022096,2.196112848483529,0,0,0,0,0,0,1,0,0,0,0.0
13852_2009,0.049641463424443234,0.05642588533033916,0.4324826496181375,0.4206277067850077,0.3201559355934521,0.3335650252187706,1.6111125699730438,1.3136456211812628,0.07714054130301669,0.11128760901072413,-12.624866472568426,-12.394774409401162,-0.5355501600892365,0.055562113999455764,2.196112848483529,1.9459101490553128,0,0,0,0,0,0,1,0,0,0,0.0
13852_2010,0.05642588533033916,0.043057681072792564,0.4206277067850077,0.4401585339663078,0.3335650252187706,0.24226140683125805,1.3136456211812628,1.4532523534344528,0.11128760901072413,0.06713035767324721,-12.394774409401162,-12.492446998627393,0.055562113999455764,-0.20976582484825773,1.9459101490553128,2.0731593499707768,0,0,0,0,0,0,1,0,0,0,0.0
13856_2008,0.06180050935769527,0.07517578353719076,0.11007469699109183,0.16250324582201187,0.12523657094791935,0.19376496684594355,1.4846579872847998,0.8293549246945479,0.06069123794940215,0.13987797176667155,-11.222817258139026,-11.852579824500214,-0.026595237337913413,-0.6976412710866563,2.4336133554004498,1.80005827204275,0,0,0,0,0,0,1,0,0,0,0.0
13856_2009,0.07517578353719076,0.026481935774103547,0.16250324582201187,0.38060857482864296,0.19376496684594355,0.5148797454188467,0.8293549246945479,0.25164104033705914,0.13987797176667155,0.1955800546023277,-11.852579824500214,-12.824150850844793,-0.6976412710866563,-1.0937732401716205,1.80005827204275,0.29266961396282004,0,0,0,0,0,0,1,0,0,0,0.0
13856_2010,0.026481935774103547,0.018505624524705444,0.38060857482864296,0.16043969067583186,0.5148797454188467,0.5036023623991388,0.25164104033705914,0.5877103697093544,0.1955800546023277,0.14064655786724825,-12.824150850844793,-11.930248997473193,-1.0937732401716205,0.5689204260495109,0.29266961396282004,1.396244691973059,0,0,0,0,0,0,1,0,0,0,0.0
13876_2008,-0.004102388989472511,0.007008355470504057,0.13145429689676802,0.04795537673957395,0.013469115294915526,0.062349783484381686,5.251073273640515,4.642150868682782,0.2611069090541208,0.15521587557602104,-12.217350272387149,-11.327790253702545,1.1584643928352794,0.2603510206643475,1.8947672193022842,2.3263016196113617,0,0,0,0,0,0,1,0,0,0,0.0
13876_2009,0.007008355470504057,-0.006601215771739525,0.04795537673957395,0.09868339229781624,0.062349783484381686,0.1074945803061816,4.642150868682782,3.3585539543519123,0.15521587557602104,0.10668029992566916,-11.327790253702545,-11.330909445213699,0.2603510206643475,-0.050857163006612416,2.3263016196113617,1.7749523509116738,0,0,0,0,0,0,1,0,0,0,0.0
13876_2010,-0.006601215771739525,-0.006863979523465854,0.09868339229781624,0.10659407096855317,0.1074945803061816,0.22571038312546185,3.3585539543519123,2.368284434119273,0.10668029992566916,0.14739867326680486,-11.330909445213699,-11.469236788422187,-0.050857163006612416,-0.3939949258481768,1.7749523509116738,1.7011051009599245,0,0,0,0,0,0,1,0,0,0,0.0
13912_2008,0.0,0.0,0.0,0.0,0.0,0.0,0.0,0.0,0.0,0.0,0.0,0.0,0.0,0.0,0.0,0.0,0,0,0,0,0,1,0,0,0,0,0.0
13912_2009,0.0,0.0,0.0,0.0,0.0,0.0,0.0,0.0,0.0,0.0,0.0,0.0,0.0,0.0,0.0,0.0,0,0,0,0,0,1,0,0,0,0,0.0
13912_2010,0.0,0.0,0.0,0.0,0.0,0.0,0.0,0.0,0.0,0.0,0.0,0.0,0.0,0.0,0.0,0.0,0,0,0,0,0,1,0,0,0,0,0.0
13913_2008,-0.01141608815562872,0.04685118077424187,0.9282481904832366,0.8465283602086731,0.004942518814453117,0.007574678630017037,6.9828,2.2574037722966627,0.15685759165931296,0.21833173350286,-14.095790919310662,-13.518109448932341,0.31840275202583385,0.04474168195318881,2.7080502011022096,2.7080502011022096,0,0,1,0,0,0,0,0,0,0,0.0
13913_2009,0.04685118077424187,0.059226676441511986,0.8465283602086731,0.8448798693725216,0.007574678630017037,0.005087362680084863,2.2574037722966627,1.2396804260985352,0.21833173350286,0.12747373244762605,-13.518109448932341,-13.635019159539127,0.04474168195318881,-0.18659151453972728,2.7080502011022096,2.7080502011022096,0,0,1,0,0,0,0,0,0,0,0.0
13913_2010,0.059226676441511986,0.13683777541054495,0.8448798693725216,0.6313480218957316,0.005087362680084863,0.0032695938320694423,1.2396804260985352,1.4046996129872324,0.12747373244762605,0.1772977564550203,-13.635019159539127,-12.478193550959954,-0.18659151453972728,0.735805264001573,2.7080502011022096,2.7080502011022096,0,0,1,0,0,0,0,0,0,0,0.0
13914_2008,0.08862788295516483,0.007983623915263369,0.06136582800035066,0.01517124049030284,0.16735528527486934,0.15610457558207447,3.9541039357031207,3.8787623124026434,0.4602260746388933,0.30069149897883457,-11.769299645594113,-10.334337196483796,-0.662131534817477,0.9967060459691984,2.1435893615035875,2.7080502011022096,1,0,0,0,0,0,0,0,0,0,0.0
13914_2009,0.007983623915263369,0.0440852721772597,0.01517124049030284,0.06762856554585914,0.15610457558207447,0.07010722374443687,3.8787623124026434,2.0747131449777574,0.30069149897883457,0.2754213329944412,-10.334337196483796,-10.414651624856932,0.9967060459691984,-0.03087039177285167,2.7080502011022096,2.4849066497880004,1,0,0,0,0,0,0,0,0,0,0.0
13914_2010,0.0440852721772597,0.02686165131747423,0.06762856554585914,0.15569934461635598,0.07010722374443687,0.09257615769313628,2.0747131449777574,3.4852370800854735,0.2754213329944412,0.13195620917797682,-10.414651624856932,-10.592363663028896,-0.03087039177285167,-0.07577456911206548,2.4849066497880004,2.468099531471619,1,0,0,0,0,0,0,0,0,0,0.0
13915_2008,-0.2514887244490593,-0.17262955307479536,0.10898043747411593,0.10340512386779956,0.1465628933497399,0.2287357760238889,5.601574994992406,3.731575686281553,0.3090571752468373,0.18242484279181972,-11.257975082520497,-11.03419592709194,-1.3195413592538692,-0.1717831757560079,0.8586616190375187,0.7654678421395714,0,0,0,0,1,0,0,0,0,0,0.0
13915_2009,-0.17262955307479536,-0.2888524493293152,0.10340512386779956,0.16217573716244166,0.2287357760238889,0.1831235596525439,3.731575686281553,5.354797592352178,0.18242484279181972,0.2447709851882044,-11.03419592709194,-11.114185153880479,-0.1717831757560079,-0.1083199732780264,0.7654678421395714,0.11332868530700327,0,0,0,0,1,0,0,0,0,0,0.0
13915_2010,-0.2888524493293152,-0.3001076010983149,0.16217573716244166,0.20201076412854665,0.1831235596525439,0.15814648819552654,5.354797592352178,8.719526453129992,0.2447709851882044,0.4269023974725017,-11.114185153880479,-11.73598334939066,-0.1083199732780264,-0.8833328985374616,0.11332868530700327,-0.464419250951835,0,0,0,0,1,0,0,0,0,0,0.0
13927_2008,0.03822222932634288,0.06545102037901042,0.4136326654571901,0.4201499281380765,0.14821064072952214,0.2359276599032216,1.7729671471551296,1.9180496670042384,0.0764950349570733,0.0716194872797157,-9.538184206136822,-9.302834072370286,3.4834439701627216,0.1059227779891854,2.7080502011022096,2.7080502011022096,0,1,0,0,0,0,0,0,0,0,0.0
13927_2009,0.06545102037901042,0.04836160779568223,0.4201499281380765,0.6977613623128414,0.2359276599032216,0.3116922933481986,1.9180496670042384,0.6092572522360452,0.0716194872797157,0.2670905611043625,-9.302834072370286,-9.889628231268118,0.1059227779891854,-0.5514551351986654,2.7080502011022096,2.7080502011022096,0,1,0,0,0,0,0,0,0,0,0.0
13927_2010,0.04836160779568223,0.04298255469546112,0.6977613623128414,0.4709180541153768,0.3116922933481986,0.3520721967210107,0.6092572522360452,1.0716159213115044,0.2670905611043625,0.2005542837731006,-9.889628231268118,-9.246643842230037,-0.5514551351986654,0.6461178630680947,2.7080502011022096,2.7080502011022096,0,1,0,0,0,0,0,0,0,0,0.0
13938_2008,0.04790410164231269,0.0709662731323381,0.2661808738907841,0.2877327517780245,0.002340773624946489,0.0019039431665053676,1.7445214047969868,1.2592655445988616,0.1237820321478726,0.10234085165906244,-10.148515208674443,-10.365981439217636,-0.17100650008724805,-0.3971593947282809,2.498973906999436,2.277267285009756,0,1,0,0,0,0,0,0,0,0,0.0
13938_2009,0.0709662731323381,-0.1924954953243607,0.2877327517780245,0.3317931344005709,0.0019039431665053676,0.0015105225057554345,1.2592655445988616,1.3614180765856745,0.10234085165906244,0.12336732929959887,-10.365981439217636,-10.199633951392359,-0.3971593947282809,0.2727734980088516,2.277267285009756,2.0386195471595814,0,1,0,0,0,0,0,0,0,0,0.0
13938_2010,-0.1924954953243607,0.021386829481029216,0.3317931344005709,0.18790106535418352,0.0015105225057554345,0.004671775382634519,1.3614180765856745,1.9325712760752567,0.12336732929959887,0.17243826887500688,-10.199633951392359,-9.91884670834379,0.2727734980088516,0.3964511656985679,2.0386195471595814,2.525728644308256,0,1,0,0,0,0,0,0,0,0,0.0
13943_2008,0.019857693395917444,0.02036585523905556,0.21436882084858605,0.339268461108372,0.015326625191523726,0.034888643110519764,3.0385602716610487,3.1661160019722634,0.056473503379715725,0.06592780560277117,-9.300638705383433,-9.380075203620667,-0.01697321181967125,-0.04332893444295534,2.7080502011022096,2.7080502011022096,0,0,0,0,1,0,0,0,0,0,0.0
13943_2009,0.02036585523905556,0.02079204272996015,0.339268461108372,0.4072491751898487,0.034888643110519764,0.10924616479870798,3.1661160019722634,2.401038164636482,0.06592780560277117,0.08986807817852285,-9.380075203620667,-8.972624957279123,-0.04332893444295534,0.2636076462805113,2.7080502011022096,2.7080502011022096,0,0,0,0,1,0,0,0,0,0,0.0
13943_2010,0.02079204272996015,0.03287744947644815,0.4072491751898487,0.31952648213871504,0.10924616479870798,0.046385884021417606,2.401038164636482,2.0848271194696477,0.08986807817852285,0.11202122969400267,-8.972624957279123,-9.149880908273415,0.2636076462805113,-0.01217321750200978,2.7080502011022096,2.7080502011022096,0,0,0,0,1,0,0,0,0,0,0.0
13945_2008,0.009179828572038529,-0.014043410439981995,0.23392551529793526,0.1691490650438726,0.1678520980177975,0.08266020181233279,0.7307311927657931,0.9316872894529546,0.06135579633188274,0.10480179803467177,-12.596778909259445,-12.35288518970724,0.3376567689736256,-0.03189391496856242,1.6486586255873816,1.8946168546677629,0,0,0,1,0,0,0,0,0,0,0.0
13945_2009,-0.014043410439981995,-0.3744924691880408,0.1691490650438726,0.7711317374433951,0.08266020181233279,0.00012378800291689549,0.9316872894529546,0.2771293856403875,0.10480179803467177,0.15604373271217922,-12.35288518970724,-12.86378923273385,-0.03189391496856242,-1.1326623333583408,1.8946168546677629,0.1823215567939546,0,0,0,1,0,0,0,0,0,0,0.0
13945_2010,-0.3744924691880408,0.008701999203379555,0.7711317374433951,0.5979852958777836,0.00012378800291689549,0.00010791656283785242,0.2771293856403875,0.5344911784225092,0.15604373271217922,0.2664338678335895,-12.86378923273385,-12.397800112763605,-1.1326623333583408,0.3596371925758515,0.1823215567939546,0.8754687373538999,0,0,0,1,0,0,0,0,0,0,0.0
13960_2008,0.046303854300657116,0.02927237890348012,0.23643492638547806,0.15803675720039098,0.01232127090068163,0.006950407781848015,2.5115110756922623,3.6551367952973184,0.10173524683794774,0.20009054090189932,-8.247166617917388,-7.4791392075714365,-0.1738559808984198,0.054428454046459074,2.7080502011022096,2.7080502011022096,0,0,0,0,0,0,0,0,0,0,0.0
13960_2009,0.02927237890348012,0.08722195917628926,0.15803675720039098,0.3929084313602373,0.006950407781848015,0.003833179592941434,3.6551367952973184,1.4033221568192868,0.20009054090189932,0.20198445095128248,-7.4791392075714365,-7.976102241430301,0.054428454046459074,-0.4200031978293505,2.7080502011022096,2.390595970316759,0,0,0,0,0,0,0,0,0,0,0.0
13960_2010,0.08722195917628926,-0.012176964758837413,0.3929084313602373,0.37228579463962735,0.003833179592941434,0.0033362057766408693,1.4033221568192868,1.7916081674764277,0.20198445095128248,0.0989301500213942,-7.976102241430301,-7.8954458408236645,-0.4200031978293505,-0.10677811117548794,2.390595970316759,2.694627180770069,0,0,0,0,0,0,0,0,0,0,0.0
13966_2008,0.009476562740601796,0.009655795591915765,0.8443394339275624,0.8871956585488476,0.02450234733811484,0.018839827825914857,1.9885822745806323,1.4484322878573659,0.045790297981210384,0.04930811481291047,-11.6757511958049,-11.978019288117919,0.1057284424893411,-0.30408069890857203,2.7080502011022096,2.7080502011022096,0,0,0,0,0,1,0,0,0,0,0.0
13966_2009,0.009655795591915765,0.008708297234639997,0.8871956585488476,0.9038181232038398,0.018839827825914857,0.04780313291391277,1.4484322878573659,1.247831542307714,0.04930811481291047,0.049360668127847215,-11.978019288117919,-11.582458827829376,-0.30408069890857203,0.3528721075187781,2.7080502011022096,2.7080502011022096,0,0,0,0,0,1,0,0,0,0,0.0
13966_2010,0.008708297234639997,0.0030471663064529073,0.9038181232038398,0.9090784641521292,0.04780313291391277,0.015711159055109728,1.247831542307714,1.2423531424923409,0.049360668127847215,0.12108242675602865,-11.582458827829376,-11.83790727802816,0.3528721075187781,-0.31205736195847444,2.7080502011022096,2.7080502011022096,0,0,0,0,0,1,0,0,0,0,0.0
13971_2008,0.0,0.0,0.0,0.0,0.0,0.0,0.0,0.0,0.0,0.0,0.0,0.0,0.0,0.0,0.0,0.0,0,0,0,0,0,1,0,0,0,0,0.0
13971_2009,0.0,0.0,0.0,0.0,0.0,0.0,0.0,0.0,0.0,0.0,0.0,0.0,0.0,0.0,0.0,0.0,0,0,0,0,0,1,0,0,0,0,0.0
13971_2010,0.0,0.0,0.0,0.0,0.0,0.0,0.0,0.0,0.0,0.0,0.0,0.0,0.0,0.0,0.0,0.0,0,0,0,0,0,1,0,0,0,0,0.0
13978_2008,0.021919315576958188,0.011964769601536458,0.01216135318243694,0.029928957051359936,0.2265452799313932,0.3313836171606819,2.6240922926450985,1.5561572745295995,0.1639308462587724,0.2316092523822974,-10.358926535705166,-10.818776094013353,0.4445925436818262,-0.4934444085032398,2.6525374911719517,2.136530508663963,0,0,0,0,0,0,1,0,0,0,0.0
13978_2009,0.011964769601536458,-0.003931784611252853,0.029928957051359936,0.062258627635289374,0.3313836171606819,0.19666979991943065,1.5561572745295995,1.049674727336131,0.2316092523822974,0.22913140600455725,-10.818776094013353,-10.713854621115422,-0.4934444085032398,0.1169082940380537,2.136530508663963,1.715598108262491,0,0,0,0,0,0,1,0,0,0,0.0
13978_2010,-0.003931784611252853,0.014694695437593929,0.062258627635289374,0.05552257082954524,0.19666979991943065,0.14181679870864794,1.049674727336131,1.529246889955028,0.22913140600455725,0.2567259740073635,-10.713854621115422,-10.3891148911845,0.1169082940380537,0.2493510438679765,1.715598108262491,2.21375387928743,0,0,0,0,0,0,1,0,0,0,0.0
13979_2008,0.04681472730802172,0.03917015758851338,0.10131712754778052,0.09434243964526473,0.050873144595239436,0.03317697692077914,2.346707368676748,2.76572949040039,0.2147303057287637,0.04638627827768852,-8.588060074474123,-8.269031538584859,-0.6889474763440262,0.2431681091332611,2.7080502011022096,2.7080502011022096,0,0,0,0,1,0,0,0,0,0,0.0
13979_2009,0.03917015758851338,0.08551606059959747,0.09434243964526473,0.26874526745697463,0.03317697692077914,0.017744983112699494,2.76572949040039,1.4278476896304932,0.04638627827768852,0.1352715799805528,-8.269031538584859,-8.599290888685507,0.2431681091332611,-0.3404826664873882,2.7080502011022096,2.7080502011022096,0,0,0,0,1,0,0,0,0,0,0.0
13979_2010,0.08551606059959747,0.052917979389487904,0.26874526745697463,0.1502776219321552,0.017744983112699494,0.009596959892124429,1.4278476896304932,2.085844389967453,0.1352715799805528,0.08502633748947999,-8.599290888685507,-8.174487733343826,-0.3404826664873882,0.2858473911977497,2.7080502011022096,2.7080502011022096,0,0,0,0,1,0,0,0,0,0,0.0
13987_2008,0.03579746383746804,0.036499919754728265,0.185319930468162,0.13296181907366064,0.023481719310675147,0.007720725356978438,7.442293518858082,8.372310178594581,0.12597928140934306,0.09472829810370784,-8.742522611158451,-8.393702789497164,0.4921327770895689,0.39751752308220817,2.7080502011022096,2.7080502011022096,0,0,0,0,0,0,0,0,0,0,0.0
13987_2009,0.036499919754728265,0.08181028477360104,0.13296181907366064,0.2149696932269564,0.007720725356978438,0.020587731949530258,8.372310178594581,4.918968119061845,0.09472829810370784,0.12067211809977213,-8.393702789497164,-8.64788871657383,0.39751752308220817,-0.20682071212522066,2.7080502011022096,2.7080502011022096,0,0,0,0,0,0,0,0,0,0,0.0
13987_2010,0.08181028477360104,0.03674563638290245,0.2149696932269564,0.12175056775831435,0.020587731949530258,0.05855967869918818,4.918968119061845,5.192093891917456,0.12067211809977213,0.07337457664249014,-8.64788871657383,-8.204456844255128,-0.20682071212522066,0.26748061508228593,2.7080502011022096,2.7080502011022096,0,0,0,0,0,0,0,0,0,0,0.0
14013_2008,0.03614374697233562,0.04334497096968813,0.3326080372957763,0.3719560103859391,0.018916452894037483,0.018112292877619996,2.64856879849856,2.459122578109141,0.040811728509279215,0.058105491629515574,-8.242729680869777,-8.444448646148754,-0.01522483968375944,-0.08007243721741014,2.7080502011022096,2.7080502011022096,0,0,0,0,0,1,0,0,0,0,0.0
14013_2009,0.04334497096968813,0.01738915886731322,0.3719560103859391,0.4574734128305059,0.018112292877619996,0.03670489328087502,2.459122578109141,2.325999622570816,0.058105491629515574,0.05964163686552312,-8.444448646148754,-8.31109970444546,-0.08007243721741014,0.1234625462108932,2.7080502011022096,2.7080502011022096,0,0,0,0,0,1,0,0,0,0,0.0
14013_2010,0.01738915886731322,0.0,0.4574734128305059,0.0,0.03670489328087502,0.0,2.325999622570816,0.0,0.05964163686552312,0.0,-8.31109970444546,0.0,0.1234625462108932,0.0,2.7080502011022096,0.0,0,0,0,0,0,1,0,0,0,0,0.0
14031_2008,-0.03711930334020271,-0.02122462479001208,0.026070699787659198,0.019246768043662918,0.2213647547699894,0.1871691127011671,3.083040474029614,3.4528797829084663,0.06542394699923405,0.09303468366220442,-9.229482038253144,-8.740151404544234,0.27332871171835915,0.24449162636312224,2.7080502011022096,2.7080502011022096,0,0,0,0,1,0,0,0,0,0,0.0
14031_2009,-0.02122462479001208,0.022670693453133026,0.019246768043662918,0.034915568784220155,0.1871691127011671,0.15576322954251254,3.4528797829084663,3.4711506508261865,0.09303468366220442,0.14046075842608685,-8.740151404544234,-7.838009713517042,0.24449162636312224,0.8523589776634701,2.7080502011022096,2.7080502011022096,0,0,0,0,1,0,0,0,0,0,0.0
14031_2010,0.022670693453133026,0.02451973030527969,0.034915568784220155,0.009331493887497686,0.15576322954251254,0.0918182254432358,3.4711506508261865,4.66609725785956,0.14046075842608685,0.1912721248669558,-7.838009713517042,-8.281078639693787,0.8523589776634701,-1.3468821972684435,2.7080502011022096,2.7080502011022096,0,0,0,0,1,0,0,0,0,0,0.0
14046_2008,0.03813458840156142,0.04481875285752327,0.19940476106868826,0.391431360248568,0.006715610817390647,0.010220721733439572,4.439009274437031,3.3397193310751248,0.0629584151372779,0.09414822385312943,-8.761037980324135,-9.521959026169887,-0.12299484704104476,-0.6298205626275029,2.7080502011022096,2.7080502011022096,0,0,1,0,0,0,0,0,0,0,0.0
14046_2009,0.04481875285752327,0.0391270698237798,0.391431360248568,0.4047435561172834,0.010220721733439572,0.010828022939855629,3.3397193310751248,2.8483448973791603,0.09414822385312943,0.1663398196711277,-9.521959026169887,-9.111803787241538,-0.6298205626275029,0.10453778971751372,2.7080502011022096,2.7080502011022096,0,0,1,0,0,0,0,0,0,0,0.0
14046_2010,0.0391270698237798,0.013468666237304123,0.4047435561172834,0.34433547963167593,0.010828022939855629,0.011112596562733529,2.8483448973791603,2.917091180440802,0.1663398196711277,0.16253984085963447,-9.111803787241538,-9.270528003210208,0.10453778971751372,-0.1112248491645266,2.7080502011022096,2.7080502011022096,0,0,1,0,0,0,0,0,0,0,0.0
14049_2008,0.031921421950939714,0.03350838861394827,0.2894415298974253,0.2347342143132919,0.015969815773516333,0.033256115966445544,2.37653713828413,2.4381773374914206,0.12456556485536226,0.1794595440380928,-12.814305583873324,-11.071578004161921,0.3737574091763214,1.1183419190808523,1.925707441737794,2.7080502011022096,0,0,1,0,0,0,0,0,0,0,0.0
14049_2009,0.03350838861394827,0.053576573728806434,0.2347342143132919,0.3970303150674585,0.033256115966445544,0.03918411990634415,2.4381773374914206,1.3198629736457872,0.1794595440380928,0.16721190615501366,-11.071578004161921,-12.325360437958754,1.1183419190808523,-1.3881246290702438,2.7080502011022096,1.383791230901772,0,0,1,0,0,0,0,0,0,0,0.0
14049_2010,0.053576573728806434,0.03690214695670658,0.3970303150674585,0.4588818819528095,0.03918411990634415,0.09034223765322752,1.3198629736457872,1.0798703612576994,0.16721190615501366,0.19705715798688986,-12.325360437958754,-11.77992394154789,-1.3881246290702438,0.469122355995927,1.383791230901772,2.1471001901536506,0,0,1,0,0,0,0,0,0,0,0.0
14091_2008,0.008507154309669937,0.008177418736859777,0.8583962833128106,0.8980282106882936,0.01941042561375271,0.021799510502101885,1.9206443041163528,1.0461774839180094,0.03800594182113305,0.05408940897100949,-10.056777238221203,-10.238088234102909,0.21520030925230169,-0.4164986373402367,2.7080502011022096,2.7080502011022096,0,0,0,0,0,1,0,0,0,0,0.0
14091_2009,0.008177418736859777,-0.029695636259046324,0.8980282106882936,0.9630775122391576,0.021799510502101885,0.023839011708585704,1.0461774839180094,0.5276520140373521,0.05408940897100949,0.23012771131198556,-10.238088234102909,-10.773830836337929,-0.4164986373402367,-0.5895584259230957,2.7080502011022096,2.2417729535972883,0,0,0,0,0,1,0,0,0,0,0.0
14091_2010,-0.029695636259046324,-0.008176171671988473,0.9630775122391576,0.9869503828413972,0.023839011708585704,0.07384365090344022,0.5276520140373521,0.21568027117964708,0.23012771131198556,0.3939392425252244,-10.773830836337929,-12.066348770926389,-0.5895584259230957,-0.4582816731761537,2.2417729535972883,0.9858167945227654,0,0,0,0,0,1,0,0,0,0,0.0
14093_2008,-0.12623196384113736,-0.31142801221057403,0.043467679697860584,0.037548545272866496,0.14329367883631555,0.26465972811213395,3.9755200991788113,2.2913142962715294,0.1537499659071597,0.21118904117000856,-11.418566315061407,-12.345762628200871,-0.15814087493909534,-1.0285691764303666,0.7884573603642703,-0.2744368457017603,0,0,0,0,1,0,0,0,0,0,0.0
14093_2009,-0.31142801221057403,-0.4070639029362969,0.037548545272866496,0.05553445668179122,0.26465972811213395,0.20384843457461335,2.2913142962715294,2.143755898081157,0.21118904117000856,0.2194045640701837,-12.345762628200871,-12.548847572853047,-1.0285691764303666,-0.3783024686304067,-0.2744368457017603,-1.0216512475319814,0,0,0,0,1,0,0,0,0,0,0.0
14093_2010,-0.4070639029362969,-0.08901595220413662,0.05553445668179122,0.07809352129998004,0.20384843457461335,0.7199630050694461,2.143755898081157,1.2339655272838062,0.2194045640701837,0.4752956029509861,-12.548847572853047,-11.8023723998928,-0.3783024686304067,0.015327541357525676,-1.0216512475319814,-0.579818495252942,0,0,0,0,1,0,0,0,0,0,0.0
14098_2008,0.02861359839164595,0.030740033743420464,0.2426014979946246,0.2140184828501233,0.05183293442490615,0.03551362284383106,2.4666221826370247,2.5563643644634904,0.03268504048521893,0.03517052759645175,-7.98499796485935,-7.757432713455324,-0.05607754014336233,0.17313594144190694,2.7080502011022096,2.7080502011022096,0,0,0,0,1,0,0,0,0,0,0.0
14098_2009,0.030740033743420464,0.049844875779774964,0.2140184828501233,0.3279358344421054,0.03551362284383106,0.07576270236828299,2.5563643644634904,1.5861846826236354,0.03517052759645175,0.09533831208298864,-7.757432713455324,-7.781172758686403,0.17313594144190694,-0.03997241575870353,2.7080502011022096,2.7080502011022096,0,0,0,0,1,0,0,0,0,0,0.0
14098_2010,0.049844875779774964,0.04968036902378785,0.3279358344421054,0.2388445934484559,0.07576270236828299,0.07522699310960762,1.5861846826236354,1.968246025094708,0.09533831208298864,0.0497620596757358,-7.781172758686403,-7.6413132510821455,-0.03997241575870353,0.04354758296594924,2.7080502011022096,2.7080502011022096,0,0,0,0,1,0,0,0,0,0,0.0
14111_2008,-0.2606974210475564,-0.08871340177392745,0.06468609720257276,0.06270409756461573,0.2692392385333117,0.2253737173194254,1.9138035679735808,2.0669018293094483,0.20841248361532094,0.10830553539655004,-9.88262589464046,-10.30236837052185,-0.10150991922656813,-0.07243534626475934,1.7387102481382395,1.6601310267496183,0,1,0,0,0,0,0,0,0,0,0.0
14111_2009,-0.08871340177392745,0.24358341154010274,0.06270409756461573,0.3367167737974324,0.2253737173194254,0.6103987723264542,2.0669018293094483,0.6007099024024991,0.10830553539655004,0.20963471987483653,-10.30236837052185,-11.345837043110686,-0.07243534626475934,-0.9814571637608396,1.6601310267496183,0.12221763272424913,0,1,0,0,0,0,0,0,0,0,0.0
14111_2010,0.24358341154010274,-0.01669579976109325,0.3367167737974324,0.18667728474435388,0.6103987723264542,0.4213972713795148,0.6007099024024991,0.9988156634503068,0.20963471987483653,0.20898817077022086,-11.345837043110686,-11.04374163251266,-0.9814571637608396,0.12476943459322808,0.12221763272424913,0.636576829071551,0,1,0,0,0,0,0,0,0,0,0.0
14124_2008,0.0,0.0,0.0,0.0,0.0,0.0,0.0,0.0,0.0,0.0,0.0,0.0,0.0,0.0,0.0,0.0,0,0,0,0,0,1,0,0,0,0,0.0
14124_2009,0.0,0.026488870114230068,0.0,0.6997544026608279,0.0,0.020011412805744085,0.0,0.42928747188445626,0.0,0.2448047321433773,0.0,-12.217329166146559,0.0,-1.6174756131938386,0.0,1.0006318803079057,0,0,0,0,0,1,0,0,0,0,0.0
14124_2010,0.026488870114230068,-0.3761147152990905,0.6997544026608279,0.5526989676899944,0.020011412805744085,0.01871764055745818,0.42928747188445626,0.7076001021235092,0.2448047321433773,0.2528563119100987,-12.217329166146559,-11.49384077232393,-1.6174756131938386,1.0742026607805395,1.0006318803079057,1.958685340544036,0,0,0,0,0,1,0,0,0,0,0.0
14143_2008,0.09786079506328288,0.05332793240772643,0.0621732161113425,0.08065227040634207,0.1597935751277884,0.3185676993608905,2.0906728499243883,1.3918672267027827,0.12104860999508588,0.11572906310335772,-9.618392844506682,-9.986116067686574,0.08015629483305009,-0.2983230224503489,2.7080502011022096,2.5710843460290524,0,0,0,0,0,0,1,0,0,0,0.0
14143_2009,0.05332793240772643,-0.003863312989591857,0.08065227040634207,0.09574240758017187,0.3185676993608905,0.32512200164348243,1.3918672267027827,1.0942458576485152,0.11572906310335772,0.1840815133815964,-9.986116067686574,-9.844620169334227,-0.2983230224503489,0.33730614710674944,2.5710843460290524,2.2975725511705014,0,0,0,0,0,0,1,0,0,0,0.0
14143_2010,-0.003863312989591857,-0.14655090612423116,0.09574240758017187,0.09530482031978506,0.32512200164348243,0.25328671139081743,1.0942458576485152,2.0198073958846194,0.1840815133815964,0.2035512238049802,-9.844620169334227,-9.658739637164704,0.33730614710674944,0.2216734654043243,2.2975725511705014,2.7080502011022096,0,0,0,0,0,0,1,0,0,0,0.0
14152_2008,0.019425975679880282,0.029110298424308224,0.10892515519037364,0.22280217425465348,0.09311190794138206,0.109711120668201,4.3275948682947565,3.50810650386038,0.10208696129466334,0.09807718049711626,-6.7648605619646816,-7.311771231101785,0.12526633904568135,-0.4266977716465088,2.7080502011022096,2.7080502011022096,0,0,0,0,0,0,1,0,0,0,0.0
14152_2009,0.029110298424308224,0.008750346925043463,0.22280217425465348,0.385267325651524,0.109711120668201,0.2633047081203968,3.50810650386038,2.8895781428980016,0.09807718049711626,0.1557518325205209,-7.311771231101785,-7.4397619771166905,-0.4266977716465088,-0.08789657541350987,2.7080502011022096,2.6369121732688705,0,0,0,0,0,0,1,0,0,0,0.0
14152_2010,0.008750346925043463,0.0250175088197028,0.385267325651524,0.24766958843761225,0.2633047081203968,0.2328115374952413,2.8895781428980016,3.4584965597542765,0.1557518325205209,0.08266222071231177,-7.4397619771166905,-6.755738684675124,-0.08789657541350987,0.5435449261048365,2.6369121732688705,2.7080502011022096,0,0,0,0,0,0,1,0,0,0,0.0
14157_2008,0.007264304879642965,0.005828621323005503,0.8789093854255061,0.9011810891861071,0.009819685846593484,0.0104380977747834,1.5504634288629346,1.3996054401119362,0.043458929018504455,0.05209520594480045,-10.471337575507249,-10.534794257345675,-0.043417362394822835,-0.10288870420637253,2.7080502011022096,2.7080502011022096,0,0,0,0,0,1,0,0,0,0,0.0
14157_2009,0.005828621323005503,0.0056977555568411215,0.9011810891861071,0.9337927408459372,0.0104380977747834,0.007782674870847631,1.3996054401119362,0.8702599471209591,0.05209520594480045,0.076831036819821,-10.534794257345675,-10.320796579246288,-0.10288870420637253,0.12980944926398796,2.7080502011022096,2.481567748522486,0,0,0,0,0,1,0,0,0,0,0.0
14157_2010,0.0056977555568411215,0.0061837090172634605,0.9337927408459372,0.9152068366115346,0.007782674870847631,0.006876808909069721,0.8702599471209591,0.9758381966599284,0.076831036819821,0.2153642327816305,-10.320796579246288,-10.251461330311825,0.12980944926398796,0.05516940202383242,2.481567748522486,2.421256622711544,0,0,0,0,0,1,0,0,0,0,0.0
14161_2008,0.0763636149565281,0.07944899095859151,0.1008844168382605,0.08788926591689132,0.15540742959856196,0.4028611515208038,2.9742673799776767,1.5852003845081606,0.19593005501354235,0.14441368721999384,-10.049794675604213,-10.621062477150836,0.38419271763705504,-0.4360947875158685,2.7080502011022096,2.6769034721053733,0,0,0,0,0,0,1,0,0,0,0.0
14161_2009,0.07944899095859151,-0.12115933973094653,0.08788926591689132,0.12712058453360958,0.4028611515208038,0.30951888411813844,1.5852003845081606,0.6627096815652866,0.14441368721999384,0.1789475749276909,-10.621062477150836,-11.170780503394296,-0.4360947875158685,-0.34429889175441225,2.6769034721053733,1.623340817603092,0,0,0,0,0,0,1,0,0,0,0.0
14161_2010,-0.12115933973094653,-0.03532478859286612,0.12712058453360958,0.1122491868147431,0.30951888411813844,0.08270144015906494,0.6627096815652866,1.4104810296152108,0.1789475749276909,0.18785873594672475,-11.170780503394296,-10.576463827036136,-0.34429889175441225,0.6659901918915473,1.623340817603092,2.4397349311412797,0,0,0,0,0,0,1,0,0,0,0.0
14175_2008,0.04068047487580861,0.037757407208706815,0.3934640565377114,0.35756619871068024,0.008654685173888252,0.00042411834134204097,1.2562685391936168,1.3320299085701115,0.07551702285203579,0.08667529612019176,-10.660703834506077,-10.499670027021226,0.057732862112640636,0.022906724733798255,2.7080502011022096,2.7080502011022096,0,1,0,0,0,0,0,0,0,0,0.0
14175_2009,0.037757407208706815,0.05298094713222848,0.35756619871068024,0.3573610072301172,0.00042411834134204097,0.0001476203598000236,1.3320299085701115,1.2991337759727943,0.08667529612019176,0.2033262452189853,-10.499670027021226,-9.905511796724015,0.022906724733798255,0.4480475971479583,2.7080502011022096,2.7080502011022096,0,1,0,0,0,0,0,0,0,0,0.0
14175_2010,0.05298094713222848,-0.018504358581259612,0.3573610072301172,0.3685563726880041,0.0001476203598000236,7.882851669905843e-05,1.2991337759727943,1.0073814254106783,0.2033262452189853,0.14482986053685085,-9.905511796724015,-10.59610463277144,0.4480475971479583,-0.56880700073601,2.7080502011022096,2.7080502011022096,0,1,0,0,0,0,0,0,0,0,0.0
14179_2008,0.04541807194172445,-0.5275195233432406,0.1930868825670666,0.2589710497451672,0.3770055207980708,0.4729821841924066,0.9301988616038576,1.128931508842287,0.1737092034250547,0.13570043669868911,-11.417973154965837,-11.982965682193976,-0.681644413929141,-0.4765005941303269,0.9162907318741552,0.3646431135879093,0,0,0,0,0,0,1,0,0,0,0.0
14179_2009,-0.5275195233432406,-0.2009788745713057,0.2589710497451672,0.7687646737827611,0.4729821841924066,0.554824083253728,1.128931508842287,0.2717329987626301,0.13570043669868911,0.2738457332523023,-11.982965682193976,-13.212454235686474,-0.4765005941303269,-1.5011470706862844,0.3646431135879093,-1.3280254529959148,0,0,0,0,0,0,1,0,0,0,0.0
14179_2010,-0.2009788745713057,0.07950542957337141,0.7687646737827611,0.262551918731547,0.554824083253728,0.4720514587286984,0.2717329987626301,1.081896593105793,0.2738457332523023,0.2247350118436147,-13.212454235686474,-11.963376473596739,-1.5011470706862844,1.025059825120942,-1.3280254529959148,0.1823215567939546,0,0,0,0,0,0,1,0,0,0,0.0
1418_2008,0.04141758994645001,0.03778450067111249,0.318686873807727,0.2280530804738035,0.0010950443449505565,0.06079682333661347,1.2259302437411008,1.7224181795291669,0.08735731174403243,0.09271920283741826,-10.902543556932391,-10.383664884915401,-0.10065084113258613,0.5066582400558579,2.7080502011022096,2.7080502011022096,0,1,0,0,0,0,0,0,0,0,0.0
1418_2009,0.03778450067111249,0.04132491874951149,0.2280530804738035,0.4467201024676448,0.06079682333661347,0.01105611767642513,1.7224181795291669,0.7995684389854381,0.09271920283741826,0.14533084717011654,-10.383664884915401,-10.701791962947386,0.5066582400558579,-0.22038722669275485,2.7080502011022096,2.7080502011022096,0,1,0,0,0,0,0,0,0,0,0.0
1418_2010,0.04132491874951149,0.032269493207656715,0.4467201024676448,0.3803477740609428,0.01105611767642513,0.059034507410923774,0.7995684389854381,0.8499768008185307,0.14533084717011654,0.15406416252010136,-10.701791962947386,-10.835165570008805,-0.22038722669275485,-0.3089139623333114,2.7080502011022096,2.7080502011022096,0,1,0,0,0,0,0,0,0,0,0.0
14191_2008,-0.014563027542407469,0.04464271637922608,0.3744125460342338,0.2279905364798522,0.3367921689908269,0.23255991162896786,2.0743799288032747,2.9717283994072097,0.08288565742651069,0.10401568163142287,-11.371356292097973,-10.429679965873145,-0.4239959497984148,0.7625569805535947,2.1849270495258133,2.7080502011022096,0,0,1,0,0,0,0,0,0,0,0.0
14191_2009,0.04464271637922608,0.047234278943061134,0.2279905364798522,0.2944475420547664,0.23255991162896786,0.2422023222151371,2.9717283994072097,2.095468136303877,0.10401568163142287,0.15757262331060226,-10.429679965873145,-10.927035308325422,0.7625569805535947,-0.3283055907592755,2.7080502011022096,2.1424163408412245,0,0,1,0,0,0,0,0,0,0,0.0
14191_2010,0.047234278943061134,0.0051682184210255,0.2944475420547664,0.3177315860201195,0.2422023222151371,0.3170957619749726,2.095468136303877,2.1917973834920854,0.15757262331060226,0.1158256396703934,-10.927035308325422,-11.002501954200987,-0.3283055907592755,0.010721685456053398,2.1424163408412245,2.479894107964456,0,0,1,0,0,0,0,0,0,0,0.0
14201_2008,0.033927440362925,0.027434785224758455,0.10385749084555908,0.0890732902719311,0.09301573465533124,0.0741672825166218,2.6835109458023454,3.0091310669260283,0.12470848106991322,0.07393067673321656,-7.876056206446919,-7.499361327599421,-0.2361565930277853,0.16582696379640444,2.7080502011022096,2.7080502011022096,0,0,0,0,0,0,1,0,0,0,0.0
14201_2009,0.027434785224758455,0.035510594467421656,0.0890732902719311,0.15465840314388554,0.0741672825166218,0.11459255847522835,3.0091310669260283,1.97348436992502,0.07393067673321656,0.10371521963068173,-7.499361327599421,-7.5230179917277855,0.16582696379640444,0.035748394787341764,2.7080502011022096,2.7080502011022096,0,0,0,0,0,0,1,0,0,0,0.0
14201_2010,0.035510594467421656,0.022469943390780886,0.15465840314388554,0.10618044311372526,0.11459255847522835,0.07053416830171931,1.97348436992502,2.783799888649624,0.10371521963068173,0.09184832444739226,-7.5230179917277855,-7.175137910703183,0.035748394787341764,0.3852191202639634,2.7080502011022096,2.7080502011022096,0,0,0,0,0,0,1,0,0,0,0.0
14203_2008,0.031239493870768645,0.0,0.6016725842377845,0.0,0.029617762260917318,0.0,1.3263444265909448,0.0,0.05064489589645603,0.0,-11.581157994998925,0.0,0.09349831739566099,0.0,2.7080502011022096,0.0,0,1,0,0,0,0,0,0,0,0,1.0
14203_2009,0.0,0.0,0.0,0.0,0.0,0.0,0.0,0.0,0.0,0.0,0.0,0.0,0.0,0.0,0.0,0.0,0,1,0,0,0,0,0,0,0,0,1.0
14203_2010,0.0,0.0,0.0,0.0,0.0,0.0,0.0,0.0,0.0,0.0,0.0,0.0,0.0,0.0,0.0,0.0,0,1,0,0,0,0,0,0,0,0,1.0
14205_2008,-0.011171911937978929,-0.002789162129924804,0.3214251858739235,0.2576258409154661,0.05483399115833988,0.03720799994984881,2.1263056402778977,3.217703028906944,0.19459603614924625,0.08754635410754674,-8.771017066812547,-8.104169851827885,0.18907065386096805,0.4637997310810072,2.438862711286593,2.7080502011022096,0,0,0,0,0,0,1,0,0,0,0.0
14205_2009,-0.002789162129924804,-0.007129661023600509,0.2576258409154661,0.33701353751144714,0.03720799994984881,0.062029094224085375,3.217703028906944,1.7947927675486206,0.08754635410754674,0.14865017588580715,-8.104169851827885,-8.048755146291763,0.4637997310810072,-0.007532516129922617,2.7080502011022096,2.337952236831337,0,0,0,0,0,0,1,0,0,0,0.0
14205_2010,-0.007129661023600509,-0.002163811412113755,0.33701353751144714,0.2653206608204154,0.062029094224085375,0.09346097680852393,1.7947927675486206,1.8719086289554832,0.14865017588580715,0.1277560892593689,-8.048755146291763,-7.7209386986869415,-0.007532516129922617,0.1575914536846743,2.337952236831337,2.7080502011022096,0,0,0,0,0,0,1,0,0,0,0.0
14258_2008,-0.12673821611641473,-0.17318354990135384,0.8448635087582987,0.9099896251445676,0.06458056878336628,0.10336587522960744,15.1748,8.4676,0.19679606674817826,0.6207566892992539,-14.22616212123858,-13.319465388395828,-0.40416800105169454,0.30549992378530977,-0.42924563677356775,0.44468582126144574,0,1,0,0,0,0,0,0,0,0,0.0
14258_2009,-0.17318354990135384,-1.261802695357373,0.9099896251445676,0.8151564820262811,0.10336587522960744,0.09246028410523664,8.4676,0.16508508866700156,0.6207566892992539,0.2246279651684608,-13.319465388395828,-14.426864545182493,0.30549992378530977,-1.0134308059883796,0.44468582126144574,-1.3474583373346924,0,1,0,0,0,0,0,0,0,0,0.0
14258_2010,-1.261802695357373,0.12674186236772572,0.8151564820262811,0.4927777256206327,0.09246028410523664,0.12687598074060166,0.16508508866700156,0.4926382373974674,0.2246279651684608,0.3106428948652177,-14.426864545182493,-12.651148100489856,-1.0134308059883796,1.5207018265466925,-1.3474583373346924,0.6523251860396901,0,1,0,0,0,0,0,0,0,0,0.0
1425_2008,0.024600096067660792,0.03349085411642473,0.3953416701038411,0.2907118326049664,0.015067537456005078,0.048871501437621236,2.353700074012477,3.176389773707304,0.08132270439550845,0.05761884859193861,-8.375168273415486,-7.758326257003883,-0.011858468608011609,0.5778492960799704,2.7080502011022096,2.7080502011022096,0,1,0,0,0,0,0,0,0,0,0.0
1425_2009,0.03349085411642473,0.08054022992795375,0.2907118326049664,0.4823344183674389,0.048871501437621236,0.08593666727440227,3.176389773707304,1.876515060851882,0.05761884859193861,0.21068498315269693,-7.758326257003883,-7.89971277591983,0.5778492960799704,-0.046272776463641814,2.7080502011022096,2.7080502011022096,0,1,0,0,0,0,0,0,0,0,0.0
1425_2010,0.08054022992795375,0.05599048548942006,0.4823344183674389,0.3202176008945769,0.08593666727440227,0.08562002226157217,1.876515060851882,2.432110874192241,0.21068498315269693,0.08327379984740275,-7.89971277591983,-7.53925682401637,-0.046272776463641814,0.2760972987412458,2.7080502011022096,2.7080502011022096,0,1,0,0,0,0,0,0,0,0,0.0
14268_2008,0.027174357975445405,0.03595139054919684,0.4324591705538037,0.5632223863464099,0.08586205046989112,0.07134171395833264,2.2059653656494294,1.6206704160912868,0.20683537301494195,0.2264503666968062,-8.862100705625434,-9.035232249723927,-0.4715779493925151,-0.9048438482459884,2.7080502011022096,2.7080502011022096,0,1,0,0,0,0,0,0,0,0,0.0
14268_2009,0.03595139054919684,0.05304843320437588,0.5632223863464099,0.5721241087141755,0.07134171395833264,0.11816817707748915,1.6206704160912868,1.3532704245209446,0.2264503666968062,0.19977168409457371,-9.035232249723927,-8.584299800116366,-0.9048438482459884,0.4441179392970269,2.7080502011022096,2.7080502011022096,0,1,0,0,0,0,0,0,0,0,0.0
14268_2010,0.05304843320437588,0.04546449160589948,0.5721241087141755,0.4964644652190955,0.11816817707748915,0.20560071652192624,1.3532704245209446,1.3971754042018747,0.19977168409457371,0.1405625478469591,-8.584299800116366,-8.630105828972619,0.4441179392970269,-0.02937524929328217,2.7080502011022096,2.7080502011022096,0,1,0,0,0,0,0,0,0,0,0.0
14283_2008,0.005577570319142335,0.004150600823035863,0.942351132032124,0.9562607228615552,0.017809319539774982,0.0123718184202122,0.8707645311063322,0.716392463931938,0.021182742333719355,0.05364668384402277,-13.515160713345912,-13.643324105417266,-0.15064156087719938,-0.21753434128837892,2.3513752571634776,2.1621729392773013,0,0,0,0,0,1,0,0,0,0,0.0
14283_2009,0.004150600823035863,0.006024426023530607,0.9562607228615552,0.9824579501085364,0.0123718184202122,0.019573493677494492,0.716392463931938,0.2957656264553549,0.05364668384402277,0.15358240246587473,-13.643324105417266,-13.97413936464619,-0.21753434128837892,-0.3931500720970394,2.1621729392773013,1.3465134911080459,0,0,0,0,0,1,0,0,0,0,0.0
14283_2010,0.006024426023530607,-0.01291918598127308,0.9824579501085364,0.979151886143148,0.019573493677494492,0.014881366109408843,0.2957656264553549,0.5942098305067354,0.15358240246587473,0.1614984809384231,-13.97413936464619,-13.683415745266144,-0.3931500720970394,0.1049303169396214,1.3465134911080459,1.8718021769015916,0,0,0,0,0,1,0,0,0,0,0.0
14305_2008,0.005449135527159529,0.011474166597270736,0.2265014513878657,0.421568085246595,0.11751436227052715,0.07944986297747313,1.46239070999009,1.8798508840999464,0.11491118761654917,0.12012765280376787,-9.452358443651153,-8.99253085333843,0.09799600498412307,0.4986382446144458,2.7080502011022096,2.7080502011022096,0,0,0,0,0,0,1,0,0,0,0.0
14305_2009,0.011474166597270736,0.021796823797397686,0.421568085246595,0.3247947156663016,0.07944986297747313,0.10482509782170753,1.8798508840999464,2.228700647533966,0.12012765280376787,0.12079624016906401,-8.99253085333843,-8.521670992049415,0.4986382446144458,0.3956178555729996,2.7080502011022096,2.7080502011022096,0,0,0,0,0,0,1,0,0,0,0.0
14305_2010,0.021796823797397686,0.020774794232373037,0.3247947156663016,0.2994725738819993,0.10482509782170753,0.1006372364743914,2.228700647533966,2.3708600792743595,0.12079624016906401,0.07161663576442998,-8.521670992049415,-8.37256013999829,0.3956178555729996,-0.1479020160769534,2.7080502011022096,2.7080502011022096,0,0,0,0,0,0,1,0,0,0,0.0
14306_2008,-0.11144775077151806,-0.047160661699155344,0.3456626044646679,0.6250600039578121,0.6762327393958507,0.09320451504066553,1.0172720523344585,1.5176422350928644,0.15297309701001618,0.3372788375404285,-13.362069275578644,-12.860963518667814,0.38911488494218816,-0.14978917777281067,0.7793248768009977,0.5653138090500605,0,0,0,0,0,0,0,1,0,0,0.0
14306_2009,-0.047160661699155344,-0.8540575231424964,0.6250600039578121,0.6867758160040739,0.09320451504066553,0.1008712879575308,1.5176422350928644,2.6838452848458765,0.3372788375404285,0.2710880061278015,-12.860963518667814,-15.172642454364928,-0.14978917777281067,-2.3731450597240693,0.5653138090500605,-2.2985930717245084,0,0,0,0,0,0,0,1,0,0,0.0
14306_2010,-0.8540575231424964,0.0,0.6867758160040739,0.0,0.1008712879575308,0.0,2.6838452848458765,0.0,0.2710880061278015,0.0,-15.172642454364928,0.0,-2.3731450597240693,0.0,-2.2985930717245084,0.0,0,0,0,0,0,0,0,1,0,0,0.0
14330_2008,0.014101219316719362,0.012829430213791685,0.3995170023523517,0.3773874936176111,0.005775937695028039,0.01116782399617988,2.818868714605549,3.1496602963262585,0.047603176532966376,0.13229327745118508,-7.751720412788289,-7.458314155438522,-0.1132218928166363,0.2630000731561296,2.7080502011022096,2.7080502011022096,0,0,0,0,0,0,0,0,0,1,0.0
14330_2009,0.012829430213791685,0.008595410385923732,0.3773874936176111,0.4767804581081216,0.01116782399617988,0.02975415766319336,3.1496602963262585,2.35346005105592,0.13229327745118508,0.10291046685622196,-7.458314155438522,-7.361600925464767,0.2630000731561296,0.090456484676515,2.7080502011022096,2.7080502011022096,0,0,0,0,0,0,0,0,0,1,0.0
14330_2010,0.008595410385923732,0.023662897182083274,0.4767804581081216,0.5036884484872418,0.02975415766319336,0.048940266946345734,2.35346005105592,1.9381367224343067,0.10291046685622196,0.12190896080321527,-7.361600925464767,-7.670867859248028,0.090456484676515,-0.1901631661267276,2.7080502011022096,2.7080502011022096,0,0,0,0,0,0,0,0,0,1,0.0
14352_2008,-0.2758332719278854,-0.5195324443190104,0.0507945864957139,0.1691008725510948,0.7637855230516051,1.4033726098920485,1.1764759605578403,0.6212577087901751,0.10109574025890496,0.4593789137394336,-13.398131566431008,-14.41497060541503,-0.2437144371590977,0.314994381363351,0.1906203596086497,0.5709795465857378,0,0,0,0,1,0,0,0,0,0,0.0
14352_2009,-0.5195324443190104,-2.1332529673590503,0.1691008725510948,0.6442414688427299,1.4033726098920485,1.3932678041543023,0.6212577087901751,0.5412172980750919,0.4593789137394336,0.20754981548787035,-14.41497060541503,-15.447960626095698,0.314994381363351,-0.8793341996780359,0.5709795465857378,-0.9418649829935852,0,0,0,0,1,0,0,0,0,0,0.0
14352_2010,-2.1332529673590503,-0.2437143297855931,0.6442414688427299,0.09597751383961473,1.3932678041543023,0.1632474677361304,0.5412172980750919,5.98296318141603,0.20754981548787035,0.4489431698857781,-15.447960626095698,-13.769881792357388,-0.8793341996780359,1.4620903638807532,-0.9418649829935852,0.9707789171582248,0,0,0,0,1,0,0,0,0,0,0.0
14355_2008,0.006668041945170858,0.0076251529541261735,0.8697347730111065,0.8741704452365195,0.02627811343082988,0.02122376621041281,1.6273966345263522,1.580390609137635,0.006206118493114441,0.009694613622635294,-11.701126904164017,-11.736791036924007,-0.1109775488128735,-0.030734460516034786,2.7080502011022096,2.7080502011022096,0,0,0,0,0,1,0,0,0,0,0.0
14355_2009,0.0076251529541261735,0.009025686739787223,0.8741704452365195,0.9092189134227968,0.02122376621041281,0.02316187736310156,1.580390609137635,1.121624285432683,0.009694613622635294,0.06726296582454877,-11.736791036924007,-11.603853560196447,-0.030734460516034786,0.035698970500044225,2.7080502011022096,2.7080502011022096,0,0,0,0,0,1,0,0,0,0,0.0
14355_2010,0.009025686739787223,0.007974945828575268,0.9092189134227968,0.8946665074477833,0.02316187736310156,0.018806230418927684,1.121624285432683,1.2785588016137948,0.06726296582454877,0.09944465655437244,-11.603853560196447,-11.636134188169015,0.035698970500044225,-0.1408037679411455,2.7080502011022096,2.7080502011022096,0,0,0,0,0,1,0,0,0,0,0.0
14374_2008,0.0765291943053407,0.05548121824333237,0.07680711045856166,0.1416446727460294,0.16401248000838992,0.2418812320091641,2.619577775678171,1.6899975123085873,0.09555018550385667,0.10649391329805784,-10.75902595967211,-10.513435704344484,0.4051751873139807,0.07276050521424288,2.3758355547336385,2.5952547069568657,0,0,0,1,0,0,0,0,0,0,0.0
14374_2009,0.05548121824333237,0.0377443064935344,0.1416446727460294,0.1284282987571723,0.2418812320091641,0.3220570793523995,1.6899975123085873,1.3655429735705382,0.10649391329805784,0.18578204955505132,-10.513435704344484,-10.727421120198292,0.07276050521424288,0.072077344227091,2.5952547069568657,1.8840347453372257,0,0,0,1,0,0,0,0,0,0,0.0
14374_2010,0.0377443064935344,0.01719501189278496,0.1284282987571723,0.2922893060750961,0.3220570793523995,0.20819603004120504,1.3655429735705382,1.2227408040586143,0.18578204955505132,0.1068473380876488,-10.727421120198292,-11.00792192703401,0.072077344227091,-0.1704639247184664,1.8840347453372257,1.8309801823813363,0,0,0,1,0,0,0,0,0,0,0.0
14377_2008,-0.07415714405408716,-0.45027778451684897,0.10337915788523884,0.5629280995010392,0.2713509541947833,0.1942672068706179,1.9377165039564423,1.132682048665069,0.16484198837455924,0.25515744342458635,-12.117232568706761,-13.29667920394215,-0.022825162175570457,-1.2933566478422762,2.182674796321488,0.8960880245566357,0,0,0,0,1,0,0,0,0,0,0.0
14377_2009,-0.45027778451684897,-0.3073471396281809,0.5629280995010392,0.6872148594210029,0.1942672068706179,0.2213149620090578,1.132682048665069,0.6627586609101047,0.25515744342458635,0.4190438749860356,-13.29667920394215,-13.861304269838696,-1.2933566478422762,-1.0640695418927293,0.8960880245566357,-0.16251892949777494,0,0,0,0,1,0,0,0,0,0,0.0
14377_2010,-0.3073471396281809,0.0639402004531468,0.6872148594210029,0.328110931919146,0.2213149620090578,0.23196564791087454,0.6627586609101047,1.6731135480596528,0.4190438749860356,0.19578651896799545,-13.861304269838696,-12.808730668086676,-1.0640695418927293,1.1816564906764606,-0.16251892949777494,1.1216775615991057,0,0,0,0,1,0,0,0,0,0,0.0
14381_2008,-0.3038731012835603,-0.3772032622698859,0.1758197410459055,0.2291286945894254,0.1837116753545205,0.2550400905774577,3.4427680377612946,2.550305262273504,0.2484559521044805,0.15948447801160354,-12.06183065709607,-12.304970488713842,-0.12289898576712435,-0.7332111601064815,0.8019118953513341,0.06765864847381486,0,0,0,0,1,0,0,0,0,0,1.0
14381_2009,-0.3772032622698859,0.0,0.2291286945894254,0.0,0.2550400905774577,0.0,2.550305262273504,0.0,0.15948447801160354,0.0,-12.304970488713842,0.0,-0.7332111601064815,0.0,0.06765864847381486,0.0,0,0,0,0,1,0,0,0,0,0,1.0
14381_2010,0.0,0.0,0.0,0.0,0.0,0.0,0.0,0.0,0.0,0.0,0.0,0.0,0.0,0.0,0.0,0.0,0,0,0,0,1,0,0,0,0,0,1.0
14382_2008,0.028181948371526582,0.03853576205444286,0.4180491628340059,0.548144659701052,0.021088970582363097,0.014580887171855806,2.3586615176245194,2.0649604496931038,0.3205782895041457,0.09781524461189696,-9.738585218344983,-9.67749596035356,-0.2489179332371207,0.1023784928806794,2.7080502011022096,2.7080502011022096,0,0,0,1,0,0,0,0,0,0,0.0
14382_2009,0.03853576205444286,0.02648032459565792,0.548144659701052,0.7595313674737424,0.014580887171855806,0.06890438019178355,2.0649604496931038,0.8586502896737903,0.09781524461189696,0.2518202682853276,-9.67749596035356,-10.176600231763263,0.1023784928806794,-0.5964578716372766,2.7080502011022096,2.7080502011022096,0,0,0,1,0,0,0,0,0,0,0.0
14382_2010,0.02648032459565792,0.028405947213275176,0.7595313674737424,0.6504051612001025,0.06890438019178355,0.13040767359803082,0.8586502896737903,1.176358872730269,0.2518202682853276,0.18665524479433016,-10.176600231763263,-9.95386873726112,-0.5964578716372766,0.1577819778013806,2.7080502011022096,2.7080502011022096,0,0,0,1,0,0,0,0,0,0,0.0
14385_2008,-0.16128800608959168,-0.1065790332050362,0.13136666331547628,0.10205329767108096,0.18015042057439398,0.05263715832735338,2.3869387389971077,3.723414327352896,0.3439513280213259,0.1629693897062389,-13.304849295537787,-14.025073136674695,-0.111366868074233,-1.057821719267804,1.551808799597464,0.6729444732424258,0,0,0,0,0,0,1,0,0,0,0.0
14385_2009,-0.1065790332050362,-0.4827403549042112,0.10205329767108096,0.2938995320914629,0.05263715832735338,0.03160589741326035,3.723414327352896,2.9149354909249943,0.1629693897062389,0.19790125917705445,-14.025073136674695,-14.242407208830242,-1.057821719267804,-0.5830968812764197,0.6729444732424258,-0.2613647641344075,0,0,0,0,0,0,1,0,0,0,0.0
14385_2010,-0.4827403549042112,-0.29764639017136274,0.2938995320914629,0.3221712692987442,0.03160589741326035,0.04515692029803568,2.9149354909249943,3.6375297170146363,0.19790125917705445,0.31432499713062034,-14.242407208830242,-13.481353435228586,-0.5830968812764197,0.4023859012183825,-0.2613647641344075,0.5247285289349821,0,0,0,0,0,0,1,0,0,0,0.0
14387_2008,0.045997824870349834,0.04257927167317305,0.4376615102589926,0.3358026932024904,0.06566009004156875,0.0866360323310159,1.6097358702319724,1.7971032705150614,0.1230242264074541,0.13378374280969155,-10.37911304486501,-9.942879936761349,-0.3845927048729335,0.3333330600203712,2.7080502011022096,2.7080502011022096,0,1,0,0,0,0,0,0,0,0,0.0
14387_2009,0.04257927167317305,-0.165142647903419,0.3358026932024904,0.6527205009562953,0.0866360323310159,0.08266402496859752,1.7971032705150614,0.9149728101855309,0.13378374280969155,0.19196024144532406,-9.942879936761349,-10.315874034797652,0.3333330600203712,-0.20747504008476156,2.7080502011022096,2.6137395216309693,0,1,0,0,0,0,0,0,0,0,0.0
14387_2010,-0.165142647903419,-0.011769855274247863,0.6527205009562953,0.4937851203385046,0.08266402496859752,0.1073569231688418,0.9149728101855309,1.5178957844268852,0.19196024144532406,0.19805813941988287,-10.315874034797652,-10.545514942442047,-0.20747504008476156,-0.2246679220374953,2.6137395216309693,2.6152036507358583,0,1,0,0,0,0,0,0,0,0,0.0
14393_2008,0.03764846325360073,0.07197012761845209,0.2114927776301738,0.4024955234061904,0.2617125647856545,0.1573108224616055,3.0447333423585894,4.045142730692632,0.04878628993364558,0.07446446552479086,-9.227048008798029,-10.146619171700877,0.05531160045003239,-0.5498318672158765,2.7080502011022096,2.6892071133007303,0,0,0,0,0,0,1,0,0,0,0.0
14393_2009,0.07197012761845209,0.06557386446631361,0.4024955234061904,0.3560994914684231,0.1573108224616055,0.14991087109386944,4.045142730692632,3.1034698005436203,0.07446446552479086,0.1704696377618801,-10.146619171700877,-9.468459608354003,-0.5498318672158765,0.7343750738166863,2.6892071133007303,2.7080502011022096,0,0,0,0,0,0,1,0,0,0,0.0
14393_2010,0.06557386446631361,0.04243062823619801,0.3560994914684231,0.3426954986343799,0.14991087109386944,0.1944568853119312,3.1034698005436203,2.599509688781197,0.1704696377618801,0.11405036107575264,-9.468459608354003,-9.60271945396842,0.7343750738166863,-0.02168002655024992,2.7080502011022096,2.7080502011022096,0,0,0,0,0,0,1,0,0,0,0.0
14394_2008,-0.08003776650119378,-0.03006056247354555,0.1271095694103999,0.07582759783729415,0.13179204105189954,0.034446036665156964,5.610621306523675,7.563525658908148,0.14419076084496274,0.11234399847041644,-9.0909765316832,-8.419622183401414,0.2324815893787984,0.5735410155412045,2.7080502011022096,2.7080502011022096,0,0,0,0,1,0,0,0,0,0,0.0
14394_2009,-0.03006056247354555,0.01042706554053478,0.07582759783729415,0.07251983349031023,0.034446036665156964,0.043411872737647766,7.563525658908148,5.7014974100901625,0.11234399847041644,0.2476949359238333,-8.419622183401414,-7.887181559992842,0.5735410155412045,-0.1703102029392481,2.7080502011022096,2.7080502011022096,0,0,0,0,1,0,0,0,0,0,0.0
14394_2010,0.01042706554053478,0.06643356722053106,0.07251983349031023,0.022067172703282116,0.043411872737647766,0.03966216710461904,5.7014974100901625,4.1222999522588974,0.2476949359238333,0.07093400109202083,-7.887181559992842,-7.734049254008666,-0.1703102029392481,-0.015954162142616413,2.7080502011022096,2.7080502011022096,0,0,0,0,1,0,0,0,0,0,0.0
14398_2008,-0.01694475899422896,-0.08323408933268771,0.3697013520335075,0.5690607373283951,0.031324610829911184,0.04076638180366701,3.61769104876158,3.646425664564496,0.12189911049369127,0.13299306870543715,-13.219591162446525,-13.800346944134116,0.07401718182383837,-0.4923919614669618,0.1988508587451652,-0.3710636813908321,0,0,0,0,0,0,0,1,0,0,0.0
14398_2009,-0.08323408933268771,0.003205198706608051,0.5690607373283951,0.548937413781726,0.04076638180366701,0.05294862569249575,3.646425664564496,3.345109563215284,0.13299306870543715,0.2951045132894751,-13.800346944134116,-13.355838030214054,-0.4923919614669618,0.4034237506253615,-0.3710636813908321,-0.4307829160924542,0,0,0,0,0,0,0,1,0,0,0.0
14398_2010,0.003205198706608051,0.01784495506768286,0.548937413781726,0.4557217608918212,0.05294862569249575,0.058973666249573425,3.345109563215284,2.9355870330462523,0.2951045132894751,0.24454276142793724,-13.355838030214054,-13.382241101963894,0.4034237506253615,-0.16330746917660194,-0.4307829160924542,-0.2231435513142097,0,0,0,0,0,0,0,1,0,0,0.0
14427_2008,0.03697235267520632,0.04848805552186021,0.17140056460183148,0.19547013442605726,0.033027247878186713,0.030813944814156287,3.1897371829236345,3.0526600071291967,0.21690351011363626,0.09998460079333096,-9.381299694720497,-9.488206289172812,-0.534996935124287,-0.13332900357783192,2.7080502011022096,2.7080502011022096,0,1,0,0,0,0,0,0,0,0,0.0
14427_2009,0.04848805552186021,0.048765511107745484,0.19547013442605726,0.17819804254769234,0.030813944814156287,0.07062253502461735,3.0526600071291967,2.603358565884049,0.09998460079333096,0.1004209069503683,-9.488206289172812,-8.98787768119393,-0.13332900357783192,0.3267128247656702,2.7080502011022096,2.7080502011022096,0,1,0,0,0,0,0,0,0,0,0.0
14427_2010,0.048765511107745484,0.027738726694895702,0.17819804254769234,0.17769866279341812,0.07062253502461735,0.10270007543249828,2.603358565884049,2.418304086246761,0.1004209069503683,0.13926592083189918,-8.98787768119393,-9.205064526653707,0.3267128247656702,-0.1310322557922171,2.7080502011022096,2.7080502011022096,0,1,0,0,0,0,0,0,0,0,0.0
14470_2008,-0.06306963396953981,0.04311283183007568,0.8129224146950245,0.39431659266123065,0.11493864618051923,0.13910373249423655,62.583999999999996,8.971749747205399,0.6749969388514356,0.2421936998891829,-12.223019450885232,-11.152806186213123,2.609288764490658,-0.15413946630127354,2.079441541679836,2.1482677326096886,0,0,0,0,0,0,1,0,0,0,0.0
14470_2009,0.04311283183007568,0.11534997169288662,0.39431659266123065,0.4611149971935346,0.13910373249423655,0.16213853877104695,8.971749747205399,3.0312056331343515,0.2421936998891829,0.2463510252411024,-11.152806186213123,-11.38871248491952,-0.15413946630127354,-0.25063619545828203,2.1482677326096886,1.4060969884160703,0,0,0,0,0,0,1,0,0,0,0.0
14470_2010,0.11534997169288662,0.07418058692055945,0.4611149971935346,0.3343087271449549,0.16213853877104695,0.16108033495726884,3.0312056331343515,2.694317508673944,0.2463510252411024,0.21037481887801865,-11.38871248491952,-11.186885966925088,-0.25063619545828203,0.3389168120045677,1.4060969884160703,1.7766458314180067,0,0,0,0,0,0,1,0,0,0,0.0
14479_2008,-0.011685490563912871,-0.023947484646081183,0.5864926457305931,0.4770781045997199,0.02806914466403352,0.08089102646839327,5.538590964587137,3.0445817949657084,0.13503276754781066,0.07009604548334633,-9.08060001568219,-8.669090851800929,0.16511255573624606,0.1514350291421589,2.7080502011022096,2.7080502011022096,1,0,0,0,0,0,0,0,0,0,0.0
14479_2009,-0.023947484646081183,-0.5732317108967602,0.4770781045997199,0.6869839219760221,0.08089102646839327,0.09185774050033567,3.0445817949657084,0.5374963799285157,0.07009604548334633,0.31060621157285284,-8.669090851800929,-9.680774183077515,0.1514350291421589,-1.2282610718142135,2.7080502011022096,2.302585092994046,1,0,0,0,0,0,0,0,0,0,0.0
14479_2010,-0.5732317108967602,-0.0898668183890733,0.6869839219760221,0.3464188673636142,0.09185774050033567,0.09036025651278334,0.5374963799285157,1.348678178335872,0.31060621157285284,0.4540638769862094,-9.680774183077515,-8.798899004755137,-1.2282610718142135,1.220750149340842,2.302585092994046,2.7080502011022096,1,0,0,0,0,0,0,0,0,0,0.0
14480_2008,0.011438853925411857,-0.05409589552373145,0.8503928276223292,0.9548184782439116,0.012191364339435806,0.011366666626663193,1.6984546516886505,1.4394485682365457,0.07454457027405552,0.1959690106175139,-9.615039902099754,-10.762952580983319,-0.01852006110542033,-1.051263491700892,2.7080502011022096,2.488234439880675,0,0,0,0,0,1,0,0,0,0,1.0
14480_2009,-0.05409589552373145,0.0,0.9548184782439116,0.0,0.011366666626663193,0.0,1.4394485682365457,0.0,0.1959690106175139,0.0,-10.762952580983319,0.0,-1.051263491700892,0.0,2.488234439880675,0.0,0,0,0,0,0,1,0,0,0,0,1.0
14480_2010,0.0,0.0,0.0,0.0,0.0,0.0,0.0,0.0,0.0,0.0,0.0,0.0,0.0,0.0,0.0,0.0,0,0,0,0,0,1,0,0,0,0,1.0
14494_2008,0.021828575297893237,0.019174432861862756,0.06313358553504958,0.08286669664190385,0.3251358865935721,0.4090008578237671,1.838575246773075,1.4121143142296897,0.0747975218240369,0.06640330338694148,-11.298527589969394,-11.586676797781609,-0.14747284371980088,-0.2376273427384347,2.3617969526258915,2.0869135565185366,0,0,0,0,0,0,1,0,0,0,0.0
14494_2009,0.019174432861862756,0.034963835640245224,0.08286669664190385,0.16793617327793392,0.4090008578237671,0.4877557973881169,1.4121143142296897,0.9277700464103024,0.06640330338694148,0.1918769761559184,-11.586676797781609,-11.588904347151216,-0.2376273427384347,0.03292243856239102,2.0869135565185366,1.6448050562713916,0,0,0,0,0,0,1,0,0,0,0.0
14494_2010,0.034963835640245224,-0.0005917001815140407,0.16793617327793392,0.07183151226109549,0.4877557973881169,0.1837562729116988,0.9277700464103024,2.212336829157078,0.1918769761559184,0.13499796350868035,-11.588904347151216,-10.770263532290835,0.03292243856239102,0.641196791379805,1.6448050562713916,2.6905648867611904,0,0,0,0,0,0,1,0,0,0,0.0
14497_2008,0.003124235920562906,-0.22494788903713947,0.4136216686136543,0.44727013572963387,0.0690388220272216,0.11442978014264205,1.3447116305656492,1.370120115134135,0.05616355129743197,0.07317534055832743,-13.510592520747194,-13.343486488794332,-0.11668166684512235,-0.33446459991409405,0.9400072584914712,0.6418538861723947,0,0,0,0,0,0,1,0,0,0,0.0
14497_2009,-0.22494788903713947,-0.22004923601655876,0.44727013572963387,0.8974226733231561,0.11442978014264205,0.056284468649860406,1.370120115134135,0.28637139396080225,0.07317534055832743,0.2541399488586665,-13.343486488794332,-14.783193010306029,-0.33446459991409405,-1.6850998246823898,0.6418538861723947,-1.4740332754278973,0,0,0,0,0,0,1,0,0,0,0.0
14497_2010,-0.22004923601655876,-0.32549838699294,0.8974226733231561,0.8676976559538199,0.056284468649860406,0.034262988104519984,0.28637139396080225,1.0138627755151264,0.2541399488586665,0.2999194807050284,-14.783193010306029,-14.80921846226582,-1.6850998246823898,-0.8385832877909098,-1.4740332754278973,-1.2654936609741865,0,0,0,0,0,0,1,0,0,0,0.0
14498_2008,0.010240461200030342,0.03795531995456266,0.1270867492516586,0.16063612268080274,0.01619218223936422,0.09508519500189323,0.9847390753132952,0.878240571262854,0.11403584062894564,0.05916717405062984,-13.051182121473696,-13.17980319782641,-0.22110322087790124,-0.27991073102791203,1.5151272329628591,1.383791230901772,0,0,0,0,0,0,1,0,0,0,0.0
14498_2009,0.03795531995456266,0.045604204163342224,0.16063612268080274,0.412437660166212,0.09508519500189323,0.08061140971006693,0.878240571262854,0.8333438113052737,0.05916717405062984,0.23176947839025416,-13.17980319782641,-13.053312135017755,-0.27991073102791203,0.008608892424264214,1.383791230901772,0.9969486348916096,0,0,0,0,0,0,1,0,0,0,0.0
14498_2010,0.045604204163342224,-0.052572615241686466,0.412437660166212,0.4664316747274367,0.08061140971006693,0.05322840670000273,0.8333438113052737,0.6124388407978925,0.23176947839025416,0.1362723096087462,-13.053312135017755,-13.043717385642935,0.008608892424264214,-0.15009254066950214,0.9969486348916096,1.1939224684724346,0,0,0,0,0,0,1,0,0,0,0.0
14499_2008,0.008287665354861647,0.009418616594987298,0.8757830985570144,0.8986799428731597,0.04715142153076612,0.05242043358134335,1.092216395103783,0.9663410900166762,0.05462423746703293,0.024512129051619053,-13.395879219500484,-13.591749378594002,-0.2444701429790865,-0.1970464106217636,2.7080502011022096,2.699681951431693,0,0,0,0,0,1,0,0,0,0,0.0
14499_2009,0.009418616594987298,0.006605806673445618,0.8986799428731597,0.9234466050388191,0.05242043358134335,0.07367450536905287,0.9663410900166762,0.7652660672348682,0.024512129051619053,0.038312883844633085,-13.591749378594002,-13.49425732427804,-0.1970464106217636,0.10200570144414343,2.699681951431693,2.3730435566426067,0,0,0,0,0,1,0,0,0,0,0.0
14499_2010,0.006605806673445618,0.005712846500084315,0.9234466050388191,0.9249136317057036,0.07367450536905287,0.07434267134215683,0.7652660672348682,0.7945093607598409,0.038312883844633085,0.08818041683591822,-13.49425732427804,-13.491287626536733,0.10200570144414343,-0.05553395804448938,2.3730435566426067,2.60859812213055,0,0,0,0,0,1,0,0,0,0,0.0
14521_2008,0.020260963253862736,0.019619666638498567,0.06323044020282302,0.07980614508946214,0.07014570250060922,0.059497352523670125,2.9645733776103107,2.651384717427037,0.08250263454774748,0.1164260548476578,-5.903733838407327,-6.025200383251195,-0.4021147550074892,-0.2134482167851766,2.7080502011022096,2.7080502011022096,0,0,1,0,0,0,0,0,0,0,0.0
14521_2009,0.019619666638498567,0.0,0.07980614508946214,0.0,0.059497352523670125,0.0,2.651384717427037,0.0,0.1164260548476578,0.0,-6.025200383251195,0.0,-0.2134482167851766,0.0,2.7080502011022096,0.0,0,0,1,0,0,0,0,0,0,0,0.0
14521_2010,0.0,0.0,0.0,0.0,0.0,0.0,0.0,0.0,0.0,0.0,0.0,0.0,0.0,0.0,0.0,0.0,0,0,1,0,0,0,0,0,0,0,0.0
14525_2008,0.09955013044940138,0.08135470652042906,0.26536770558017003,0.22641067997646205,0.006256463948722532,0.009110309183333451,1.3789728746423884,1.4441875270502251,0.18740474957003586,0.1733537162831364,-13.28288194937474,-13.44568996209114,-0.013223500372024395,-0.27567223923474754,2.615934912194404,2.052840859882657,0,1,0,0,0,0,0,0,0,0,0.0
14525_2009,0.08135470652042906,0.11497949312105445,0.22641067997646205,0.2268752450472914,0.009110309183333451,0.2536597399965638,1.4441875270502251,1.0273815022506183,0.1733537162831364,0.09693538485961116,-13.44568996209114,-13.389128949704284,-0.27567223923474754,0.12608270681457445,2.052840859882657,1.615419984111648,0,1,0,0,0,0,0,0,0,0,0.0
14525_2010,0.11497949312105445,0.1002572974891314,0.2268752450472914,0.1150867586853746,0.2536597399965638,0.4327160728544812,1.0273815022506183,0.769416421828473,0.09693538485961116,0.08551176136006916,-13.389128949704284,-13.314865347955301,0.12608270681457445,0.02413279730421919,1.615419984111648,1.9242486522741336,0,1,0,0,0,0,0,0,0,0,0.0
14527_2008,0.02169883447434936,0.012628017387906915,0.4775347311642399,0.6712442144139351,0.002997603101543112,0.003129773252710708,2.4997681824382583,8.811131386391123,0.043017629193542836,0.09290945397438477,-7.7190549108248545,-8.237732526549205,0.003540755676082224,-0.554126262862114,2.7080502011022096,2.7080502011022096,0,0,0,1,0,0,0,0,0,0,0.0
14527_2009,0.012628017387906915,0.019867020798447536,0.6712442144139351,0.7007519965209957,0.003129773252710708,0.0038896204021730643,8.811131386391123,3.552350224634381,0.09290945397438477,0.1806069944360958,-8.237732526549205,-7.950935542762699,-0.554126262862114,-0.022223578831035595,2.7080502011022096,2.7080502011022096,0,0,0,1,0,0,0,0,0,0,0.0
14527_2010,0.019867020798447536,0.024674014041562182,0.7007519965209957,0.6650066115531408,0.0038896204021730643,0.004890692930854111,3.552350224634381,2.114439912140153,0.1806069944360958,0.10500680313867483,-7.950935542762699,-8.022536637847931,-0.022223578831035595,-0.36627999025204816,2.7080502011022096,2.7080502011022096,0,0,0,1,0,0,0,0,0,0,0.0
14531_2008,0.011185273155831024,0.010135268226471315,0.8073704454192799,0.8571131380809817,0.036374681163909496,0.02697083403939667,2.091930938385261,1.3801149730676383,0.03455136275228296,0.07455929760202383,-10.020639607564897,-10.250320590561413,-0.015492552444490175,-0.2750097559173737,2.7080502011022096,2.7080502011022096,0,0,0,0,0,1,0,0,0,0,0.0
14531_2009,0.010135268226471315,0.004811013663108059,0.8571131380809817,0.8908488659953872,0.02697083403939667,0.03208429917961835,1.3801149730676383,1.1293820830047887,0.07455929760202383,0.1672520101617919,-10.250320590561413,-9.995755094368958,-0.2750097559173737,0.10396107358775912,2.7080502011022096,2.7080502011022096,0,0,0,0,0,1,0,0,0,0,0.0
14531_2010,0.004811013663108059,-0.0043646627384995845,0.8908488659953872,0.9569326930809416,0.03208429917961835,0.017569126429573957,1.1293820830047887,0.5257476397125636,0.1672520101617919,0.22439132889271016,-9.995755094368958,-11.12326579559165,0.10396107358775912,-0.7593611974006602,2.7080502011022096,2.1849270495258133,0,0,0,0,0,1,0,0,0,0,0.0
14535_2008,0.0016380295869094135,-0.022684543072892586,0.11358711416724965,0.2436739096933272,0.05659733478935964,0.06746802280782864,4.003977001217764,2.496947372705442,0.11157377848876532,0.09850783066564604,-12.364050495980615,-13.547268200976673,-0.2759888477687866,-1.147960885627629,1.7749523509116738,0.5988914446342248,0,0,0,0,1,0,0,0,0,0,0.0
14535_2009,-0.022684543072892586,-0.05268421274459843,0.2436739096933272,0.3691726471230588,0.06746802280782864,0.11989011031116252,2.496947372705442,2.04935714472428,0.09850783066564604,0.18595214662695456,-13.547268200976673,-12.962611887491462,-1.147960885627629,0.12874243229567814,0.5988914446342248,0.6830968447064438,0,0,0,0,1,0,0,0,0,0,0.0
14535_2010,-0.05268421274459843,0.04344042792868755,0.3691726471230588,0.2965955925503714,0.11989011031116252,0.034570216325236595,2.04935714472428,2.0974347009296546,0.18595214662695456,0.1903452772978808,-12.962611887491462,-13.021379508714,0.12874243229567814,-0.01608473653779641,0.6830968447064438,0.8458682675776092,0,0,0,0,1,0,0,0,0,0,0.0
14572_2008,0.05041936118718219,0.045538882681308936,0.1478402458079368,0.16012585773140753,0.19048399632317373,0.2285524304389254,2.1425885510609524,1.8272889769821543,0.09328878225790767,0.08889778250370711,-9.786671777149943,-9.770208759257356,0.20018864349196144,0.19169726738166976,2.7080502011022096,2.7080502011022096,0,0,0,0,0,0,1,0,0,0,0.0
14572_2009,0.045538882681308936,0.06492541633700623,0.16012585773140753,0.15599853341309508,0.2285524304389254,0.2375377635407353,1.8272889769821543,1.8552122569479792,0.08889778250370711,0.14697721586666093,-9.770208759257356,-9.207694438605161,0.19169726738166976,0.6115633069430697,2.7080502011022096,2.7080502011022096,0,0,0,0,0,0,1,0,0,0,0.0
14572_2010,0.06492541633700623,0.03379829618605105,0.15599853341309508,0.17348269420234586,0.2375377635407353,0.2836394377019755,1.8552122569479792,2.06678640095632,0.14697721586666093,0.10510789466334017,-9.207694438605161,-9.147920170917946,0.6115633069430697,0.1247979315226858,2.7080502011022096,2.7080502011022096,0,0,0,0,0,0,1,0,0,0,0.0
14582_2008,0.082313938937217,0.09277010140484818,0.3100417773805731,0.30407798146870546,0.21006289751661547,0.2517222061334953,0.9961011892188122,0.969387003859032,0.11915691831258532,0.1059467095997604,-9.951449777887664,-9.866594137350381,-0.1440932548659099,0.13556012588162608,2.7080502011022096,2.7080502011022096,0,0,1,0,0,0,0,0,0,0,0.0
14582_2009,0.09277010140484818,0.08959168797586417,0.30407798146870546,0.33120665421804313,0.2517222061334953,0.19991655370082687,0.969387003859032,0.7787820236304087,0.1059467095997604,0.11946354890646985,-9.866594137350381,-9.534564945594694,0.13556012588162608,0.2874011958871395,2.7080502011022096,2.7080502011022096,0,0,1,0,0,0,0,0,0,0,0.0
14582_2010,0.08959168797586417,-0.6457792510729625,0.33120665421804313,0.4388571796142746,0.19991655370082687,0.4272234038401009,0.7787820236304087,0.90930461160374,0.11946354890646985,0.13288473085865327,-9.534564945594694,-10.296740889269547,0.2874011958871395,-0.710923501048528,2.7080502011022096,2.494856980641168,0,0,1,0,0,0,0,0,0,0,0.0
14602_2008,0.02107133582812521,0.023587869596037283,0.41419435058152,0.2269588294234534,0.04609129077024447,0.0922976762974391,1.8680404203112968,2.5652006476910176,0.07918276474361506,0.08568132299386966,-9.303561886034068,-8.376543693610614,-0.07444985327823997,0.7934348353853338,2.7080502011022096,2.7080502011022096,0,1,0,0,0,0,0,0,0,0,0.0
14602_2009,0.023587869596037283,0.03871363272637274,0.2269588294234534,0.2976297047125264,0.0922976762974391,0.059209157966219964,2.5652006476910176,1.8367224557401496,0.08568132299386966,0.12116776969049099,-8.376543693610614,-8.148503703818765,0.7934348353853338,0.20677747778177832,2.7080502011022096,2.7080502011022096,0,1,0,0,0,0,0,0,0,0,0.0
14602_2010,0.03871363272637274,0.04485068784371568,0.2976297047125264,0.30515627058875994,0.059209157966219964,0.04198013845744065,1.8367224557401496,1.82315308311798,0.12116776969049099,0.13626866812425628,-8.148503703818765,-8.309638530006557,0.20677747778177832,-0.15696587859617506,2.7080502011022096,2.7080502011022096,0,1,0,0,0,0,0,0,0,0,0.0
14633_2008,0.011860225572332052,0.012971759137446349,0.8655720693420923,0.878023555067386,0.08128842806128278,0.09912399172314668,1.183303233357304,0.9940208712665342,0.03533241064949812,0.06504254946539388,-12.06889004826866,-12.166421315415075,-0.22010037940993432,-0.14254557213508925,2.6347624053323777,2.5478814489493886,0,0,0,0,0,1,0,0,0,0,0.0
14633_2009,0.012971759137446349,0.011082584371614818,0.878023555067386,0.933906266866161,0.09912399172314668,0.0559526390109911,0.9940208712665342,0.5289001069502606,0.06504254946539388,0.05406934167279048,-12.166421315415075,-12.070870274684957,-0.14254557213508925,-0.16409821656688955,2.5478814489493886,1.9501867058225733,0,0,0,0,0,1,0,0,0,0,0.0
14633_2010,0.011082584371614818,0.008883719439318245,0.933906266866161,0.9481884685268568,0.0559526390109911,0.08242236561620599,0.5289001069502606,0.5240043991305401,0.05406934167279048,0.09071309449277147,-12.070870274684957,-12.137182792199962,-0.16409821656688955,-0.2028772596437225,1.9501867058225733,1.9021075263969205,0,0,0,0,0,1,0,0,0,0,0.0
14648_2008,0.0,0.0,0.0,0.0,0.0,0.0,0.0,0.0,0.0,0.0,0.0,0.0,0.0,0.0,0.0,0.0,0,0,0,0,0,1,0,0,0,0,0.0
14648_2009,0.0,0.025176759908849832,0.0,0.7789126142865234,0.0,0.05296068822641385,0.0,0.7837619348343717,0.0,0.10531896605474153,0.0,-10.979175808764284,0.0,0.1537160012872238,0.0,2.032087845296365,0,0,0,0,0,1,0,0,0,0,0.0
14648_2010,0.025176759908849832,0.0,0.7789126142865234,0.0,0.05296068822641385,0.0,0.7837619348343717,0.0,0.10531896605474153,0.0,-10.979175808764284,0.0,0.1537160012872238,0.0,2.032087845296365,0.0,0,0,0,0,0,1,0,0,0,0,0.0
14659_2008,-0.2281241388555809,-0.6249197367667407,0.159511343433172,0.4761742548708101,0.3885675131904716,0.5407707079141809,1.2238256851554543,1.3990243446853838,0.36012756169905136,0.3427912140832456,-10.38056482166906,-11.212544683908856,-1.8684002594471905,-1.1416689895042944,2.343727036325221,1.5129270120532563,0,0,0,0,1,0,0,0,0,0,0.0
14659_2009,-0.6249197367667407,-0.43241715985571294,0.4761742548708101,0.3972579209544184,0.5407707079141809,0.3926952716313497,1.3990243446853838,2.7177442138624386,0.3427912140832456,0.13317021395459502,-11.212544683908856,-11.059883443086992,-1.1416689895042944,-0.10118934752785984,1.5129270120532563,1.1631508098056809,0,0,0,0,1,0,0,0,0,0,0.0
14659_2010,-0.43241715985571294,-0.2736296269291269,0.3972579209544184,0.35847743592987863,0.3926952716313497,0.2866361215983942,2.7177442138624386,7.707740450206836,0.13317021395459502,0.1406887146959328,-11.059883443086992,-11.326186009192199,-0.10118934752785984,-0.4960289174818685,1.1631508098056809,1.0006318803079057,0,0,0,0,1,0,0,0,0,0,0.0
14661_2008,0.018290518877104943,0.01779639537037984,0.6253302747705324,0.5951747700931902,0.004260054964952461,0.007160612539255502,1.827325883984468,1.5678999383925405,0.12808568278450574,0.02969612714715392,-11.731387593529108,-11.568086318227884,-0.5192404528874426,-0.006864482972288411,2.7080502011022096,2.7080502011022096,0,0,0,0,0,0,0,0,1,0,0.0
14661_2009,0.01779639537037984,0.01679494026910111,0.5951747700931902,0.6827674439843732,0.007160612539255502,0.007573162533309224,1.5678999383925405,1.3301569533173525,0.02969612714715392,0.060694048938806686,-11.568086318227884,-11.235849651801093,-0.006864482972288411,0.263938654245385,2.7080502011022096,2.7080502011022096,0,0,0,0,0,0,0,0,1,0,0.0
14661_2010,0.01679494026910111,0.017935257228437185,0.6827674439843732,0.6612014597155649,0.007573162533309224,0.0011706571090993152,1.3301569533173525,1.432319515261774,0.060694048938806686,0.060139057332358685,-11.235849651801093,-11.31101966223503,0.263938654245385,-0.1394000332958036,2.7080502011022096,2.7080502011022096,0,0,0,0,0,0,0,0,1,0,0.0
14675_2008,0.1123335902788711,-0.3602826301149137,0.08010975731936967,0.1300468691311519,0.2260166557958939,0.33341861591808514,1.1113833925504293,1.1300689865845277,0.0457460582188571,0.17787119217518993,-12.842421369801242,-13.559257934390633,-0.56970133289552,-1.0472032559752595,0.8544153281560676,0.14842000511827322,0,0,0,0,1,0,0,0,0,0,0.0
14675_2009,-0.3602826301149137,-0.5120845350264173,0.1300468691311519,0.1248844140263794,0.33341861591808514,0.3791907434971074,1.1300689865845277,1.696278473809792,0.17787119217518993,0.2589988555694096,-13.559257934390633,-13.807355645767204,-1.0472032559752595,-0.12633847878070487,0.14842000511827322,-0.5978370007556204,0,0,0,0,1,0,0,0,0,0,0.0
14675_2010,-0.5120845350264173,-0.2199809837665085,0.1248844140263794,0.11031406653690494,0.3791907434971074,0.3500579945340774,1.696278473809792,1.6672186094586512,0.2589988555694096,0.3152981850394859,-13.807355645767204,-12.826538598651753,-0.12633847878070487,0.9346757636526732,-0.5978370007556204,0.6151856390902335,0,0,0,0,1,0,0,0,0,0,0.0
1467_2008,0.026143709912688527,0.027691694442142745,0.1942708540121593,0.18066367410977535,0.034329351126049436,0.00890645790344198,4.2897881130749935,4.204723966468108,0.03380474813048927,0.044642761466780416,-7.022241866882732,-6.928902980988304,0.1278388532026971,0.13705224064144642,2.7080502011022096,2.7080502011022096,1,0,0,0,0,0,0,0,0,0,0.0
1467_2009,0.027691694442142745,0.0390343693222785,0.18066367410977535,0.2768295520403233,0.00890645790344198,0.005810293313537104,4.204723966468108,3.6985119971922105,0.044642761466780416,0.08938656883887272,-6.928902980988304,-6.852236563535169,0.13705224064144642,0.10571641348911304,2.7080502011022096,2.7080502011022096,1,0,0,0,0,0,0,0,0,0,0.0
1467_2010,0.0390343693222785,0.03077727533140315,0.2768295520403233,0.22209348000348506,0.005810293313537104,0.0054282469791307715,3.6985119971922105,3.6936503357455934,0.08938656883887272,0.05857949428137015,-6.852236563535169,-6.843141185136099,0.10571641348911304,-0.024594048346801182,2.7080502011022096,2.7080502011022096,1,0,0,0,0,0,0,0,0,0,0.0
14687_2008,0.008177690883284612,0.007936573699567153,0.8320565482624758,0.8523880153335122,0.028077291619553253,0.02571035571386697,1.5348112859076737,1.4139928384828857,0.0454127226435974,0.05453636750378819,-12.258956600215615,-12.327089844247654,-0.06120960538592921,-0.0902029241472014,2.7080502011022096,2.7080502011022096,0,0,0,0,0,1,0,0,0,0,0.0
14687_2009,0.007936573699567153,0.011078248942899944,0.8523880153335122,0.8849136769297393,0.02571035571386697,0.019634709607545323,1.4139928384828857,1.0625743330267023,0.05453636750378819,0.07060231572028584,-12.327089844247654,-12.143285099293632,-0.0902029241472014,0.21865777856203675,2.7080502011022096,2.6748380668960965,0,0,0,0,0,1,0,0,0,0,0.0
14687_2010,0.011078248942899944,0.01341137679065675,0.8849136769297393,0.8694567594881765,0.019634709607545323,0.0176264556338111,1.0625743330267023,1.1311706629055007,0.07060231572028584,0.08105646721728756,-12.143285099293632,-12.20031482598921,0.21865777856203675,-0.17819639013814226,2.6748380668960965,2.7080502011022096,0,0,0,0,0,1,0,0,0,0,0.0
14710_2008,-0.0668182602846547,-0.3407720902195208,0.13625567731988833,0.3109458984276888,0.07463108581905196,0.2673054704375345,2.630855617785014,1.2829503087072875,0.10847984041619732,0.2477214270532386,-12.298247476534465,-13.28160294170798,-0.6998755294443137,-1.3486744355873739,1.6134299337036375,0.4700036292457356,0,0,0,0,1,0,0,0,0,0,0.0
14710_2009,-0.3407720902195208,-2.3284215195663927,0.3109458984276888,0.5996756262216,0.2673054704375345,0.3591677178779856,1.2829503087072875,4.99904793228202,0.2477214270532386,0.2660585392701125,-13.28160294170798,-14.815724102476238,-1.3486744355873739,-1.4104696578903635,0.4700036292457356,-1.5606477482646683,0,0,0,0,1,0,0,0,0,0,0.0
14710_2010,-2.3284215195663927,0.0,0.5996756262216,0.0,0.3591677178779856,0.0,4.99904793228202,0.0,0.2660585392701125,0.0,-14.815724102476238,0.0,-1.4104696578903635,0.0,-1.5606477482646683,0.0,0,0,0,0,1,0,0,0,0,0,0.0
14715_2008,-0.3528125501666505,-0.17519050433227334,0.06180177746409748,0.20416873821562245,0.3576285486164789,0.3732540360027392,2.5260724050362,3.245021333726029,0.15086145199237153,0.15248848079155225,-11.461209292163028,-11.7369164476077,-0.4585364188026003,-0.3108808869543039,0.4574248470388755,0.1823215567939546,0,0,0,0,1,0,0,0,0,0,0.0
14715_2009,-0.17519050433227334,-0.6415464652031885,0.20416873821562245,0.6183978814071972,0.3732540360027392,0.6530804285579856,3.245021333726029,3.800998888635968,0.15248848079155225,0.16582303199456225,-11.7369164476077,-13.21354131553841,-0.3108808869543039,-1.4952638959667126,0.1823215567939546,-1.8201589437497532,0,0,0,0,1,0,0,0,0,0,0.0
14715_2010,-0.6415464652031885,-0.09991511593120743,0.6183978814071972,0.1458473692019195,0.6530804285579856,0.07741718938876174,3.800998888635968,30.869519355859488,0.16582303199456225,0.3849773233868149,-13.21354131553841,-11.849036348919995,-1.4952638959667126,1.2759279244500066,-1.8201589437497532,-0.2231435513142097,0,0,0,0,1,0,0,0,0,0,0.0
14722_2008,0.06547460958135531,0.07377135226974117,0.2053042379209911,0.29132986575214176,0.1707706451961456,0.07573716189244614,2.2633816667041393,1.9932482879994904,0.1257469306373465,0.08783538494643102,-9.497313454790133,-9.914353242305127,-0.34451607166978304,-0.2769923515744335,2.7080502011022096,2.6727683869575705,0,1,0,0,0,0,0,0,0,0,0.0
14722_2009,0.07377135226974117,-0.006260633216610683,0.29132986575214176,0.3756470249272253,0.07573716189244614,0.16272829333542874,1.9932482879994904,1.4573955011038942,0.08783538494643102,0.2306507797285628,-9.914353242305127,-9.847836401832842,-0.2769923515744335,0.02067900156348296,2.6727683869575705,2.258633205464863,0,1,0,0,0,0,0,0,0,0,0.0
14722_2010,-0.006260633216610683,0.00997546446236533,0.3756470249272253,0.2638695753096539,0.16272829333542874,0.14103880225481558,1.4573955011038942,2.017264342958496,0.2306507797285628,0.17626613770622745,-9.847836401832842,-9.635660958600106,0.02067900156348296,0.2585404499220593,2.258633205464863,2.6953026282797072,0,1,0,0,0,0,0,0,0,0,0.0
14737_2008,-0.11285119248645085,-0.11997574221809085,0.03976134188900146,0.04272171039646512,0.1221466364323507,0.07344186727618854,2.6288686573919566,2.7820132140678058,0.11701356820114,0.1445785576393485,-11.35363447339906,-11.580400199086757,-0.7910097407064799,-0.4914262443470026,1.2527629684953678,1.029619417181158,0,0,0,0,1,0,0,0,0,0,0.0
14737_2009,-0.11997574221809085,-0.18711187392728976,0.04272171039646512,0.17859260415041348,0.07344186727618854,0.12655640505539087,2.7820132140678058,1.8471773387088284,0.1445785576393485,0.19901858911563464,-11.580400199086757,-11.912708350320045,-0.4914262443470026,-0.40907412729716025,1.029619417181158,0.1823215567939546,0,0,0,0,1,0,0,0,0,0,0.0
14737_2010,-0.18711187392728976,-0.009172894360968846,0.17859260415041348,0.031799869604706286,0.12655640505539087,0.09069256483020348,1.8471773387088284,3.9979925147254485,0.19901858911563464,0.2255838416171772,-11.912708350320045,-10.562103907813787,-0.40907412729716025,0.8972264536110571,0.1823215567939546,1.6639260977181702,0,0,0,0,1,0,0,0,0,0,0.0
14744_2008,0.0070024692657587465,0.02307761792890479,0.16979355576940447,0.09189424999212233,0.05168550464128768,0.04813466985508565,2.5854317879448865,3.5971631263903148,0.07061490421122253,0.247083716652476,-8.933851153625984,-8.286269331665714,-0.11350276600534212,-0.2020597396171993,2.7080502011022096,2.7080502011022096,0,0,0,0,0,0,1,0,0,0,0.0
14744_2009,0.02307761792890479,0.03517866851680382,0.09189424999212233,0.21472278515533336,0.04813466985508565,0.07367544930525823,3.5971631263903148,1.8972560451216236,0.247083716652476,0.1291001992326282,-8.286269331665714,-8.05510666539528,-0.2020597396171993,0.19570010810981806,2.7080502011022096,2.7080502011022096,0,0,0,0,0,0,1,0,0,0,0.0
14744_2010,0.03517866851680382,0.02583695509693881,0.21472278515533336,0.13486668132501886,0.07367544930525823,0.0763279118518771,1.8972560451216236,2.480610264640509,0.1291001992326282,0.1141371104388542,-8.05510666539528,-7.842781539141183,0.19570010810981806,0.2618848738843411,2.7080502011022096,2.7080502011022096,0,0,0,0,0,0,1,0,0,0,0.0
14751_2008,0.0033507276614860764,0.003577417883601065,0.8198417404391223,0.8650068412550502,0.03813451289033011,0.06497151239794248,1.9261402716146416,1.593693545090653,0.03764644229476684,0.04926987537490541,-11.014279708915977,-11.390029586028984,0.2349872900028165,-0.35897925450360496,2.7080502011022096,2.403334996094189,0,0,0,0,0,1,0,0,0,0,0.0
14751_2009,0.003577417883601065,0.005575251532884011,0.8650068412550502,0.8985870144356259,0.06497151239794248,0.01434467747188969,1.593693545090653,1.2625324929685449,0.04926987537490541,0.08119350135755565,-11.390029586028984,-11.210323886677468,-0.35897925450360496,0.13772007320195173,2.403334996094189,2.101679925601055,0,0,0,0,0,1,0,0,0,0,0.0
14751_2010,0.005575251532884011,0.003081584269358086,0.8985870144356259,0.8937811978741563,0.01434467747188969,0.07286627051978832,1.2625324929685449,1.3551780416079953,0.08119350135755565,0.0928351174051898,-11.210323886677468,-11.243427862967383,0.13772007320195173,-0.09764334203114652,2.101679925601055,2.1882959465919183,0,0,0,0,0,1,0,0,0,0,0.0
14762_2008,0.009014895736094585,0.006123010720629773,0.8494918483147137,0.8818584138278388,0.030946269960176163,0.06267389692841922,1.6336492167610088,1.5179685818204358,0.03781962280233999,0.0915946975037999,-10.12352385458789,-10.299433884267993,-0.1592109659989398,-0.06736060524258512,2.639771360348916,2.5470986700444485,0,0,0,0,0,1,0,0,0,0,0.0
14762_2009,0.006123010720629773,0.0066209521433761645,0.8818584138278388,0.8926129185576586,0.06267389692841922,0.0498484844189824,1.5179685818204358,1.5424240059444845,0.0915946975037999,0.10489319833001304,-10.299433884267993,-9.756855909376966,-0.06736060524258512,0.2979210590501901,2.5470986700444485,2.5877640352277083,0,0,0,0,0,1,0,0,0,0,0.0
14762_2010,0.0066209521433761645,0.006448958044737186,0.8926129185576586,0.9006480009769104,0.0498484844189824,0.010618901743602341,1.5424240059444845,1.3200568730346505,0.10489319833001304,0.1300335386169842,-9.756855909376966,-10.110735747491583,0.2979210590501901,-0.14211898670107811,2.5877640352277083,2.4621496626653845,0,0,0,0,0,1,0,0,0,0,0.0
14775_2008,0.02417467039868004,0.009121635725742941,0.22134051167405694,0.2516986912722132,0.16557827700630678,0.06362924192367984,3.083859566007958,2.471632323988333,0.08558844179925479,0.0869090121199671,-8.630967073733949,-8.048625917025888,0.1401648487192579,0.18096140321791646,2.7080502011022096,2.7080502011022096,0,0,0,0,1,0,0,0,0,0,0.0
14775_2009,0.009121635725742941,0.018149510314049943,0.2516986912722132,0.2918091367790135,0.06362924192367984,0.06794635395086013,2.471632323988333,2.0980291580313,0.0869090121199671,0.12610120414708234,-8.048625917025888,-7.723183465474332,0.18096140321791646,0.270293914944165,2.7080502011022096,2.7080502011022096,0,0,0,0,1,0,0,0,0,0,0.0
14775_2010,0.018149510314049943,0.02060065010171054,0.2918091367790135,0.2250905920492888,0.06794635395086013,0.12942894089358314,2.0980291580313,2.008396676299419,0.12610120414708234,0.043599756416772766,-7.723183465474332,-7.562676066360741,0.270293914944165,-0.0327631226212598,2.7080502011022096,2.7080502011022096,0,0,0,0,1,0,0,0,0,0,0.0
14776_2008,0.052296252144878604,0.05289186871825083,0.06945697384433121,0.0968231476032671,0.20522667960377888,0.15845486581800886,2.430909444111765,2.231042991506483,0.06726384798846442,0.05773587278774,-7.7976366893710845,-7.875391914279178,-0.08847133358612852,-0.099949064780327,2.7080502011022096,2.7080502011022096,0,0,0,0,0,0,1,0,0,0,0.0
14776_2009,0.05289186871825083,0.0709448475999489,0.0968231476032671,0.12652085912014865,0.15845486581800886,0.20024029176634114,2.231042991506483,1.802273111156141,0.05773587278774,0.06079192761255176,-7.875391914279178,-7.565022526217159,-0.099949064780327,0.3054106796961801,2.7080502011022096,2.7080502011022096,0,0,0,0,0,0,1,0,0,0,0.0
14776_2010,0.0709448475999489,0.045636475614629864,0.12652085912014865,0.09571887064047956,0.20024029176634114,0.11283904299969948,1.802273111156141,2.5335601747561016,0.06079192761255176,0.059228843919935034,-7.565022526217159,-7.245192994899379,0.3054106796961801,0.10508639040303858,2.7080502011022096,2.7080502011022096,0,0,0,0,0,0,1,0,0,0,0.0
14778_2008,0.012110706241671678,0.006227713473933107,0.8763222131814483,0.9049992134167272,0.00964493343238877,0.0076417756759848965,1.4610803468812037,1.209049308432138,0.059748582697829976,0.10624743027397723,-11.042641317139328,-11.74540539264644,-0.052733756468844005,-0.5576381317381813,2.7080502011022096,2.7080502011022096,0,0,0,0,0,1,0,0,0,0,0.0
14778_2009,0.006227713473933107,0.000548929921755146,0.9049992134167272,0.9625939364307236,0.0076417756759848965,0.009647124229543346,1.209049308432138,0.4966762394022952,0.10624743027397723,0.19483364840048512,-11.74540539264644,-12.541748776065226,-0.5576381317381813,-0.8507229757573782,2.7080502011022096,1.5085119938441398,0,0,0,0,0,1,0,0,0,0,0.0
14778_2010,0.000548929921755146,-0.004962106158254567,0.9625939364307236,0.9770146224376848,0.009647124229543346,0.037956543449813085,0.4966762394022952,0.3224520534716363,0.19483364840048512,0.24950362570962775,-12.541748776065226,-12.662420346278912,-0.8507229757573782,-0.7855427319085929,1.5085119938441398,1.0152306797290584,0,0,0,0,0,1,0,0,0,0,0.0
1477_2008,0.07334032102767858,0.0952540997380922,0.12312764323757755,0.13394595436492485,0.03820887518434106,0.1000086072981691,1.6955757342942457,1.2263229463926608,0.050113276579879726,0.06426323126358273,-13.055311514815704,-13.350542277046912,-0.2522612866078317,-0.3640913359196328,1.9810014688665836,1.6992786164338898,0,0,1,0,0,0,0,0,0,0,0.0
1477_2009,0.0952540997380922,0.10755650511638366,0.13394595436492485,0.2274822894411335,0.1000086072981691,0.16282469357921958,1.2263229463926608,0.8763034535540037,0.06426323126358273,0.0870495689612327,-13.350542277046912,-13.226892347927663,-0.3640913359196328,-0.10883193324256353,1.6992786164338898,1.308332819650179,0,0,1,0,0,0,0,0,0,0,0.0
1477_2010,0.10755650511638366,0.06922567787997266,0.2274822894411335,0.14242984299442651,0.16282469357921958,0.04329317472430892,0.8763034535540037,1.4590418851421494,0.0870495689612327,0.14631351870902018,-13.226892347927663,-12.963763329462662,-0.10883193324256353,0.11754093247430925,1.308332819650179,1.7917428024224982,0,0,1,0,0,0,0,0,0,0,0.0
14781_2008,0.014003719825218407,0.016013344123480655,0.7199376868858965,0.7231318447597399,0.19969475497208272,0.16169653079605892,2.8516765159057957,2.558096687008264,0.1694528098241275,0.06358781718683525,-10.651271457618572,-10.64120598734209,-0.019827174257307068,-0.13378638659336542,2.7080502011022096,2.7080502011022096,0,0,0,0,0,0,1,0,0,0,0.0
14781_2009,0.016013344123480655,0.017956835946172953,0.7231318447597399,0.7359855710407992,0.16169653079605892,0.04054507301873441,2.558096687008264,2.261556851722511,0.06358781718683525,0.09473382073449016,-10.64120598734209,-10.243472878650122,-0.13378638659336542,0.50763452750615,2.7080502011022096,2.7080502011022096,0,0,0,0,0,0,1,0,0,0,0.0
14781_2010,0.017956835946172953,0.013800603567844056,0.7359855710407992,0.7558827329456147,0.04054507301873441,0.07204395931607052,2.261556851722511,1.965694191052048,0.09473382073449016,0.1180847917135456,-10.243472878650122,-10.457270410254973,0.50763452750615,-0.05361824864635048,2.7080502011022096,2.7080502011022096,0,0,0,0,0,0,1,0,0,0,0.0
14795_2008,0.005675585373082467,0.000537934839627613,0.8736807341484017,0.9023258951373344,0.014468182645036631,0.013784642816020331,1.9100447628157704,1.4855294855345087,0.0465635445905896,0.08198639598615187,-10.72045012268808,-11.0962677352569,-0.1372157627711389,-0.3491845978152199,2.7080502011022096,2.7080502011022096,0,0,0,0,0,1,0,0,0,0,0.0
14795_2009,0.000537934839627613,0.00759690895749868,0.9023258951373344,0.8943826919732307,0.013784642816020331,0.009506427322526968,1.4855294855345087,1.5994548455317747,0.08198639598615187,0.08045126354091199,-11.0962677352569,-10.551988025956245,-0.3491845978152199,0.4112096646787873,2.7080502011022096,2.7080502011022096,0,0,0,0,0,1,0,0,0,0,0.0
14795_2010,0.00759690895749868,0.0076022621550230094,0.8943826919732307,0.8967939852522039,0.009506427322526968,0.011178283125280113,1.5994548455317747,1.1398252364234465,0.08045126354091199,0.15306426966846626,-10.551988025956245,-10.751881912107454,0.4112096646787873,-0.4237850881923309,2.7080502011022096,2.4239173781615704,0,0,0,0,0,1,0,0,0,0,0.0
14828_2008,0.0046474099394020136,0.0131339547881281,0.12072669142257672,0.14012804560379946,0.32233648156249856,0.2986874409519697,1.8899922979380144,2.171593085152665,0.08878508983108198,0.061373799127070215,-10.505763526502808,-10.30234817440645,0.1163410220406806,0.2331494185321908,2.28949985344539,2.4790562361098245,0,0,0,0,0,0,1,0,0,0,0.0
14828_2009,0.0131339547881281,0.0213001865148882,0.14012804560379946,0.14113968901766494,0.2986874409519697,0.324497484804431,2.171593085152665,2.212352701958616,0.061373799127070215,0.10354990112276917,-10.30234817440645,-9.783567986252233,0.2331494185321908,0.6512684060396379,2.4790562361098245,2.514465452029545,0,0,0,0,0,0,1,0,0,0,0.0
14828_2010,0.0213001865148882,0.02428934879028306,0.14113968901766494,0.056075428788593985,0.324497484804431,0.15280980381215795,2.212352701958616,4.0396891295711885,0.10354990112276917,0.15394533707930289,-9.783567986252233,-8.978478308065087,0.6512684060396379,0.6218030359080061,2.514465452029545,2.7080502011022096,0,0,0,0,0,0,1,0,0,0,0.0
14838_2008,0.032384311077598836,0.02482084230633201,0.0614891433898691,0.05934916928325111,0.07951110815859651,0.06548930527365593,4.954464468597539,5.9192915142911975,0.0546181300950004,0.05502871688398464,-9.03565071908991,-8.561936664595388,0.07519934298516281,0.3880572635874515,2.7080502011022096,2.7080502011022096,0,0,1,0,0,0,0,0,0,0,0.0
14838_2009,0.02482084230633201,0.02549707672456213,0.05934916928325111,0.046850026559454916,0.06548930527365593,0.03386578979709901,5.9192915142911975,6.559089611743567,0.05502871688398464,0.09208646806292377,-8.561936664595388,-7.862976201320983,0.3880572635874515,0.6372344004072006,2.7080502011022096,2.7080502011022096,0,0,1,0,0,0,0,0,0,0,0.0
14838_2010,0.02549707672456213,0.03322793456185851,0.046850026559454916,0.06197469265789071,0.03386578979709901,0.036844877361669484,6.559089611743567,6.34550345129783,0.09208646806292377,0.09863122281784313,-7.862976201320983,-8.115736766527919,0.6372344004072006,-0.3149270366007563,2.7080502011022096,2.7080502011022096,0,0,1,0,0,0,0,0,0,0,0.0
14845_2008,0.04287818101583239,0.06752526181181734,0.041360102634982986,0.10503466039488503,0.02808496957972504,0.0191696823092665,6.3002970084928736,6.333242580537133,0.06991660357606118,0.11461053156596356,-9.532209898391333,-9.972276991925533,0.14802705826058574,-0.3756907335182392,2.7080502011022096,2.7080502011022096,0,0,0,1,0,0,0,0,0,0,0.0
14845_2009,0.06752526181181734,0.04858677310488059,0.10503466039488503,0.14722222222222225,0.0191696823092665,0.02154887071651091,6.333242580537133,6.471848571864827,0.11461053156596356,0.21013568585235945,-9.972276991925533,-9.605451261286463,-0.3756907335182392,0.18429307563435565,2.7080502011022096,2.7080502011022096,0,0,0,1,0,0,0,0,0,0,0.0
14845_2010,0.04858677310488059,0.062438816714087485,0.14722222222222225,0.09129695261880744,0.02154887071651091,0.025413915802867056,6.471848571864827,4.218287572035272,0.21013568585235945,0.15824826596819402,-9.605451261286463,-9.919778788164876,0.18429307563435565,0.021326774643075752,2.7080502011022096,2.7080502011022096,0,0,0,1,0,0,0,0,0,0,0.0
14859_2008,-0.047135416979750634,-0.08241808836390539,0.07045290876542927,0.02969539647239712,0.3213894556126087,0.4681460612836443,2.832395188379665,1.8923066909693151,0.11990003398853755,0.14092102521770536,-9.932035817471576,-10.30174248053228,0.03012874264271337,-0.38293092988380495,2.172476407647025,1.7369512327330598,0,0,0,0,1,0,0,0,0,0,0.0
14859_2009,-0.08241808836390539,-0.1605264935620907,0.02969539647239712,0.020092664896124057,0.4681460612836443,0.4235817433434474,1.8923066909693151,1.9981977016949295,0.14092102521770536,0.15358258972809502,-10.30174248053228,-9.939788571611698,-0.38293092988380495,0.3579444591596337,1.7369512327330598,1.541159071680806,0,0,0,0,1,0,0,0,0,0,0.0
14859_2010,-0.1605264935620907,-0.1346321067956565,0.020092664896124057,0.01497212460874414,0.4235817433434474,0.2156158588273479,1.9981977016949295,2.4846352145394217,0.15358258972809502,0.2590803611118159,-9.939788571611698,-9.869581306869994,0.3579444591596337,-0.6421369214653507,1.541159071680806,1.7137979277583428,0,0,0,0,1,0,0,0,0,0,0.0
14863_2008,0.02640296500377185,0.02965354884903265,0.1474067930822826,0.17061777417066054,0.03080430799907675,0.05094928993534998,3.385548058853696,2.6780166773090746,0.10050172570512528,0.12099870228083945,-8.935895250468269,-9.066909805775307,0.6118460579769079,-0.2536539328947471,2.7080502011022096,2.7080502011022096,0,0,0,0,0,0,1,0,0,0,0.0
14863_2009,0.02965354884903265,0.08769887346065865,0.17061777417066054,0.3663262583130022,0.05094928993534998,0.10457936363346634,2.6780166773090746,1.4263667435388725,0.12099870228083945,0.17758106338829927,-9.066909805775307,-9.597995140820528,-0.2536539328947471,-0.4396735535843949,2.7080502011022096,2.122261538862764,0,0,0,0,0,0,1,0,0,0,0.0
14863_2010,0.08769887346065865,0.0501603468735418,0.3663262583130022,0.12881297874683018,0.10457936363346634,0.07649393478120298,1.4263667435388725,2.351355892373133,0.17758106338829927,0.11567930293716595,-9.597995140820528,-8.982950192080176,-0.4396735535843949,0.6099064037459492,2.122261538862764,2.7080502011022096,0,0,0,0,0,0,1,0,0,0,0.0
14867_2008,0.0,0.0,0.0,0.0,0.0,0.0,0.0,0.0,0.0,0.0,0.0,0.0,0.0,0.0,0.0,0.0,1,0,0,0,0,0,0,0,0,0,0.0
14867_2009,0.0,0.0,0.0,0.0,0.0,0.0,0.0,0.0,0.0,0.0,0.0,0.0,0.0,0.0,0.0,0.0,1,0,0,0,0,0,0,0,0,0,0.0
14867_2010,0.0,-0.0073843611175914035,0.0,0.11907387249263075,0.0,0.0249197700051091,0.0,2.4576105693544394,0.0,0.1853530327390149,0.0,-8.74952996430231,0.0,-0.20380631439740415,0.0,2.7080502011022096,1,0,0,0,0,0,0,0,0,0,0.0
14873_2008,0.004928464957350013,0.006051533923812135,0.2678378597786997,0.4109357766182777,0.0013243165593043293,0.009957527572929122,3.2018031770771045,3.493448482251692,0.053816625359560784,0.061387240542285476,-7.744223107212353,-8.138109998340745,0.2484375399367265,-0.3381981754043797,2.7080502011022096,2.7080502011022096,0,0,0,0,0,0,0,0,0,1,0.0
14873_2009,0.006051533923812135,0.002206291099631549,0.4109357766182777,0.7390097181642951,0.009957527572929122,0.003208346174811321,3.493448482251692,1.2934255394173315,0.061387240542285476,0.21044014040536702,-8.138109998340745,-9.00973458741176,-0.3381981754043797,-0.8132645379733239,2.7080502011022096,2.5305171610400525,0,0,0,0,0,0,0,0,0,1,0.0
14873_2010,0.002206291099631549,-0.009719832908907777,0.7390097181642951,0.5211348084955272,0.003208346174811321,0.01879941423763094,1.2934255394173315,2.763848245057892,0.21044014040536702,0.2638541034830789,-9.00973458741176,-8.33277388774429,-0.8132645379733239,0.9418551375890384,2.5305171610400525,2.7080502011022096,0,0,0,0,0,0,0,0,0,1,0.0
14888_2008,-0.0032791843353179033,0.01631970617826741,0.7806589261551309,0.6666656153508924,0.07670651323356985,0.006792814046419797,0.9844869150604886,1.4948787164931283,0.04799118738614282,0.12198056630423874,-11.810253013380423,-11.240163930046872,-0.08719113149681608,0.4713845031620453,1.6272778305624314,2.174751721484161,0,0,1,0,0,0,0,0,0,0,0.0
14888_2009,0.01631970617826741,0.0007033261328730274,0.6666656153508924,0.9022747420864906,0.006792814046419797,0.013649433904245143,1.4948787164931283,0.3705496908123556,0.12198056630423874,0.13775276875179224,-11.240163930046872,-12.276209922871427,0.4713845031620453,-0.9710519228746546,2.174751721484161,0.6981347220709843,0,0,1,0,0,0,0,0,0,0,0.0
14888_2010,0.0007033261328730274,0.01217538426829102,0.9022747420864906,0.8825356999783545,0.013649433904245143,0.006246621667727061,0.3705496908123556,0.652564614279782,0.13775276875179224,0.2330798044834152,-12.276209922871427,-11.88992028429574,-0.9710519228746546,0.2789508954901311,0.6981347220709843,1.3686394258811698,0,0,1,0,0,0,0,0,0,0,0.0
14889_2008,0.008001039980438463,0.0015483171727728425,0.02488524620608326,0.030453463391975837,0.2927575886072619,0.3682575625616907,2.1418849278113328,1.7294736024442658,0.10137951475562136,0.12069734361095355,-11.522982942681011,-11.763164146192592,0.08218049246299927,-0.24201476621218265,1.673351238177753,1.4350845252893227,0,0,0,0,0,0,1,0,0,0,0.0
14889_2009,0.0015483171727728425,0.038145558813106085,0.030453463391975837,0.06492906773199307,0.3682575625616907,0.9776088147169688,1.7294736024442658,0.8149014726458491,0.12069734361095355,0.14585948618365258,-11.763164146192592,-12.10268461415848,-0.24201476621218265,-0.24858350914053975,1.4350845252893227,0.6259384308664954,0,0,0,0,0,0,1,0,0,0,0.0
14889_2010,0.038145558813106085,0.01676935477260618,0.06492906773199307,0.05283542124892416,0.9776088147169688,0.6774170412164101,0.8149014726458491,1.13031612463043,0.14585948618365258,0.14296226992242148,-12.10268461415848,-12.095069891643918,-0.24858350914053975,-0.07355246354716785,0.6259384308664954,1.029619417181158,0,0,0,0,0,0,1,0,0,0,0.0
14915_2008,0.010640471822614085,-0.0259061047602883,0.8382804135683155,0.9706002167187218,0.025633669353050826,0.0382240797509141,2.0195926954624386,0.6038089942070479,0.06295689719783325,0.255062865280507,-7.194295144463661,-8.970118146581695,-0.16434295629599946,-1.943783785317688,2.7080502011022096,1.2669476034873244,0,0,0,0,0,1,0,0,0,0,0.0
14915_2009,-0.0259061047602883,-0.010983850644784271,0.9706002167187218,0.9860917546530248,0.0382240797509141,0.10721097982444187,0.6038089942070479,0.2703423152365982,0.255062865280507,0.1992663373397285,-8.970118146581695,-9.402290530943564,-1.943783785317688,-1.0434526701460136,1.2669476034873244,0.13976194237515865,0,0,0,0,0,1,0,0,0,0,0.0
14915_2010,-0.010983850644784271,-0.02764117534536879,0.9860917546530248,0.9290017816492364,0.10721097982444187,0.10710344694356602,0.2703423152365982,0.8989871568524441,0.1992663373397285,0.1987743998542844,-9.402290530943564,-7.999080917536791,-1.0434526701460136,0.137589531782279,0.13976194237515865,0.5653138090500605,0,0,0,0,0,1,0,0,0,0,0.0
14923_2008,0.04762142185696792,-0.0422212773700266,0.11450544131900152,0.16702841302583965,0.04178427106755408,0.04754999619377226,2.4986077078255566,1.874488948758456,0.1464708460477087,0.11576289738212707,-11.983990219029126,-12.566625988265812,-0.19043470922667985,-0.6953938334864722,2.1162555148025524,1.5665304114228238,0,0,0,0,0,0,1,0,0,0,0.0
14923_2009,-0.0422212773700266,0.027960870272405486,0.16702841302583965,0.1733419049020595,0.04754999619377226,0.038726967136295684,1.874488948758456,1.692568992695544,0.11576289738212707,0.23778338476963365,-12.566625988265812,-12.122258676959335,-0.6953938334864722,0.22131865391871527,1.5665304114228238,1.5238800240724537,0,0,0,0,0,0,1,0,0,0,0.0
14923_2010,0.027960870272405486,0.029103292207933507,0.1733419049020595,0.11620917379289335,0.038726967136295684,0.13622788693778967,1.692568992695544,2.150634638130178,0.23778338476963365,0.224589283427391,-12.122258676959335,-11.936651364558244,0.22131865391871527,0.2745141058549646,1.5238800240724537,1.937301774518713,0,0,0,0,0,0,1,0,0,0,0.0
14926_2008,-0.8314624239199553,-0.9598024073285044,0.3043634365902297,0.2987191095014913,0.7226685008067621,0.7322512782275246,0.799000919682548,1.7117887182953941,0.376048533415801,0.06719514296432151,-13.581754112138148,-14.015656223688291,1.759049081182534,-0.2987156016838534,0.947789398933526,0.5247285289349821,0,1,0,0,0,0,0,0,0,0,0.0
14926_2009,-0.9598024073285044,0.0,0.2987191095014913,0.0,0.7322512782275246,0.0,1.7117887182953941,0.0,0.06719514296432151,0.0,-14.015656223688291,0.0,-0.2987156016838534,0.0,0.5247285289349821,0.0,0,1,0,0,0,0,0,0,0,0,0.0
14926_2010,0.0,0.0,0.0,0.0,0.0,0.0,0.0,0.0,0.0,0.0,0.0,0.0,0.0,0.0,0.0,0.0,0,1,0,0,0,0,0,0,0,0,0.0
14927_2008,0.02603211641576309,0.0194499204064527,0.1738009140297207,0.1469011356559737,0.0039665160758890474,0.003017269580024138,3.7260145950235057,4.468769490892089,0.036663083177247785,0.22287414330940625,-8.245368044470744,-7.815327151215796,0.12859774379366906,-0.2764794602369714,2.7080502011022096,2.7080502011022096,0,1,0,0,0,0,0,0,0,0,0.0
14927_2009,0.0194499204064527,0.0268970040519866,0.1469011356559737,0.19693588884172966,0.003017269580024138,0.0018996908946258121,4.468769490892089,4.238925570961035,0.22287414330940625,0.07612962215483918,-7.815327151215796,-7.4778563182315185,-0.2764794602369714,0.2910516833422597,2.7080502011022096,2.7080502011022096,0,1,0,0,0,0,0,0,0,0,0.0
14927_2010,0.0268970040519866,0.029284973658675325,0.19693588884172966,0.22096202782811744,0.0018996908946258121,0.0028166353705329,4.238925570961035,3.80442295493548,0.07612962215483918,0.040978490055873514,-7.4778563182315185,-7.66111367981121,0.2910516833422597,-0.1764629983960097,2.7080502011022096,2.7080502011022096,0,1,0,0,0,0,0,0,0,0,0.0
14931_2008,-0.15949035437128853,-0.08474670641243083,0.08951382839359218,0.05241044354216992,0.16787583372678366,0.15337239382570111,4.103100445318166,4.264624245368122,0.26498173404283165,0.1174986974040638,-11.433701907018024,-10.970962785975908,-0.10189132962047946,0.0798815612380308,1.1600209167967532,1.3609765531356006,0,0,0,0,0,0,1,0,0,0,0.0
14931_2009,-0.08474670641243083,-0.2637293693617943,0.05241044354216992,0.07529465410381334,0.15337239382570111,0.2283013467822915,4.264624245368122,3.148785326459516,0.1174986974040638,0.22379621928239274,-10.970962785975908,-11.136783344611834,0.0798815612380308,-0.014587495615319525,1.3609765531356006,0.5187937934151675,0,0,0,0,0,0,1,0,0,0,0.0
14931_2010,-0.2637293693617943,-0.1350128219315827,0.07529465410381334,0.039773945998969884,0.2283013467822915,0.1562096539512999,3.148785326459516,4.271565178706004,0.22379621928239274,0.26317462673188985,-11.136783344611834,-10.471574944098938,-0.014587495615319525,0.3870319437820763,0.5187937934151675,1.1537315878891892,0,0,0,0,0,0,1,0,0,0,0.0
14957_2008,-0.06444547748397825,0.024143117232644663,0.7501832874247479,0.6516332884772685,0.009505505561067669,0.010433432720300449,0.985919863890192,1.1919039633836703,0.09519056461413362,0.18282362053763415,-13.360399346476774,-12.803887703184312,-0.7013284041951748,0.620336419363079,1.7664416612437648,2.3329202927901185,0,0,1,0,0,0,0,0,0,0,0.0
14957_2009,0.024143117232644663,-0.1281736448132516,0.6516332884772685,0.9438562335145372,0.010433432720300449,0.012278522831869036,1.1919039633836703,0.2269849126709137,0.18282362053763415,0.13196465653101905,-12.803887703184312,-13.628757042566384,0.620336419363079,-0.7830555795564811,2.3329202927901185,1.0331844833456545,0,0,1,0,0,0,0,0,0,0,0.0
14957_2010,-0.1281736448132516,0.0,0.9438562335145372,0.0,0.012278522831869036,0.0,0.2269849126709137,0.0,0.13196465653101905,0.0,-13.628757042566384,0.0,-0.7830555795564811,0.0,1.0331844833456545,0.0,0,0,1,0,0,0,0,0,0,0,0.0
14958_2008,0.01077146177378386,0.022088620083987785,0.8772534465262407,0.8677611437863627,0.10861446690173618,0.09027773088447767,0.7386200973375323,0.7605804674798912,0.11508069046037182,0.07031831259216301,-11.944626747764705,-11.709166394652707,-0.004182304430982831,0.19153025933051115,2.3340837600534172,2.5289235352047745,0,1,0,0,0,0,0,0,0,0,0.0
14958_2009,0.022088620083987785,0.030392282204353912,0.8677611437863627,0.9038530595251602,0.09027773088447767,0.08890208123323133,0.7605804674798912,0.5511798646184446,0.07031831259216301,0.15813919547214508,-11.709166394652707,-11.444725510069071,0.19153025933051115,0.034715361456687466,2.5289235352047745,2.226783379577764,0,1,0,0,0,0,0,0,0,0,0.0
14958_2010,0.030392282204353912,0.02204429358619174,0.9038530595251602,0.8642571397314709,0.08890208123323133,0.06079600724986916,0.5511798646184446,0.7494971789781633,0.15813919547214508,0.11139271694807998,-11.444725510069071,-11.18553044177638,0.034715361456687466,0.16639820608342332,2.226783379577764,2.7080502011022096,0,1,0,0,0,0,0,0,0,0,0.0
14969_2008,0.0842180181046513,0.017927323299259168,0.5913221470305247,0.8391062098107609,0.1261431022808683,0.05306296333075797,1.6635567065732606,0.6161815144762979,0.053581674468013235,0.12933275438204864,-9.452402836252196,-10.522649546233572,0.3492084598510839,-0.9497291147225908,2.7080502011022096,1.7119945007591924,0,0,0,0,0,1,0,0,0,0,0.0
14969_2009,0.017927323299259168,0.008123530622337167,0.8391062098107609,0.7389597265212532,0.05306296333075797,0.09114431787438347,0.6161815144762979,0.9523069060226504,0.12933275438204864,0.23147581958742744,-10.522649546233572,-9.520600874394189,-0.9497291147225908,0.8078560994204023,1.7119945007591924,2.217027204632399,0,0,0,0,0,1,0,0,0,0,0.0
14969_2010,0.008123530622337167,0.00015967093808826578,0.7389597265212532,0.4857259826281245,0.09114431787438347,0.048879198720697084,0.9523069060226504,1.093608015239358,0.23147581958742744,0.1394652800264536,-9.520600874394189,-9.248673660001897,0.8078560994204023,-0.22411408613460876,2.217027204632399,2.258633205464863,0,0,0,0,0,1,0,0,0,0,0.0
14977_2008,-0.1586930518969354,-0.36306034827595396,0.04953535050622429,0.09377316728446093,0.345527471741064,0.5937118323155284,2.580657398625986,1.651996877099475,0.13352777669351984,0.2111907738331896,-11.403851503260116,-11.928103385076424,0.09664477206495667,-0.8788649245602431,1.7101878155342434,1.0006318803079057,0,0,0,0,1,0,0,0,0,0,0.0
14977_2009,-0.36306034827595396,-0.13021409935739042,0.09377316728446093,0.5965080361976169,0.5937118323155284,0.657393040823766,1.651996877099475,1.1960078587108989,0.2111907738331896,0.17563940298438904,-11.928103385076424,-12.006574508261295,-0.8788649245602431,-0.11711201162560185,1.0006318803079057,0.3987761199573678,0,0,0,0,1,0,0,0,0,0,0.0
14977_2010,-0.13021409935739042,-0.06752933267716256,0.5965080361976169,0.2297862292068796,0.657393040823766,0.4018608681593134,1.1960078587108989,1.8279679737833905,0.17563940298438904,0.3142448569810044,-12.006574508261295,-10.729862359740094,-0.11711201162560185,0.8293152479948468,0.3987761199573678,1.4906543764441336,0,0,0,0,1,0,0,0,0,0,0.0
14991_2008,0.02983045251260228,-0.07935039855585818,0.12894046864305836,0.28603401499766484,0.26374499434230275,0.4475226040731936,1.8010428983072222,1.5212006321588154,0.20149201281898413,0.10508670896323018,-11.335793285186982,-11.680323354786768,-1.243432808199323,-0.40374123984789856,2.271094425902674,1.8961194845522975,0,0,0,0,0,0,1,0,0,0,0.0
14991_2009,-0.07935039855585818,-0.3515245213585415,0.28603401499766484,0.4945970810628371,0.4475226040731936,0.5251147269688672,1.5212006321588154,1.2304334169605546,0.10508670896323018,0.18140651441994612,-11.680323354786768,-12.038519665706625,-0.40374123984789856,-0.5544210812997534,1.8961194845522975,1.0402767116551463,0,0,0,0,0,0,1,0,0,0,0.0
14991_2010,-0.3515245213585415,-0.2647581851516373,0.4945970810628371,0.4465024757220809,0.5251147269688672,0.3607907156690879,1.2304334169605546,2.347395599275326,0.18140651441994612,0.20030598854845835,-12.038519665706625,-12.235199483428936,-0.5544210812997534,-0.3404004490961066,1.0402767116551463,1.0681530811834012,0,0,0,0,0,0,1,0,0,0,0.0
15025_2008,0.017161141110424317,0.023725208373407417,0.08190457464250964,0.13129637741100714,0.14756140969230572,0.10685363603766926,2.238911011443895,1.7759218221811146,0.09733388121817677,0.06275476520439835,-10.092783793536963,-10.309762572108623,-0.3288670874882741,-0.2437950614823928,2.7080502011022096,2.7080502011022096,0,0,1,0,0,0,0,0,0,0,0.0
15025_2009,0.023725208373407417,0.02638443410533655,0.13129637741100714,0.2634655191434325,0.10685363603766926,0.02265764558599526,1.7759218221811146,1.209937542623326,0.06275476520439835,0.15325783489761124,-10.309762572108623,-10.214158635556203,-0.2437950614823928,-0.051421966899619816,2.7080502011022096,2.376764491168297,0,0,1,0,0,0,0,0,0,0,0.0
15025_2010,0.02638443410533655,0.02062004366932396,0.2634655191434325,0.2026625445557739,0.02265764558599526,0.07102037743631398,1.209937542623326,1.8128754856137368,0.15325783489761124,0.10352096475070573,-10.214158635556203,-9.887943078672851,-0.051421966899619816,0.2318102194893952,2.376764491168297,2.7080502011022096,0,0,1,0,0,0,0,0,0,0,0.0
15031_2008,-0.2560554369867315,0.0,0.4751564310133466,0.0,0.17455341540306601,0.0,1.807568720874319,0.0,0.196295763769884,0.0,-12.9731442744036,0.0,-0.644027550357834,0.0,-0.579818495252942,0.0,0,1,0,0,0,0,0,0,0,0,1.0
15031_2009,0.0,0.0,0.0,0.0,0.0,0.0,0.0,0.0,0.0,0.0,0.0,0.0,0.0,0.0,0.0,0.0,0,1,0,0,0,0,0,0,0,0,1.0
15031_2010,0.0,0.0,0.0,0.0,0.0,0.0,0.0,0.0,0.0,0.0,0.0,0.0,0.0,0.0,0.0,0.0,0,1,0,0,0,0,0,0,0,0,1.0
15037_2008,0.034755656044159484,0.04702535080238779,0.06957156143297041,0.15145205054655406,0.02772108862167392,0.016951701682300955,4.5319409306677265,3.3807912941092164,0.11756729368535558,0.04294266561661556,-9.483271289393167,-9.958669691579402,-0.10895390526058088,-0.4914039996329019,2.7080502011022096,2.7080502011022096,0,0,1,0,0,0,0,0,0,0,0.0
15037_2009,0.04702535080238779,0.0604703826957125,0.15145205054655406,0.2022907613461026,0.016951701682300955,0.04279622540618528,3.3807912941092164,2.4014549049445453,0.04294266561661556,0.13356198397078758,-9.958669691579402,-9.771042056237173,-0.4914039996329019,0.25187887812154225,2.7080502011022096,2.7080502011022096,0,0,1,0,0,0,0,0,0,0,0.0
15037_2010,0.0604703826957125,0.04583665735588294,0.2022907613461026,0.14311193289476185,0.04279622540618528,0.06997663033184365,2.4014549049445453,2.785848513033065,0.13356198397078758,0.1232799812617714,-9.771042056237173,-9.664595904136302,0.25187887812154225,0.18308697304191768,2.7080502011022096,2.7080502011022096,0,0,1,0,0,0,0,0,0,0,0.0
15061_2008,0.025013881078401044,0.0349253219516293,0.15141932439153125,0.25053020896504824,0.01256790044434691,0.022773381265988258,3.4121281063945954,3.2253315155299864,0.08902406103767767,0.09850187143796543,-11.241145814066288,-11.500730324695105,0.14905947135560915,-0.2996600302020789,2.7080502011022096,2.6071242825122494,0,0,1,0,0,0,0,0,0,0,0.0
15061_2009,0.0349253219516293,0.005289199563267121,0.25053020896504824,0.6420054904338911,0.022773381265988258,0.038846383424817915,3.2253315155299864,1.0049846346223503,0.09850187143796543,0.1817992310583425,-11.500730324695105,-12.605585830910073,-0.2996600302020789,-0.9327819355147569,2.6071242825122494,1.0647107369924282,0,0,1,0,0,0,0,0,0,0,0.0
15061_2010,0.005289199563267121,0.06260769104900005,0.6420054904338911,0.3886157451589133,0.038846383424817915,0.039787346898882164,1.0049846346223503,1.5788213934565472,0.1817992310583425,0.23576599200876966,-12.605585830910073,-12.091346564929593,-0.9327819355147569,0.3849473412170832,1.0647107369924282,1.80005827204275,0,0,1,0,0,0,0,0,0,0,0.0
1507_2008,0.029935573940401625,0.03196148733343336,0.5037249484848495,0.5076986467814194,0.01779757524957814,0.010678770185007043,1.7650288548956594,1.610475352980701,0.05497818694673125,0.05780047180768744,-9.322711171621648,-9.319120411868584,0.06887301784066074,0.03397517420470564,2.7080502011022096,2.7080502011022096,0,0,0,0,0,0,0,0,1,0,0.0
1507_2009,0.03196148733343336,0.03549515329574792,0.5076986467814194,0.6287042615950864,0.010678770185007043,0.041906788605260564,1.610475352980701,1.150071035283988,0.05780047180768744,0.06747185696929622,-9.319120411868584,-9.178046071457553,0.03397517420470564,0.1598415171316367,2.7080502011022096,2.7080502011022096,0,0,0,0,0,0,0,0,1,0,0.0
1507_2010,0.03549515329574792,0.02795605420048768,0.6287042615950864,0.6279380107609069,0.041906788605260564,0.038338132387055184,1.150071035283988,1.2045377101317585,0.06747185696929622,0.07679667259600084,-9.178046071457553,-9.311222150561797,0.1598415171316367,-0.09284252573394007,2.7080502011022096,2.7080502011022096,0,0,0,0,0,0,0,0,1,0,0.0
15097_2008,-0.2422958358854893,-0.09221442246330568,0.2348652963680728,0.059269304403318436,0.742652300956933,0.4326738991703893,0.9447535115659432,1.6749041329356626,0.09248295147662547,0.1314020488464987,-14.328644584432954,-13.902739767190525,-0.30348198834898543,0.3764874611450469,1.3056264580524355,1.682688374173693,0,0,0,0,1,0,0,0,0,0,0.0
15097_2009,-0.09221442246330568,-1.6167072929705515,0.059269304403318436,0.2407932011331445,0.4326738991703893,0.3023914618881349,1.6749041329356626,1.0759635494472664,0.1314020488464987,0.23443419914150185,-13.902739767190525,-15.041288411595554,0.3764874611450469,-1.078567116959216,1.682688374173693,0.04879016416943205,0,0,0,0,1,0,0,0,0,0,0.0
15097_2010,-1.6167072929705515,-0.6375372393247268,0.2407932011331445,0.1330685203574975,0.3023914618881349,0.4046673286991062,1.0759635494472664,1.262199089134678,0.23443419914150185,0.1915428988512114,-15.041288411595554,-14.860351050728266,-1.078567116959216,0.2712880227445619,0.04879016416943205,0.4054651081081644,0,0,0,0,1,0,0,0,0,0,0.0
15108_2008,0.02687218441110288,0.032563793785537615,0.20933007557953215,0.24290098192632506,0.012452221415076304,0.011044406761150776,2.8018943363084183,2.3287337083787443,0.08209328351197212,0.06521479318852788,-9.02799137187988,-9.155822868103789,0.0002676020715101924,-0.05773981663801689,2.7080502011022096,2.7080502011022096,0,0,0,1,0,0,0,0,0,0,0.0
15108_2009,0.032563793785537615,0.03393904958619828,0.24290098192632506,0.4231498495953833,0.011044406761150776,0.017735059369359128,2.3287337083787443,1.6016944615794797,0.06521479318852788,0.17228952163413833,-9.155822868103789,-9.237067374315485,-0.05773981663801689,0.12330650003066013,2.7080502011022096,2.7080502011022096,0,0,0,1,0,0,0,0,0,0,0.0
15108_2010,0.03393904958619828,0.03530034459348955,0.4231498495953833,0.3066222382389145,0.017735059369359128,0.0061249533426355795,1.6016944615794797,1.9174556012843145,0.17228952163413833,0.11339666570843265,-9.237067374315485,-9.061629477640723,0.12330650003066013,0.24604721187291834,2.7080502011022096,2.7080502011022096,0,0,0,1,0,0,0,0,0,0,0.0
15114_2008,-0.0244911187359883,0.01105860412369327,0.12748345355399227,0.20003803062341646,0.12609789311560807,0.3148577414611152,1.724928434132951,1.2359178663656718,0.12114741580097844,0.11100705078748654,-10.660646277550887,-10.999308805108907,0.10065328031729404,-0.3413143215752591,2.3243465847755584,1.9782390361706732,0,0,0,0,0,0,1,0,0,0,0.0
15114_2009,0.01105860412369327,0.04071600403486048,0.20003803062341646,0.25206447775621915,0.3148577414611152,0.2993732576599687,1.2359178663656718,1.0570221539071831,0.11100705078748654,0.12831147538416526,-10.999308805108907,-10.480674404480595,-0.3413143215752591,0.4469109608465031,1.9782390361706732,1.9754689512968575,0,0,0,0,0,0,1,0,0,0,0.0
15114_2010,0.04071600403486048,0.0045433862479287756,0.25206447775621915,0.3064124247705555,0.2993732576599687,0.13679610566893036,1.0570221539071831,1.120009782253362,0.12831147538416526,0.15612155767146058,-10.480674404480595,-10.79333491238508,0.4469109608465031,-0.19404186080129404,1.9754689512968575,1.8809906029559973,0,0,0,0,0,0,1,0,0,0,0.0
1513_2008,0.08570207096767779,0.054368826115220086,0.13506527077678687,0.09900945090213156,0.543094620256311,0.4396328740470681,1.4773103564217558,1.682462825618045,0.33303013062427644,0.04011055657045581,-13.502977040746375,-13.383261417017875,0.12051924171962768,0.04429323215241608,1.6486586255873816,1.7732559976634952,0,0,0,0,0,0,1,0,0,0,0.0
1513_2009,0.054368826115220086,0.05246889529598171,0.09900945090213156,0.0671013099907357,0.4396328740470681,0.5839112704226084,1.682462825618045,1.1379918189048146,0.04011055657045581,0.13568664159516505,-13.383261417017875,-13.499056422795773,0.04429323215241608,-0.032052577724960014,1.7732559976634952,1.1631820593174098,0,0,0,0,0,0,1,0,0,0,0.0
1513_2010,0.05246889529598171,0.024235563875948742,0.0671013099907357,0.08845255199036384,0.5839112704226084,0.5831773259610781,1.1379918189048146,1.2450667707988512,0.13568664159516505,0.14268010705127435,-13.499056422795773,-13.580114279017133,-0.032052577724960014,-0.0232490582314685,1.1631820593174098,1.3137236682850553,0,0,0,0,0,0,1,0,0,0,0.0
15152_2008,0.00950071665503447,0.006168209967234742,0.837723194623108,0.9111352876145632,0.021182247211928396,0.01638832666670682,1.7761026478537223,1.0787684328662162,0.019119270582726125,0.10744809166590108,-11.848489565941598,-12.370433927802566,-0.007802097246199929,-0.5455616683613287,2.7080502011022096,2.2257040486580877,0,0,0,0,0,1,0,0,0,0,0.0
15152_2009,0.006168209967234742,0.0024215256461802767,0.9111352876145632,0.9652796387953588,0.01638832666670682,0.02136207465722168,1.0787684328662162,0.43151867040820624,0.10744809166590108,0.233133066420625,-12.370433927802566,-12.820616922361582,-0.5455616683613287,-0.4904988975781503,2.2257040486580877,1.2781522025001877,0,0,0,0,0,1,0,0,0,0,0.0
15152_2010,0.0024215256461802767,-0.009002221735202844,0.9652796387953588,0.9745908659706176,0.02136207465722168,0.00960830572501001,0.43151867040820624,0.3799034634197268,0.233133066420625,0.10591200529805156,-12.820616922361582,-13.244772238460662,-0.4904988975781503,-0.5001452158455278,1.2781522025001877,1.0885619528146082,0,0,0,0,0,1,0,0,0,0,0.0
15171_2008,0.09532597616570657,0.04562501381096594,0.2437738001357849,0.3444972654027264,0.007058130806654027,0.003293933444389977,2.212049502475225,2.9173154628626583,0.22960616542136345,0.09375080755861467,-8.305165120336296,-7.727509716361361,-0.46306100732133904,0.40125201058446897,2.7080502011022096,2.7080502011022096,1,0,0,0,0,0,0,0,0,0,0.0
15171_2009,0.04562501381096594,0.08195703029686037,0.3444972654027264,0.6404769314587186,0.003293933444389977,0.0028710588425393396,2.9173154628626583,1.221036517093126,0.09375080755861467,0.25718728349542896,-7.727509716361361,-8.259116967871455,0.40125201058446897,-1.1197924861324633,2.7080502011022096,2.414126467726953,1,0,0,0,0,0,0,0,0,0,0.0
15171_2010,0.08195703029686037,-0.001176855125021444,0.6404769314587186,0.4496045297993551,0.0028710588425393396,0.0012953459147352355,1.221036517093126,1.7620532096316293,0.25718728349542896,0.16234306196981355,-8.259116967871455,-8.033114556834972,-1.1197924861324633,0.2152589145017647,2.414126467726953,2.7080502011022096,1,0,0,0,0,0,0,0,0,0,0.0
15190_2008,0.023241202741404315,0.02367614266478904,0.1822515536893249,0.1891554192594541,0.2720369953454766,0.311183230946692,2.2084594868314307,2.0767276426505394,0.09336935574557027,0.07137397942903065,-9.922049779215342,-9.895199607772064,0.17982702929906313,-0.021952255132867568,2.7080502011022096,2.7080502011022096,0,1,0,0,0,0,0,0,0,0,0.0
15190_2009,0.02367614266478904,0.03644797259322054,0.1891554192594541,0.18895058158937614,0.311183230946692,0.2662691885195436,2.0767276426505394,1.9224768949948583,0.07137397942903065,0.12276096917859733,-9.895199607772064,-9.399135271105743,-0.021952255132867568,0.5818279222533245,2.7080502011022096,2.7080502011022096,0,1,0,0,0,0,0,0,0,0,0.0
15190_2010,0.03644797259322054,0.02556998111865753,0.18895058158937614,0.21448505682225555,0.2662691885195436,0.3386226663122885,1.9224768949948583,1.7111158211768909,0.12276096917859733,0.13638518117792872,-9.399135271105743,-9.748543898070123,0.5818279222533245,-0.07931616826391774,2.7080502011022096,2.7080502011022096,0,1,0,0,0,0,0,0,0,0,0.0
15192_2008,0.027505232188713563,0.016219290885303612,0.4832825626338744,0.4703249710814583,0.03331680806048516,0.07966712532061586,2.3390850521809434,3.413783040812357,0.049400667018332366,0.05870129222617241,-9.14625974037565,-8.544161132359624,0.13371344213154218,0.51752911385554,2.7080502011022096,2.7080502011022096,0,1,0,0,0,0,0,0,0,0,0.0
15192_2009,0.016219290885303612,0.049924799572503495,0.4703249710814583,0.5217630103194856,0.07966712532061586,0.06798664410869833,3.413783040812357,2.3090389087488683,0.05870129222617241,0.12574964929338414,-8.544161132359624,-8.29768970585994,0.51752911385554,0.11514068601410606,2.7080502011022096,2.7080502011022096,0,1,0,0,0,0,0,0,0,0,0.0
15192_2010,0.049924799572503495,0.04330880590827802,0.5217630103194856,0.44256051923419376,0.06798664410869833,0.05647087723729523,2.3090389087488683,2.6958870732433806,0.12574964929338414,0.08022448640447387,-8.29768970585994,-8.185436261943503,0.11514068601410606,0.08162359447810819,2.7080502011022096,2.7080502011022096,0,1,0,0,0,0,0,0,0,0,0.0
15199_2008,0.02707126690944596,0.04155835716948315,0.1202717716127712,0.179394257151651,0.09278500392168124,0.15527991902860114,2.379678170785823,1.5392945043632442,0.08309170557930874,0.06197612091210668,-9.602066158428332,-9.416970313767509,0.06296886354745537,0.026361955514905992,2.7080502011022096,2.7080502011022096,0,0,0,0,0,0,1,0,0,0,0.0
15199_2009,0.04155835716948315,0.047524612532011325,0.179394257151651,0.19856413206612605,0.15527991902860114,0.07871918745323447,1.5392945043632442,1.3536771403420282,0.06197612091210668,0.1913831140295653,-9.416970313767509,-9.266163734152602,0.026361955514905992,0.5680772101399645,2.7080502011022096,2.7080502011022096,0,0,0,0,0,0,1,0,0,0,0.0
15199_2010,0.047524612532011325,0.016267182198135388,0.19856413206612605,0.2804552909276552,0.07871918745323447,0.04682823123076416,1.3536771403420282,1.688972639855285,0.1913831140295653,0.0986063769473961,-9.266163734152602,-9.059702576394397,0.5680772101399645,0.06385228436810941,2.7080502011022096,2.7080502011022096,0,0,0,0,0,0,1,0,0,0,0.0
1519_2008,0.03079992518236798,-0.16589887175526194,0.2273119984323925,0.4262319200389874,0.043207182492674114,0.2656294539001223,1.2016427844226358,0.5351722742012812,0.06528639548864472,0.1767108702979994,-11.912834159963847,-12.807238119311654,-0.10503104962514707,-0.9177548100900766,1.1474024528375415,0.26236426446749106,0,0,1,0,0,0,0,0,0,0,0.0
1519_2009,-0.16589887175526194,-0.12100278831420032,0.4262319200389874,0.6592479087643498,0.2656294539001223,0.6416388253912432,0.5351722742012812,0.25987834666411225,0.1767108702979994,0.13066152707390838,-12.807238119311654,-12.976098062218403,-0.9177548100900766,-0.1625938958037148,0.26236426446749106,-0.4004775665971253,0,0,1,0,0,0,0,0,0,0,0.0
1519_2010,-0.12100278831420032,0.13037802136517251,0.6592479087643498,0.3216413688367146,0.6416388253912432,0.17343791229240627,0.25987834666411225,1.467546248991363,0.13066152707390838,0.2271076605200979,-12.976098062218403,-11.943841663013439,-0.1625938958037148,1.223574351566628,-0.4004775665971253,0.8663438990213415,0,0,1,0,0,0,0,0,0,0,0.0
15217_2008,0.022268542122784396,-0.1106713447058078,0.3841510961821072,0.5729445721495359,0.2562756800527847,0.32031893626459723,1.3044824760343807,0.7342309280923784,0.1008114403223762,0.16661354929535432,-13.664429552892804,-13.78083364824102,0.011228756490714741,-0.4398367385796644,1.4109869737102618,1.269788634357066,0,1,0,0,0,0,0,0,0,0,0.0
15217_2009,-0.1106713447058078,0.09076619432002177,0.5729445721495359,0.7518939170103885,0.32031893626459723,0.8080318627161311,0.7342309280923784,0.20126879974075604,0.16661354929535432,0.2599420599227217,-13.78083364824102,-14.746731230989287,-0.4398367385796644,-0.9347386036484496,1.269788634357066,-0.21072103131565253,0,1,0,0,0,0,0,0,0,0,0.0
15217_2010,0.09076619432002177,0.02976654523806149,0.7518939170103885,0.3316843612241137,0.8080318627161311,0.4996527236388893,0.20126879974075604,0.8204977385802217,0.2599420599227217,0.2788977064032862,-14.746731230989287,-14.093735727928019,-0.9347386036484496,0.5117620122095623,-0.21072103131565253,0.7030975114131134,0,1,0,0,0,0,0,0,0,0,0.0
15243_2008,0.02263247801851515,0.015510620733616587,0.6588584698396628,0.8050947159880749,0.01613832069731136,0.015594115652410943,1.1239388442982938,0.5589274824972845,0.06384926750288197,0.0690015532401153,-10.240975578561036,-10.980323103483617,-0.16147448068118084,-0.755674925622886,2.7080502011022096,2.61958321977988,0,0,1,0,0,0,0,0,0,0,0.0
15243_2009,0.015510620733616587,-0.2653555735900891,0.8050947159880749,0.929863349012872,0.015594115652410943,0.011423738873962249,0.5589274824972845,0.2900342920048822,0.0690015532401153,0.20048239671802248,-10.980323103483617,-11.877031092250213,-0.755674925622886,-1.1219911272925192,2.61958321977988,1.181727195378616,0,0,1,0,0,0,0,0,0,0,0.0
15243_2010,-0.2653555735900891,0.011437011574240716,0.929863349012872,0.7349657852006496,0.011423738873962249,0.015967572928914806,0.2900342920048822,0.7127091684026787,0.20048239671802248,0.3378140832082602,-11.877031092250213,-10.911532620769913,-1.1219911272925192,0.6914592782424218,1.181727195378616,2.1065702090680887,0,0,1,0,0,0,0,0,0,0,0.0
15267_2008,0.06790764259223601,0.05087394406279855,0.0685857562641797,0.043442040346065115,0.039753367545981966,0.044451197701971694,2.588224209707193,3.3475423963063937,0.07327697277382658,0.22220612577971507,-10.954415786973785,-10.339272699331003,-0.16602844733590116,0.15517930152734147,2.7080502011022096,2.7080502011022096,0,1,0,0,0,0,0,0,0,0,0.0
15267_2009,0.05087394406279855,0.07806392961111816,0.043442040346065115,0.048015307628303465,0.044451197701971694,0.10708727052890243,3.3475423963063937,2.4656400443511903,0.22220612577971507,0.2301245461971548,-10.339272699331003,-10.127387771630756,0.15517930152734147,0.2206932808064324,2.7080502011022096,2.7080502011022096,0,1,0,0,0,0,0,0,0,0,0.0
15267_2010,0.07806392961111816,0.0040629556732849495,0.048015307628303465,0.026967430462929574,0.10708727052890243,0.0838203516864659,2.4656400443511903,3.1456890159802,0.2301245461971548,0.14162505495497008,-10.127387771630756,-10.013895318984783,0.2206932808064324,0.2366024647566719,2.7080502011022096,2.7080502011022096,0,1,0,0,0,0,0,0,0,0,0.0
15285_2008,0.06099080582360366,-0.007989192029918329,0.40922258160468,0.5508826597373918,0.05439865370031433,0.06547952404587548,2.4469810233852893,1.8887694517836868,0.11449706052675734,0.1679242910198441,-13.266266460587651,-13.541690661357881,-0.3463753055862033,-0.5239190524597005,1.3660916538023706,0.9399681952285116,0,0,0,0,0,0,1,0,0,0,0.0
15285_2009,-0.007989192029918329,-0.10085267098774596,0.5508826597373918,0.8037702241353718,0.06547952404587548,0.06415648244355385,1.8887694517836868,0.8587482542466465,0.1679242910198441,0.1528683996155677,-13.541690661357881,-14.31618103540056,-0.5239190524597005,-0.9235295191137296,0.9399681952285116,-0.3285040669720361,0,0,0,0,0,0,1,0,0,0,0.0
15285_2010,-0.10085267098774596,-0.033714795814767835,0.8037702241353718,0.7138341768417665,0.06415648244355385,0.048196833107929486,0.8587482542466465,1.4665729438075172,0.1528683996155677,0.14296109718122665,-14.31618103540056,-14.100024402117775,-0.9235295191137296,-0.10190768930229294,-0.3285040669720361,0.12221763272424913,0,0,0,0,0,0,1,0,0,0,0.0
15293_2008,0.027664782495065408,-0.002748221691797762,0.13140871608519847,0.3561156272302377,0.07428302863119131,0.06901372310363038,3.7829831799151137,1.7665835667824767,0.2032234735867359,0.17232011177450104,-8.626463562900495,-9.961894889013234,0.078923160592693,-1.0427365860309474,2.7080502011022096,1.9006138741401368,0,0,1,0,0,0,0,0,0,0,0.0
15293_2009,-0.002748221691797762,-0.043020833695803284,0.3561156272302377,0.5735409693780413,0.06901372310363038,0.1345985564499519,1.7665835667824767,0.9192243118362168,0.17232011177450104,0.2933794280240604,-9.961894889013234,-10.316029284951263,-1.0427365860309474,-0.3918938958339456,1.9006138741401368,1.0473189942805592,0,0,1,0,0,0,0,0,0,0,0.0
15293_2010,-0.043020833695803284,-0.07395389857412266,0.5735409693780413,0.4584398641710409,0.1345985564499519,0.11152635776917773,0.9192243118362168,1.6240027459993291,0.2933794280240604,0.30177696985050634,-10.316029284951263,-10.093410199085321,-0.3918938958339456,0.16171586622057316,1.0473189942805592,1.4951487660319729,0,0,1,0,0,0,0,0,0,0,0.0
15306_2008,-0.023798248221854054,-0.19925135604305036,0.07392943986224007,0.0805819209213484,0.4651887750350948,0.2500317762459697,1.84264112644528,3.1551337892663414,0.2210653015703083,0.14389054715974572,-11.133831492551034,-11.027673262175524,-0.9971409833020874,0.09851327391621746,1.7681496035889213,1.8733394562204781,0,0,0,0,1,0,0,0,0,0,0.0
15306_2009,-0.19925135604305036,-0.8141611191402218,0.0805819209213484,0.3644069215273785,0.2500317762459697,0.6299348805026533,3.1551337892663414,0.9267313972731134,0.14389054715974572,0.28484445926064106,-11.027673262175524,-12.750342546364706,0.09851327391621746,-1.7770193497488544,1.8733394562204781,-0.35667494393873245,0,0,0,0,1,0,0,0,0,0,0.0
15306_2010,-0.8141611191402218,-0.2681303201121626,0.3644069215273785,0.14490257987250615,0.6299348805026533,0.22142554009345397,0.9267313972731134,4.170931389443428,0.28484445926064106,0.26404867880590704,-12.750342546364706,-11.767420087029114,-1.7770193497488544,0.4533140275931111,-0.35667494393873245,0.688134638736401,0,0,0,0,1,0,0,0,0,0,0.0
15307_2008,0.01133071469440928,0.010568775139027832,0.7773418678099863,0.8273474881026953,0.060481798406676376,0.09246636786309036,1.8700152196377209,1.554689061257957,0.058613614065088936,0.05009692100937208,-9.87677507293328,-10.186291041060711,-0.11265067164625993,-0.21441231828192214,2.7080502011022096,2.7080502011022096,0,0,0,0,0,1,0,0,0,0,0.0
15307_2009,0.010568775139027832,0.005688593501328366,0.8273474881026953,0.8256844947249271,0.09246636786309036,0.035476273521026405,1.554689061257957,1.567668046758587,0.05009692100937208,0.12177426590169305,-10.186291041060711,-9.730917975360576,-0.21441231828192214,0.3503805924690269,2.7080502011022096,2.7080502011022096,0,0,0,0,0,1,0,0,0,0,0.0
15307_2010,0.005688593501328366,-0.0012969867161058619,0.8256844947249271,0.911898244498026,0.035476273521026405,0.1249131605552224,1.567668046758587,0.8907814560689286,0.12177426590169305,0.2123515567681586,-9.730917975360576,-10.647933986455131,0.3503805924690269,-0.4429710063120671,2.7080502011022096,2.627562950189524,0,0,0,0,0,1,0,0,0,0,0.0
15314_2008,-0.10207925687540198,-0.10636317031648998,0.015731668176427654,0.02779080902267276,0.2669736582851181,0.17123660334287705,2.94212691495911,3.874404808367808,0.1571271861305689,0.1723443212786821,-11.36640482874522,-12.135392514195216,-0.6303847739540476,-0.9485264687568304,0.20701416938432607,-0.6539264674066639,0,0,0,0,1,0,0,0,0,0,0.0
15314_2009,-0.10636317031648998,-0.3868695331355397,0.02779080902267276,0.05539884090944028,0.17123660334287705,0.4316228805091389,3.874404808367808,1.8967849676536617,0.1723443212786821,0.2142507278042836,-12.135392514195216,-11.641089467245026,-0.9485264687568304,0.2378836707934105,-0.6539264674066639,-0.6931471805599453,0,0,0,0,1,0,0,0,0,0,0.0
15314_2010,-0.3868695331355397,-0.22882579334215386,0.05539884090944028,0.02858528661341844,0.4316228805091389,0.2439507391707397,1.8967849676536617,3.0322122891715213,0.2142507278042836,0.27748815754256245,-11.641089467245026,-12.131217261783755,0.2378836707934105,-1.1672747669210857,-0.6931471805599453,-1.1792801917355644,0,0,0,0,1,0,0,0,0,0,0.0
15321_2008,0.00019306285260131423,0.014478312497659832,0.35240849477849345,0.2738894560869029,0.2776039400915909,0.30049301427717817,2.2735358286522938,3.5176076100582647,0.5773081797874088,0.12792322944774107,-8.595027244259946,-8.377056813156816,1.8304679481298491,0.1772086905625152,2.7080502011022096,2.7080502011022096,0,0,0,0,0,0,1,0,0,0,0.0
15321_2009,0.014478312497659832,0.020523766045108697,0.2738894560869029,0.541217103546447,0.30049301427717817,0.48479547972680503,3.5176076100582647,0.8817740196765156,0.12792322944774107,0.18612984475512154,-8.377056813156816,-9.468438670770672,0.1772086905625152,-0.9783273726865548,2.7080502011022096,1.9021075263969205,0,0,0,0,0,0,1,0,0,0,0.0
15321_2010,0.020523766045108697,-0.27307934536778805,0.541217103546447,0.4927024199930954,0.48479547972680503,0.4963769717999764,0.8817740196765156,2.0833171157973753,0.18612984475512154,0.22141126015517032,-9.468438670770672,-9.205370292427352,-0.9783273726865548,0.2555667987687863,1.9021075263969205,2.3832429960115,0,0,0,0,0,0,1,0,0,0,0.0
15323_2008,0.08682316879782281,0.15891206413726572,0.23228241031766986,0.2264472562774536,0.035206332505939575,0.1725993013084077,2.0042301410939465,1.7175036775577268,0.09165732398336042,0.07620860071475524,-10.357382612851877,-10.34687966684279,-0.2078502678543008,-0.049958428154532115,2.7080502011022096,2.7080502011022096,0,1,0,0,0,0,0,0,0,0,0.0
15323_2009,0.15891206413726572,0.1335222773308882,0.2264472562774536,0.3039219772433627,0.1725993013084077,0.2445102043651621,1.7175036775577268,1.1127768449668185,0.07620860071475524,0.14389660272632204,-10.34687966684279,-10.352741823320429,-0.049958428154532115,-0.1630204259871914,2.7080502011022096,2.6844403354630764,0,1,0,0,0,0,0,0,0,0,0.0
15323_2010,0.1335222773308882,0.05989248084158881,0.3039219772433627,0.3735986872275417,0.2445102043651621,0.04962677702206187,1.1127768449668185,0.9510615166248906,0.14389660272632204,0.105244392582265,-10.352741823320429,-10.68699524043929,-0.1630204259871914,-0.4266387739245397,2.6844403354630764,2.5847519847577165,0,1,0,0,0,0,0,0,0,0,0.0
15339_2008,0.031589842269453924,0.03410389846455099,0.4986293939570639,0.4555176879512873,0.0050830563573282025,0.02664919996569028,3.3352661006419546,3.0339373888342887,0.04324621959068111,0.0521242578158732,-8.950346621176292,-8.789432764274979,0.043443601794951416,0.08659691828726512,2.7080502011022096,2.7080502011022096,1,0,0,0,0,0,0,0,0,0,0.0
15339_2009,0.03410389846455099,0.0380752335513079,0.4555176879512873,0.4741074845269375,0.02664919996569028,0.04715211560139253,3.0339373888342887,2.780181248080908,0.0521242578158732,0.06822312515700256,-8.789432764274979,-8.370755663366714,0.08659691828726512,0.4296620596496269,2.7080502011022096,2.7080502011022096,1,0,0,0,0,0,0,0,0,0,0.0
15339_2010,0.0380752335513079,0.042571847085751714,0.4741074845269375,0.4082265422937437,0.04715211560139253,0.08165481581251327,2.780181248080908,2.6418069505502673,0.06822312515700256,0.06779368560331726,-8.370755663366714,-8.407421732608677,0.4296620596496269,-0.0634811855045784,2.7080502011022096,2.7080502011022096,1,0,0,0,0,0,0,0,0,0,0.0
15370_2008,0.0,0.0,0.0,0.0,0.0,0.0,0.0,0.0,0.0,0.0,0.0,0.0,0.0,0.0,0.0,0.0,0,0,0,0,0,1,0,0,0,0,0.0
15370_2009,0.0,0.0,0.0,0.0,0.0,0.0,0.0,0.0,0.0,0.0,0.0,0.0,0.0,0.0,0.0,0.0,0,0,0,0,0,1,0,0,0,0,0.0
15370_2010,0.0,0.024433226520437192,0.0,0.5625454103094669,0.0,0.2526864127685342,0.0,2.6502364123528026,0.0,0.09792615382279264,0.0,-6.768207135796755,0.0,0.24806674713569765,0.0,2.7080502011022096,0,0,0,0,0,1,0,0,0,0,0.0
15374_2008,0.12513733140306102,-0.09370790110067928,0.3147583354636504,0.21795121801760284,0.28412961623761857,0.06824230582523498,1.827907439218819,3.568083895298625,0.15465652625902132,0.22737181557674685,-10.718820218581124,-9.687460455612992,-0.4953121429628152,1.3047875752304328,1.7101878155342434,2.7080502011022096,0,0,0,0,0,0,1,0,0,0,0.0
15374_2009,-0.09370790110067928,-0.17589912274500089,0.21795121801760284,0.1643610452401841,0.06824230582523498,0.04951105656290156,3.568083895298625,1.4399982336429318,0.22737181557674685,0.2831281157413401,-9.687460455612992,-11.25412811336584,1.3047875752304328,-1.9326341586810016,2.7080502011022096,0.26236426446749106,0,0,0,0,0,0,1,0,0,0,0.0
15374_2010,-0.17589912274500089,-0.8349538154914616,0.1643610452401841,0.3552645062556032,0.04951105656290156,0.10369654019644599,1.4399982336429318,0.8439099274888961,0.2831281157413401,0.273776587245921,-11.25412811336584,-11.639611328258102,-1.9326341586810016,-0.506669102985842,0.26236426446749106,0.06765864847381486,0,0,0,0,0,0,1,0,0,0,0.0
15376_2008,0.0,0.0,0.0,0.0,0.0,0.0,0.0,0.0,0.0,0.0,0.0,0.0,0.0,0.0,0.0,0.0,0,0,0,0,0,0,1,0,0,0,0.0
15376_2009,0.0,-0.12518596915129024,0.0,0.6246779668151341,0.0,0.20043281260045992,0.0,1.2403039002551417,0.0,0.1902206629603379,0.0,-9.50477970670836,0.0,-0.4028059916863204,0.0,2.4518667957097997,0,0,0,0,0,0,1,0,0,0,0.0
15376_2010,-0.12518596915129024,0.0,0.6246779668151341,0.0,0.20043281260045992,0.0,1.2403039002551417,0.0,0.1902206629603379,0.0,-9.50477970670836,0.0,-0.4028059916863204,0.0,2.4518667957097997,0.0,0,0,0,0,0,0,1,0,0,0,0.0
15385_2008,0.006635366261679774,0.005917044698305942,0.8780068558432776,0.9174703517019794,0.032387089702591736,0.028872771035716945,1.4940142794585078,1.0444184396908336,0.05301752249974339,0.06545725962257921,-9.237331669802336,-9.715786041618477,-0.21682646034685893,-0.3405947751090864,2.7080502011022096,2.7080502011022096,0,0,0,0,0,1,0,0,0,0,0.0
15385_2009,0.005917044698305942,0.002032451871747009,0.9174703517019794,0.9515217869307332,0.028872771035716945,0.0564373434064431,1.0444184396908336,0.6471769033723803,0.06545725962257921,0.1512415176395492,-9.715786041618477,-9.684549694730867,-0.3405947751090864,-0.1945993064249588,2.7080502011022096,2.7080502011022096,0,0,0,0,0,1,0,0,0,0,0.0
15385_2010,0.002032451871747009,0.006180600253867379,0.9515217869307332,0.9369553652121164,0.0564373434064431,0.10017319366694227,0.6471769033723803,0.8841788974263934,0.1512415176395492,0.22834798488328575,-9.684549694730867,-9.496993879234733,-0.1945993064249588,0.5374805559611798,2.7080502011022096,2.7080502011022096,0,0,0,0,0,1,0,0,0,0,0.0
15388_2008,0.008775490856230235,0.010307717109344848,0.1697972399744271,0.18378024533343754,0.2327571328210651,0.23739502982398716,2.414284532724253,1.8448412549438755,0.17476969566449366,0.21614084937093325,-12.8285713352227,-12.86120050109273,0.06154215020066831,-0.12302783671221115,1.3297240096314962,1.0508216248317612,0,1,0,0,0,0,0,0,0,0,0.0
15388_2009,0.010307717109344848,0.007609339570608544,0.18378024533343754,0.4748942863563009,0.23739502982398716,0.3847568075500991,1.8448412549438755,0.6299626514527703,0.21614084937093325,0.154205735057368,-12.86120050109273,-13.545844626782811,-0.12302783671221115,-0.63941470059386,1.0508216248317612,-0.13937701646864198,0,1,0,0,0,0,0,0,0,0,0.0
15388_2010,0.007609339570608544,0.0010030436104554758,0.4748942863563009,0.22919546498907625,0.3847568075500991,0.23464951462092784,0.6299626514527703,1.3998038410942093,0.154205735057368,0.3061892483298003,-13.545844626782811,-12.853103836254625,-0.63941470059386,0.6577549597997278,-0.13937701646864198,0.7561219797213337,0,1,0,0,0,0,0,0,0,0,0.0
15389_2008,-0.2726667998171107,-0.6692114708247807,0.1553733631986478,0.16269141048571348,0.3380810820179225,0.05857851080941578,2.7921660170541696,3.9595943923359154,0.19546386944420152,0.12974932697907351,-12.092135164131909,-12.719052981742976,-0.3567239790460753,-0.3102615743714541,1.7698546338400052,1.1346227261911428,0,0,0,0,0,0,1,0,0,0,0.0
15389_2009,-0.6692114708247807,0.0,0.16269141048571348,0.0,0.05857851080941578,0.0,3.9595943923359154,0.0,0.12974932697907351,0.0,-12.719052981742976,0.0,-0.3102615743714541,0.0,1.1346227261911428,0.0,0,0,0,0,0,0,1,0,0,0,0.0
15389_2010,0.0,0.0,0.0,0.0,0.0,0.0,0.0,0.0,0.0,0.0,0.0,0.0,0.0,0.0,0.0,0.0,0,0,0,0,0,0,1,0,0,0,0.0
153_2008,0.011657590841447754,-0.025720313697163183,0.21922181571527585,0.3008648743450089,0.13545259168301446,0.15061172135856166,2.5438517176900057,2.600941399531084,0.0659896047278745,0.1268041833185037,-10.437167943108994,-10.774969950049588,0.021779377330652383,-0.3772258245475574,2.7080502011022096,2.7080502011022096,0,0,0,1,0,0,0,0,0,0,0.0
153_2009,-0.025720313697163183,0.009274130547801422,0.3008648743450089,0.3117725376327413,0.15061172135856166,0.15474003901707206,2.600941399531084,2.517653146181022,0.1268041833185037,0.13377018668098714,-10.774969950049588,-10.164565435873708,-0.3772258245475574,0.378164166720842,2.7080502011022096,2.7080502011022096,0,0,0,1,0,0,0,0,0,0,0.0
153_2010,0.009274130547801422,-0.011766781045324842,0.3117725376327413,0.3010509486463365,0.15474003901707206,0.07160033059205062,2.517653146181022,1.8390022766160148,0.13377018668098714,0.13857486485765202,-10.164565435873708,-10.764772713836763,0.378164166720842,-0.280400932374875,2.7080502011022096,2.7080502011022096,0,0,0,1,0,0,0,0,0,0,0.0
15401_2008,-0.2964148424136054,-0.4622139401137965,0.4439598974958414,0.6071084453074616,0.11749523903887728,0.06139960715764264,254.7808,117.3947,0.11562354636861245,0.43895832432490856,-10.755451100130117,-11.604700578513707,-0.2485127731028378,0.09550971867480347,0.5596157879354227,0.6312717768418578,0,0,0,0,1,0,0,0,0,0,0.0
15401_2009,-0.4622139401137965,-0.8412621198166156,0.6071084453074616,0.8780473900075094,0.06139960715764264,0.08089301477065047,117.3947,26.0977,0.43895832432490856,0.5155724031220433,-11.604700578513707,-12.614414200803212,0.09550971867480347,-2.0527252311539192,0.6312717768418578,-1.9661128563728327,0,0,0,0,1,0,0,0,0,0,0.0
15401_2010,-0.8412621198166156,-0.12541072851676555,0.8780473900075094,0.11534447820749492,0.08089301477065047,0.04970810897790684,26.0977,13.156366047900937,0.5155724031220433,0.6942284748124101,-12.614414200803212,-9.599195343383077,-2.0527252311539192,2.305335992164036,-1.9661128563728327,0.131028262406404,0,0,0,0,1,0,0,0,0,0,0.0
15412_2008,0.041378552746916215,0.045077140941761164,0.08694144341061473,0.1106095862551968,0.07395852822993289,0.09488392225485838,4.002215199390158,3.4535677004257126,0.2067208428614773,0.07285860287339427,-7.797519838526235,-7.569026075942094,-0.5011284077297113,0.21068873195940316,2.7080502011022096,2.7080502011022096,0,0,0,0,0,0,1,0,0,0,0.0
15412_2009,0.045077140941761164,0.04717337051070224,0.1106095862551968,0.18679565210952656,0.09488392225485838,0.2179004941233383,3.4535677004257126,1.704552169137867,0.07285860287339427,0.1800018727285525,-7.569026075942094,-7.945476719196793,0.21068873195940316,-0.2456142927442037,2.7080502011022096,2.7080502011022096,0,0,0,0,0,0,1,0,0,0,0.0
15412_2010,0.04717337051070224,0.01876146055126871,0.18679565210952656,0.1732866689767204,0.2179004941233383,0.09240908192519846,1.704552169137867,2.4134565603189038,0.1800018727285525,0.1902226453572889,-7.945476719196793,-8.10417334160889,-0.2456142927442037,0.2822461841473778,2.7080502011022096,2.7080502011022096,0,0,0,0,0,0,1,0,0,0,0.0
15423_2008,0.0373069507441534,0.05697205249098952,0.08868295179941965,0.17603261959387467,0.018022799838980925,0.045040952718515805,2.23788517981083,1.7951503055765554,0.13615018550428076,0.10166641742852656,-10.103809972949843,-10.259312676796766,0.16990513624463738,-0.1516028014485667,2.7080502011022096,2.7080502011022096,0,0,0,0,0,0,0,0,0,0,0.0
15423_2009,0.05697205249098952,0.09589449820928868,0.17603261959387467,0.3194599879528861,0.045040952718515805,0.04572682657013116,1.7951503055765554,0.8258883110928669,0.10166641742852656,0.23955510130245716,-10.259312676796766,-10.548568305353713,-0.1516028014485667,-0.13154786743996932,2.7080502011022096,2.6679224100114314,0,0,0,0,0,0,0,0,0,0,0.0
15423_2010,0.09589449820928868,0.05770454408029153,0.3194599879528861,0.16539435968869945,0.04572682657013116,0.024272854510989768,0.8258883110928669,1.0881940086062516,0.23955510130245716,0.2118253384356572,-10.548568305353713,-10.40405687759424,-0.13154786743996932,0.21635112679697527,2.6679224100114314,2.7080502011022096,0,0,0,0,0,0,0,0,0,0,0.0
1543_2008,0.0493480282867792,0.036858959715985566,0.21825580915169251,0.1991404825208088,0.0069525100134570535,0.005877363333434299,2.0351407756332494,2.586876951260655,0.09399515921566057,0.06904724755828606,-6.798651879966125,-6.321027635157853,-0.17413558433593185,0.5129896570952611,2.7080502011022096,2.7080502011022096,0,0,0,0,0,0,0,0,0,0,0.0
1543_2009,0.036858959715985566,0.08702234230537544,0.1991404825208088,0.5213014333105285,0.005877363333434299,0.015323071417167175,2.586876951260655,0.908044670325257,0.06904724755828606,0.23494173637266405,-6.321027635157853,-6.9614345870284495,0.5129896570952611,-1.3213305180683126,2.7080502011022096,2.381396273418336,0,0,0,0,0,0,0,0,0,0,0.0
1543_2010,0.08702234230537544,0.01146424072034099,0.5213014333105285,0.4096362869046161,0.015323071417167175,0.011407905718101664,0.908044670325257,1.2997124544459857,0.23494173637266405,0.14794881043990227,-6.9614345870284495,-6.6225963950242654,-1.3213305180683126,0.1880443679458319,2.381396273418336,2.7080502011022096,0,0,0,0,0,0,0,0,0,0,0.0
15450_2008,0.009230978971163858,0.010451455661166887,0.8766585451859197,0.8955916960282501,0.06135253441713792,0.06403525226475533,1.5588174882596946,1.2750079994361347,0.025426595950536632,0.03136259449604571,-12.122628033335907,-12.222041828185274,-0.0917790717974856,-0.1717514156646774,2.7080502011022096,2.7080502011022096,0,0,0,0,0,1,0,0,0,0,0.0
15450_2009,0.010451455661166887,0.006540006825628625,0.8955916960282501,0.9529295275815451,0.06403525226475533,0.021787816692323804,1.2750079994361347,0.6404591790977849,0.03136259449604571,0.08754971817538197,-12.222041828185274,-12.40628372523514,-0.1717514156646774,-0.3408926148810881,2.7080502011022096,2.079441541679836,0,0,0,0,0,1,0,0,0,0,0.0
15450_2010,0.006540006825628625,0.0040771224396436885,0.9529295275815451,0.9745426801939114,0.021787816692323804,0.03108182537781948,0.6404591790977849,0.4067879635976405,0.08754971817538197,0.11169360112546843,-12.40628372523514,-13.042047783867915,-0.3408926148810881,-0.6476918772587641,2.079441541679836,1.663907158144878,0,0,0,0,0,1,0,0,0,0,0.0
15454_2008,0.004811736475470663,-0.002527408952726203,0.9396054706248358,0.9729321492211368,0.017738711384186392,0.02191832188756965,1.1435639928557342,0.6310587124088214,0.03905716885656202,0.12906700591498185,-9.509665984221842,-10.329776226317591,-0.1276835838533966,-0.7501911068755508,2.6973262377392344,1.9416152247724323,0,0,0,0,0,1,0,0,0,0,0.0
15454_2009,-0.002527408952726203,-0.01997043059156684,0.9729321492211368,0.9956945600131428,0.02191832188756965,0.036756912928931317,0.6310587124088214,0.1377610949685943,0.12906700591498185,0.3554219621932558,-10.329776226317591,-11.79238449678352,-0.7501911068755508,-2.0264192356296182,1.9416152247724323,-0.342490308946776,0,0,0,0,0,1,0,0,0,0,0.0
15454_2010,-0.01997043059156684,-0.03625950709882652,0.9956945600131428,0.9794666902070668,0.036756912928931317,0.07902608446498863,0.1377610949685943,0.4976556294512307,0.3554219621932558,0.3137731130067203,-11.79238449678352,-10.47153693619048,-2.0264192356296182,-0.2966960148613774,-0.342490308946776,-0.5108256237659907,0,0,0,0,0,1,0,0,0,0,0.0
15468_2008,0.0,0.03048672635193425,0.0,0.34449016914844866,0.0,0.2850474912763559,0.0,2.4684001289615534,0.0,0.2814896148728423,0.0,-9.56249943045859,0.0,-0.2894418770330812,0.0,2.7080502011022096,0,0,0,0,0,1,0,0,0,0,0.0
15468_2009,0.03048672635193425,-0.008266576644376319,0.34449016914844866,0.5945882699037275,0.2850474912763559,0.5280549323055128,2.4684001289615534,1.2636052041090549,0.2814896148728423,0.188944752022744,-9.56249943045859,-10.04484341452,-0.2894418770330812,-0.4803854615086798,2.7080502011022096,2.413231613081109,0,0,0,0,0,1,0,0,0,0,0.0
15468_2010,-0.008266576644376319,0.046497598197065934,0.5945882699037275,0.5296233021826494,0.5280549323055128,0.5355235893847825,1.2636052041090549,1.251815463827717,0.188944752022744,0.1525845327027144,-10.04484341452,-10.090194163682037,-0.4803854615086798,0.01854832374491594,2.413231613081109,2.6108048166633746,0,0,0,0,0,1,0,0,0,0,0.0
15471_2008,-0.0063154769044435795,-0.011407175081788052,0.10162953566068593,0.0908248483603196,0.1939801291034144,0.18179649235139095,3.6354925686257946,3.7570541338815633,0.2757858632185708,0.12630662277261062,-8.775994673278074,-8.671815370375853,-0.5398207192854934,0.1020691389571514,2.7080502011022096,2.7080502011022096,0,0,0,0,0,0,1,0,0,0,0.0
15471_2009,-0.011407175081788052,-0.10715257654466454,0.0908248483603196,0.09620449858918664,0.18179649235139095,0.18915104431690952,3.7570541338815633,4.538199061857597,0.12630662277261062,0.21932999029511566,-8.671815370375853,-8.466189569827637,0.1020691389571514,0.219420331245743,2.7080502011022096,2.7080502011022096,0,0,0,0,0,0,1,0,0,0,0.0
15471_2010,-0.10715257654466454,-0.03194988056138851,0.09620449858918664,0.10416203115094293,0.18915104431690952,0.15949397289379147,4.538199061857597,5.29373572495041,0.21932999029511566,0.2253834717446121,-8.466189569827637,-8.253426297725555,0.219420331245743,0.6940179973828906,2.7080502011022096,2.7080502011022096,0,0,0,0,0,0,1,0,0,0,0.0
15473_2008,0.009374179759271064,0.010861073183553964,0.19399618322870432,0.12065830881225495,0.09961299438930672,0.07100768854457969,8.08116964063112,7.815305394875488,0.14532468021232275,0.1315727312606671,-6.658247794478604,-5.810836236364037,-0.23239801740345875,0.8828887273688486,2.7080502011022096,2.7080502011022096,0,0,1,0,0,0,0,0,0,0,0.0
15473_2009,0.010861073183553964,0.0233781710948668,0.12065830881225495,0.20449556793370316,0.07100768854457969,0.1350859591791761,7.815305394875488,4.771701092968407,0.1315727312606671,0.15434131663702294,-5.810836236364037,-5.879836614097909,0.8828887273688486,0.004650782826177868,2.7080502011022096,2.7080502011022096,0,0,1,0,0,0,0,0,0,0,0.0
15473_2010,0.0233781710948668,0.01320975330858921,0.20449556793370316,0.12530227196040938,0.1350859591791761,0.09322981104487683,4.771701092968407,5.579871726313593,0.15434131663702294,0.08538438910286641,-5.879836614097909,-5.113288239401326,0.004650782826177868,0.5305349388848425,2.7080502011022096,2.7080502011022096,0,0,1,0,0,0,0,0,0,0,0.0
15481_2008,0.11079140691836964,0.006904192506721793,0.12827789946166465,0.1676056908921406,0.4078654865056296,0.3264156296866767,1.2714862394777282,1.3188873974837354,0.15650032490057486,0.10078405333057827,-12.383635308711696,-12.249450778213037,0.1807260944170496,-0.008583208217446608,1.6467336971777973,1.791759469228055,0,0,0,1,0,0,0,0,0,0,0.0
15481_2009,0.006904192506721793,-0.005499610221799814,0.1676056908921406,0.6162233162115694,0.3264156296866767,0.6187595442264772,1.3188873974837354,0.3405765958545712,0.10078405333057827,0.20828016501948912,-12.249450778213037,-13.210756122662016,-0.008583208217446608,-0.9517003960804258,1.791759469228055,0.3364722366212129,0,0,0,1,0,0,0,0,0,0,0.0
15481_2010,-0.005499610221799814,0.09498688820456758,0.6162233162115694,0.23793255377249795,0.6187595442264772,0.3072613193788331,0.3405765958545712,1.1793468273345409,0.20828016501948912,0.14070356785029775,-13.210756122662016,-11.94124379229924,-0.9517003960804258,1.126459939562671,0.3364722366212129,1.840549633397487,0,0,0,1,0,0,0,0,0,0,0.0
15483_2008,-0.13516685222519784,-0.4616409142440363,0.3918996178497277,0.5477377771787818,0.10429392471338733,0.14484251250624322,1.2957394287179818,2.8774267743383586,0.08116405917603503,0.13526826865913796,-14.046420399722226,-14.62895001044351,-0.7866838507593572,-0.5943546550362164,0.5596157879354227,-0.012072581234269249,0,0,0,0,0,0,1,0,0,0,0.0
15483_2009,-0.4616409142440363,-0.06276519931219803,0.5477377771787818,0.4460905780282575,0.14484251250624322,0.14416381717020485,2.8774267743383586,1.9858144391757748,0.13526826865913796,0.18985131334947508,-14.62895001044351,-13.678238585233665,-0.5943546550362164,0.3439778621994807,-0.012072581234269249,0.009950330853168092,0,0,0,0,0,0,1,0,0,0,0.0
15483_2010,-0.06276519931219803,-0.06737032940019665,0.4460905780282575,0.5204492379547689,0.14416381717020485,0.1843657817109144,1.9858144391757748,1.821189348145728,0.18985131334947508,0.20570907279625947,-13.678238585233665,-14.279428926439069,0.3439778621994807,-0.6731735860962897,0.009950330853168092,-0.35667494393873245,0,0,0,0,0,0,1,0,0,0,0.0
15490_2008,0.003287706281182039,0.0034581812802051484,0.8971856210822565,0.9215251750665746,0.04388832032749137,0.03147807969227734,1.4626156743919418,1.1531406676721152,0.0532948672618884,0.07948053535047161,-12.889050748592748,-13.133094640794337,-0.10145776474416776,-0.3001279314026793,2.5677531155634874,2.327277705584417,0,0,0,0,0,1,0,0,0,0,0.0
15490_2009,0.0034581812802051484,0.0010550570633920142,0.9215251750665746,0.9554717180199446,0.03147807969227734,0.02201284818674969,1.1531406676721152,0.8132153981725391,0.07948053535047161,0.17581618900142934,-13.133094640794337,-13.133406498995216,-0.3001279314026793,-0.1675814373147539,2.327277705584417,1.8325814637483104,0,0,0,0,0,1,0,0,0,0,0.0
15490_2010,0.0010550570633920142,0.004531806829980077,0.9554717180199446,0.9609506973089766,0.02201284818674969,0.04105564441451301,0.8132153981725391,0.6264264075012717,0.17581618900142934,0.0863831036696164,-13.133406498995216,-13.380044146642987,-0.1675814373147539,-0.2443367359362579,1.8325814637483104,1.820508882514041,0,0,0,0,0,1,0,0,0,0,0.0
15494_2008,-0.23679303737602264,-1.0358324116078632,0.4782654114024129,0.6216570753784417,0.14244787977396087,0.09834410015549107,0.9355496925695804,3.853750530658452,0.1055583305929894,0.1587084583155964,-11.978234003376427,-12.760511788724596,-0.6158566733911378,-0.6994201561950842,0.7129498078561249,-0.06187540371808752,0,0,1,0,0,0,0,0,0,0,0.0
15494_2009,-1.0358324116078632,0.0,0.6216570753784417,0.0,0.09834410015549107,0.0,3.853750530658452,0.0,0.1587084583155964,0.0,-12.760511788724596,0.0,-0.6994201561950842,0.0,-0.06187540371808752,0.0,0,0,1,0,0,0,0,0,0,0,0.0
15494_2010,0.0,0.0,0.0,0.0,0.0,0.0,0.0,0.0,0.0,0.0,0.0,0.0,0.0,0.0,0.0,0.0,0,0,1,0,0,0,0,0,0,0,0.0
15506_2008,0.05281072310412789,0.0039038816241995546,0.2342263450017369,0.5289589748648725,0.2017767716261006,0.1570079227191779,1.573603949967916,0.5855146177405278,0.1658907798961225,0.11372353559688553,-9.18222433367973,-8.952908012141252,-0.17471097026313692,-0.3185636051206527,1.9154509415706047,1.7422190236679191,0,0,0,0,0,0,1,0,0,0,0.0
15506_2009,0.0039038816241995546,-0.8395086548545678,0.5289589748648725,0.671934646753423,0.1570079227191779,0.2490413545529843,0.5855146177405278,0.96806071663265,0.11372353559688553,0.291218221296013,-8.952908012141252,-10.551279806041851,-0.3185636051206527,-1.0007382689456996,1.7422190236679191,-0.2484613592984996,0,0,0,0,0,0,1,0,0,0,0.0
15506_2010,-0.8395086548545678,0.03893432051664192,0.671934646753423,0.26529875275201603,0.2490413545529843,0.1410898331365118,0.96806071663265,2.1930436510382694,0.291218221296013,0.2403389837697,-10.551279806041851,-8.956034511311785,-1.0007382689456996,1.188689248902744,-0.2484613592984996,1.5623463049002495,0,0,0,0,0,0,1,0,0,0,0.0
15507_2008,-0.16165450181979646,-0.2564250191837401,0.04701211338129399,0.11567818886616307,0.18768781883065327,0.23933190560372855,3.6622175006209368,2.8294865689148505,0.34022507847191125,0.16410807828971094,-11.228781275697504,-11.860778592698887,-1.090554456516204,-0.7819411798830876,1.1568811967920856,0.3435897043900769,0,0,0,0,1,0,0,0,0,0,0.0
15507_2009,-0.2564250191837401,-0.4232793947951107,0.11567818886616307,0.17324891189292638,0.23933190560372855,0.20776085853989548,2.8294865689148505,2.483640180046939,0.16410807828971094,0.18662526939629392,-11.860778592698887,-12.03069550414015,-0.7819411798830876,-0.2134564996864003,0.3435897043900769,-0.4185503476568198,0,0,0,0,1,0,0,0,0,0,0.0
15507_2010,-0.4232793947951107,-0.1272448275652788,0.17324891189292638,0.1840824352674372,0.20776085853989548,0.2464581440938048,2.483640180046939,4.313548178019873,0.18662526939629392,0.2530335834920823,-12.03069550414015,-11.027409931777791,-0.2134564996864003,0.2210024881923752,-0.4185503476568198,0.37843643572024505,0,0,0,0,1,0,0,0,0,0,0.0
15529_2008,0.05780544671872044,-0.23557336018009706,0.17993983884542128,0.21729099374973784,0.2652486781861452,0.4269963784834375,1.4436588267152877,1.0368328781433804,0.14691526825497106,0.09926182079350848,-12.642707251289863,-13.261697309569275,0.04759871736140461,-0.6327287816964118,1.4770487243883548,0.8544153281560676,0,0,0,0,0,0,1,0,0,0,0.0
15529_2009,-0.23557336018009706,-0.9570867173172648,0.21729099374973784,0.7361802462667016,0.4269963784834375,0.7479172124705266,1.0368328781433804,0.20348285045728076,0.09926182079350848,0.2328763568510674,-13.261697309569275,-14.954186645662233,-0.6327287816964118,-1.7175052222164466,0.8544153281560676,-1.3862943611198906,0,0,0,0,0,0,1,0,0,0,0.0
15529_2010,-0.9570867173172648,-0.20226868364559752,0.7361802462667016,0.27356181661752305,0.7479172124705266,0.11055238604375316,0.20348285045728076,1.8359204301483865,0.2328763568510674,0.3625466316548723,-14.954186645662233,-13.254733714925552,-1.7175052222164466,1.5794508466442252,-1.3862943611198906,0.5481214085096876,0,0,0,0,0,0,1,0,0,0,0.0
15547_2008,0.01007952758117256,0.0049014940550254,0.9130141383421946,0.9516808034387116,0.023122664241138992,0.04607729462448719,1.0930823386256143,0.6125461710777826,0.03171625436329899,0.09164182902702726,-12.208450500830667,-12.847221674036494,-0.09844123994609152,-0.5657335855946736,2.4997952622817508,1.9329696377795784,0,0,0,0,0,1,0,0,0,0,0.0
15547_2009,0.0049014940550254,0.0010085182758325973,0.9516808034387116,0.9720634739751004,0.04607729462448719,0.013827241389134215,0.6125461710777826,0.364844552259908,0.09164182902702726,0.17304735020258966,-12.847221674036494,-12.920725538489542,-0.5657335855946736,-0.11774906356687816,1.9329696377795784,1.3862943611198906,0,0,0,0,0,1,0,0,0,0,0.0
15547_2010,0.0010085182758325973,-0.0005991917684597957,0.9720634739751004,0.9558684841802952,0.013827241389134215,0.07777248636447949,0.364844552259908,0.4872002758708757,0.17304735020258966,0.0974233052322888,-12.920725538489542,-12.5880066926108,-0.11774906356687816,-0.3607901902906822,1.3862943611198906,1.2168396700327595,0,0,0,0,0,1,0,0,0,0,0.0
15560_2008,0.015619859780142784,0.2743859660186445,0.2712711643545913,0.2578319977171289,0.045073720098606766,0.04354481947503425,5.840715540473442,1.961058686498223,0.12022606750653272,0.1224122277714918,-11.913420033535305,-11.825354954764096,0.0772905071688075,0.10492155285714996,0.5187937934151675,0.6043159668533296,0,0,0,0,1,0,0,0,0,0,0.0
15560_2009,0.2743859660186445,-0.02077071573442807,0.2578319977171289,0.6821347408547761,0.04354481947503425,0.11497202062409892,1.961058686498223,0.3287214283006709,0.1224122277714918,0.18328173032705755,-11.825354954764096,-13.310699828718825,0.10492155285714996,-1.5969609903530566,0.6043159668533296,-1.3858944410985636,0,0,0,0,1,0,0,0,0,0,0.0
15560_2010,-0.02077071573442807,0.04811840303562307,0.6821347408547761,0.40947859568093337,0.11497202062409892,0.11589624281550605,0.3287214283006709,0.6354226952116975,0.18328173032705755,0.2100461438805106,-13.310699828718825,-12.796116184719141,-1.5969609903530566,0.3719203972064422,-1.3858944410985636,-0.6396064136319155,0,0,0,0,1,0,0,0,0,0,0.0
15563_2008,0.06324951468723157,0.04526948386491195,0.4823790982123893,0.4642892835255724,0.08951563107483028,0.012650193234862269,1.7150754641543726,1.8580036818821128,0.11652302166762278,0.06407178004324522,-8.377118392909889,-8.130047864140076,-0.3961341047680597,0.2376908212338308,2.7080502011022096,2.7080502011022096,0,0,0,0,0,0,0,0,0,0,0.0
15563_2009,0.04526948386491195,-0.1506343221026894,0.4642892835255724,0.8410013573966009,0.012650193234862269,0.053394466921268965,1.8580036818821128,0.5944440148958697,0.06407178004324522,0.2831803469043653,-8.130047864140076,-9.37648260423336,0.2376908212338308,-1.2102803389635504,2.7080502011022096,1.9796212063976248,0,0,0,0,0,0,0,0,0,0,0.0
15563_2010,-0.1506343221026894,0.04365800176335554,0.8410013573966009,0.6569101383087198,0.053394466921268965,0.07578962353076106,0.5944440148958697,0.8832522330253124,0.2831803469043653,0.3134588746571721,-9.37648260423336,-8.999576453415493,-1.2102803389635504,0.5281605110531458,1.9796212063976248,2.463853240590168,0,0,0,0,0,0,0,0,0,0,0.0
15567_2008,-0.09478075864695457,0.00040253489642106224,0.13917404248048784,0.18385110502537985,0.11388962861787127,0.19545752787218712,6.507940173228335,4.626700145360004,0.2328944273251075,0.20366048340649912,-12.084157410816088,-12.358561879976223,-0.6361619395518834,-0.7157177008605021,0.1570037488096647,-0.11653381625595152,0,0,0,0,0,0,1,0,0,0,0.0
15567_2009,0.00040253489642106224,-0.05147920343139779,0.18385110502537985,0.2641089052844432,0.19545752787218712,0.3372093741570281,4.626700145360004,3.0542795193120433,0.20366048340649912,0.18283617074734554,-12.358561879976223,-12.480551473465988,-0.7157177008605021,-0.4918926260267541,-0.11653381625595152,-0.7381445464906811,0,0,0,0,0,0,1,0,0,0,0.0
15567_2010,-0.05147920343139779,0.03802460277082604,0.2641089052844432,0.10206552308580584,0.3372093741570281,0.17699722290024106,3.0542795193120433,4.335092751616296,0.18283617074734554,0.1763622988668814,-12.480551473465988,-11.560164488217922,-0.4918926260267541,0.6279629666832942,-0.7381445464906811,0.4054651081081644,0,0,0,0,0,0,1,0,0,0,0.0
15568_2008,0.04574441144646271,0.0361581143669464,0.311090391448151,0.384870162625012,0.009761263439003616,0.008291749521629836,3.5847127857318264,2.441827752890616,0.2960423206130698,0.16766004579373228,-11.132566155492576,-10.682416668418048,0.2325833915748428,0.3228944602999656,2.7080502011022096,2.7080502011022096,0,1,0,0,0,0,0,0,0,0,0.0
15568_2009,0.0361581143669464,0.056821524178615426,0.384870162625012,0.5875003621721903,0.008291749521629836,0.012507012970593373,2.441827752890616,1.382358678679527,0.16766004579373228,0.4085832151870675,-10.682416668418048,-10.640199423432932,0.3228944602999656,-0.4954008072384726,2.7080502011022096,2.681706225762608,0,1,0,0,0,0,0,0,0,0,0.0
15568_2010,0.056821524178615426,-0.12125526589273948,0.5875003621721903,0.5166585900344365,0.012507012970593373,0.006701460512415857,1.382358678679527,1.7236411684551964,0.4085832151870675,0.1397354930409076,-10.640199423432932,-10.980569345431498,-0.4954008072384726,-0.3349746093557969,2.681706225762608,2.570319527636131,0,1,0,0,0,0,0,0,0,0,0.0
1557_2008,-0.037128953379192135,-0.027287909048534814,0.014069994013676118,0.03520675324301159,0.16554579111189685,0.21638735660214084,3.2595961569771803,2.6853211941914266,0.14868864388903144,0.19430607547032647,-10.226608137674305,-10.222201528039976,-0.01489317463490897,-0.1695478523471039,2.658159431488745,2.544746650144017,0,0,0,0,1,0,0,0,0,0,0.0
1557_2009,-0.027287909048534814,-0.01953706347647492,0.03520675324301159,0.029770501399945318,0.21638735660214084,0.14363858871721288,2.6853211941914266,2.982784041828573,0.19430607547032647,0.2345788081419657,-10.222201528039976,-10.6677720160152,-0.1695478523471039,-0.2290477594153549,2.544746650144017,1.5871923034867803,0,0,0,0,1,0,0,0,0,0,0.0
1557_2010,-0.01953706347647492,-0.11252975133045276,0.029770501399945318,0.07806500785091289,0.14363858871721288,0.2398969639316455,2.982784041828573,1.551787000946238,0.2345788081419657,0.1624605762572833,-10.6677720160152,-10.79097229610467,-0.2290477594153549,-0.20119994417446507,1.5871923034867803,1.682688374173693,0,0,0,0,1,0,0,0,0,0,0.0
15580_2008,-0.021466369150322302,-0.03446158332608958,0.11361947790548167,0.1404400651657605,0.2180653987427192,0.22551447021975216,2.3904752852151776,2.2664588576616755,0.15151267353965214,0.12393099554672656,-12.080270827708905,-12.255253028700599,-0.9389330316940132,-0.3401753083660529,1.7387102481382395,1.5623463049002495,0,0,0,0,1,0,0,0,0,0,0.0
15580_2009,-0.03446158332608958,-0.09503969719191528,0.1404400651657605,0.1132610775172897,0.22551447021975216,0.20532971081072265,2.2664588576616755,2.4401451233534317,0.12393099554672656,0.12163561251289648,-12.255253028700599,-11.932093987295008,-0.3401753083660529,0.18713634510749236,1.5623463049002495,1.3863193608073958,0,0,0,0,1,0,0,0,0,0,0.0
15580_2010,-0.09503969719191528,-0.12273701629571893,0.1132610775172897,0.18394579381331325,0.20532971081072265,0.40894235960476255,2.4401451233534317,1.6797358157812194,0.12163561251289648,0.2489212336361925,-11.932093987295008,-12.870396612914613,0.18713634510749236,-1.181896159665501,1.3863193608073958,0.6729444732424258,0,0,0,0,1,0,0,0,0,0,0.0
15596_2008,0.01089697137568857,0.010722545406497485,0.8096370995303709,0.8511720425081069,0.014693186974053432,0.016050717578975842,2.6050065664392283,2.0417641022447324,0.044852028957545184,0.05057267240190252,-10.042858038753167,-10.282033358272226,-0.2023740296240264,-0.16004366277620244,2.7080502011022096,2.7080502011022096,0,0,0,0,0,1,0,0,0,0,0.0
15596_2009,0.010722545406497485,0.010189546531264122,0.8511720425081069,0.8532251334513172,0.016050717578975842,0.012033889396393944,2.0417641022447324,1.8041397302429432,0.05057267240190252,0.1982513192838068,-10.282033358272226,-9.66195464950528,-0.16004366277620244,0.6180309709172849,2.7080502011022096,2.7080502011022096,0,0,0,0,0,1,0,0,0,0,0.0
15596_2010,0.010189546531264122,0.014400211897136875,0.8532251334513172,0.8346860886108496,0.012033889396393944,0.026157723313870233,1.8041397302429432,1.6968414999766464,0.1982513192838068,0.1369345391496816,-9.66195464950528,-9.906653151841976,0.6180309709172849,-0.04205721294933335,2.7080502011022096,2.7080502011022096,0,0,0,0,0,1,0,0,0,0,0.0
15601_2008,-0.05486767395474214,-0.3695649143351038,0.3375222242756001,0.5907322989419096,0.2075858860715128,0.26835626559602976,1.7140134340613138,0.9356892891974068,0.1222718604377794,0.2303212545220885,-13.324850286060768,-14.599910988635552,-0.5518813738961659,-1.2697312332472546,0.3506568716131693,-0.916290731874155,0,0,0,0,0,0,1,0,0,0,0.0
15601_2009,-0.3695649143351038,-0.05372123179520655,0.5907322989419096,0.3291638365251449,0.26835626559602976,0.2695323871104329,0.9356892891974068,1.5275805340345057,0.2303212545220885,0.23744983490878505,-14.599910988635552,-13.154337102257404,-1.2697312332472546,0.9970926020314484,-0.916290731874155,-0.31471074483970024,0,0,0,0,0,0,1,0,0,0,0.0
15601_2010,-0.05372123179520655,-0.5512349371848559,0.3291638365251449,0.5549098367660884,0.2695323871104329,0.13759507734381676,1.5275805340345057,1.589452481230544,0.23744983490878505,0.6988773069556109,-13.154337102257404,-14.460629783799353,0.9970926020314484,0.7969287322956932,-0.31471074483970024,0.6931471805599453,0,0,0,0,0,0,1,0,0,0,0.0
15608_2008,-8.232794146300409e-05,-0.000964273105193744,0.5363253746607403,0.4618445584070977,0.03160478197274213,0.007426055427647437,9.227498047582552,9.167728521250508,0.07089225935723012,0.15372524488815698,-11.740557000763474,-11.428016829397533,-0.16044375455507254,0.3189930291689488,2.151762203259462,2.4630018143999504,0,1,0,0,0,0,0,0,0,0,0.0
15608_2009,-0.000964273105193744,-0.019194927181948825,0.4618445584070977,0.7418107471443175,0.007426055427647437,0.04276930826555254,9.167728521250508,16.142388706719274,0.15372524488815698,0.12006834335811507,-11.428016829397533,-12.10194870368178,0.3189930291689488,-0.7007993983933658,2.4630018143999504,1.3029127521808397,0,1,0,0,0,0,0,0,0,0,0.0
15608_2010,-0.019194927181948825,0.014906300800684568,0.7418107471443175,0.6707206161118464,0.04276930826555254,0.06284555905491994,16.142388706719274,8.355380609427932,0.12006834335811507,0.26654013995933384,-12.10194870368178,-12.057886624542189,-0.7007993983933658,-0.011787869292321784,1.3029127521808397,1.5686159179138452,0,1,0,0,0,0,0,0,0,0,1.0
15638_2008,0.0,0.0,0.0,0.0,0.0,0.0,0.0,0.0,0.0,0.0,0.0,0.0,0.0,0.0,0.0,0.0,0,0,0,0,1,0,0,0,0,0,0.0
15638_2009,0.0,0.0,0.0,0.0,0.0,0.0,0.0,0.0,0.0,0.0,0.0,0.0,0.0,0.0,0.0,0.0,0,0,0,0,1,0,0,0,0,0,0.0
15638_2010,0.0,-0.3409548826171962,0.0,0.07313105383341044,0.0,0.2896512096473292,0.0,2.7134262232766644,0.0,0.9099941671614504,0.0,-12.89832212362845,0.0,-0.7339609447216733,0.0,1.181727195378616,0,0,0,0,1,0,0,0,0,0,0.0
15642_2008,-0.17198230516404314,0.0,0.3672266546435876,0.0,0.17871261573847189,0.0,4.0306925170860834,0.0,0.10855224492112052,0.0,-13.395787310345908,0.0,-0.6029592122506037,0.0,1.4747630091074988,0.0,0,0,0,0,0,0,1,0,0,0,0.0
15642_2009,0.0,0.0,0.0,0.0,0.0,0.0,0.0,0.0,0.0,0.0,0.0,0.0,0.0,0.0,0.0,0.0,0,0,0,0,0,0,1,0,0,0,0.0
15642_2010,0.0,0.0,0.0,0.0,0.0,0.0,0.0,0.0,0.0,0.0,0.0,0.0,0.0,0.0,0.0,0.0,0,0,0,0,0,0,1,0,0,0,0.0
15657_2008,0.009296953463685021,0.009165536818206149,0.8474668942841888,0.8792269365160502,0.059443193881183326,0.03229526587690347,2.0769830617951546,1.6128026846574872,0.2114021406619104,0.060628585092157065,-10.632060385593608,-10.836296654784126,-0.6529962203405943,-0.1852361873144464,2.7080502011022096,2.7080502011022096,0,0,0,0,0,1,0,0,0,0,0.0
15657_2009,0.009165536818206149,0.007818586567342056,0.8792269365160502,0.8840368401036144,0.03229526587690347,0.02540197301740333,1.6128026846574872,1.7804908708985858,0.060628585092157065,0.09034110926887748,-10.836296654784126,-10.198822328314352,-0.1852361873144464,0.4928932950233746,2.7080502011022096,2.7080502011022096,0,0,0,0,0,1,0,0,0,0,0.0
15657_2010,0.007818586567342056,0.007393382527238822,0.8840368401036144,0.8926370924353569,0.02540197301740333,0.02180851119776653,1.7804908708985858,1.1937626389080616,0.09034110926887748,0.08942129384716649,-10.198822328314352,-10.491863357182817,0.4928932950233746,-0.4741749471795441,2.7080502011022096,2.7080502011022096,0,0,0,0,0,1,0,0,0,0,0.0
15658_2008,0.04553809220150794,0.13191466532252533,0.11266364079672905,0.0926634086210532,0.17913275066581644,0.19523320561495092,1.8824779268113143,1.7622572735249582,0.25879744104213404,0.11097939235151204,-12.701109896552474,-12.482387205402732,0.2001363371676534,0.02146587258737357,1.6094379124341005,1.8082887711792652,0,0,0,0,0,0,1,0,0,0,0.0
15658_2009,0.13191466532252533,-2.5293477251820784,0.0926634086210532,0.33318423873140185,0.19523320561495092,0.36795422514410137,1.7622572735249582,0.8098224525793727,0.11097939235151204,0.1818354293018158,-12.482387205402732,-13.02425438777272,0.02146587258737357,-0.7640625056592387,1.8082887711792652,0.7178397931503168,0,0,0,0,0,0,1,0,0,0,0.0
15658_2010,-2.5293477251820784,-0.0204970426304396,0.33318423873140185,0.13606456781495554,0.36795422514410137,0.33093561968397905,0.8098224525793727,1.6644773354963929,0.1818354293018158,0.2130599963506605,-13.02425438777272,-13.681199217745796,-0.7640625056592387,-0.39750071398334297,0.7178397931503168,0.27763173659827955,0,0,0,0,0,0,1,0,0,0,0.0
15678_2008,0.02390760993054938,0.015208483053236516,0.2454713547195352,0.17290795702750514,0.0960618976851877,0.04719383132820438,1.5055070341812296,2.415009119122453,0.1313141924592158,0.11200895203214564,-10.092299358997748,-9.58755017144234,0.6859980122738869,0.6332035528280004,2.7080502011022096,2.7080502011022096,0,0,0,1,0,0,0,0,0,0,0.0
15678_2009,0.015208483053236516,0.04737809149320437,0.17290795702750514,0.21755304453908625,0.04719383132820438,0.060496399459005014,2.415009119122453,2.0301439465516133,0.11200895203214564,0.1884669407241534,-9.58755017144234,-9.459982789431622,0.6332035528280004,0.0999050986171512,2.7080502011022096,2.7080502011022096,0,0,0,1,0,0,0,0,0,0,0.0
15678_2010,0.04737809149320437,0.059349873527928476,0.21755304453908625,0.2611414069393871,0.060496399459005014,0.06199207116318965,2.0301439465516133,1.6308648182505567,0.1884669407241534,0.08884516019233656,-9.459982789431622,-9.70058886786823,0.0999050986171512,-0.07085671384456349,2.7080502011022096,2.7080502011022096,0,0,0,1,0,0,0,0,0,0,0.0
15684_2008,-0.19035187801763545,-0.4761728234879798,0.04240116260033598,0.062155165489672724,0.4227208273201004,0.8900051281100753,2.1478004599451705,1.0727852641413824,0.20625473397485045,0.2678372623376309,-11.334978921182596,-12.55169866217174,-0.4148056774870576,-1.2429892062995849,1.6601310267496183,0.4510756193602167,0,0,0,0,1,0,0,0,0,0,0.0
15684_2009,-0.4761728234879798,-0.9898149805617136,0.062155165489672724,0.08959512367523602,0.8900051281100753,1.1085560589161376,1.0727852641413824,0.8673652559757111,0.2678372623376309,0.15170004770430345,-12.55169866217174,-12.883789661040499,-1.2429892062995849,-0.580642892314853,0.4510756193602167,-0.3856624808119846,0,0,0,0,1,0,0,0,0,0,0.0
15684_2010,-0.9898149805617136,-0.9253819732322636,0.08959512367523602,0.07615776382802322,1.1085560589161376,0.5766907497335071,0.8673652559757111,1.6149068322981366,0.15170004770430345,0.17774241565320306,-12.883789661040499,-13.363553492399669,-0.580642892314853,-0.4207486635313562,-0.3856624808119846,-0.6348782724359695,0,0,0,0,1,0,0,0,0,0,0.0
15692_2008,0.02140468646678513,0.0360480656814764,0.08676001575318068,0.09770613723647834,0.08221060581843938,0.20555944733073367,2.5918379508513607,2.055371508713811,0.103884086728805,0.15123063087246846,-10.507950220803284,-10.258117471536195,0.3064839361199026,0.07547626777011435,2.7080502011022096,2.7080502011022096,0,0,0,0,0,0,1,0,0,0,0.0
15692_2009,0.0360480656814764,0.04249357357796377,0.09770613723647834,0.14316606361853246,0.20555944733073367,0.3211962282080333,2.055371508713811,1.2833641561645512,0.15123063087246846,0.1691529445580153,-10.258117471536195,-10.238366058790831,0.07547626777011435,0.07210789163667314,2.7080502011022096,2.7080502011022096,0,0,0,0,0,0,1,0,0,0,0.0
15692_2010,0.04249357357796377,-0.02751304152488081,0.14316606361853246,0.10169061426206184,0.3211962282080333,0.26016490145016763,1.2833641561645512,1.6336830382853442,0.1691529445580153,0.13002452122126326,-10.238366058790831,-10.265816837235617,0.07210789163667314,0.05917967500523519,2.7080502011022096,2.7080502011022096,0,0,0,0,0,0,1,0,0,0,0.0
15697_2008,0.0438189506657482,-0.055902081873224166,0.2094419484395509,0.4929841559308367,0.0963555609753309,0.07702619356064175,2.513490066664152,1.1277992354884272,0.09597932933190242,0.143451149526482,-8.837858257171698,-9.744653716111602,0.2669182865004262,-0.7544330584735607,2.7080502011022096,2.7080502011022096,0,0,1,0,0,0,0,0,0,0,0.0
15697_2009,-0.055902081873224166,0.08706132565110762,0.4929841559308367,0.41419713698561067,0.07702619356064175,0.2390894042762468,1.1277992354884272,1.010431678986511,0.143451149526482,0.2143537175613743,-9.744653716111602,-9.419590312313908,-0.7544330584735607,0.5766648440211014,2.7080502011022096,2.7080502011022096,0,0,1,0,0,0,0,0,0,0,0.0
15697_2010,0.08706132565110762,0.07758551802563235,0.41419713698561067,0.23278114146971135,0.2390894042762468,0.14971263484648245,1.010431678986511,1.41503635555318,0.2143537175613743,0.1684224766777738,-9.419590312313908,-9.304030620936826,0.5766648440211014,0.2654229032921639,2.7080502011022096,2.7080502011022096,0,0,1,0,0,0,0,0,0,0,0.0
15708_2008,-0.0009893153937475267,-0.3689312041952331,0.2268097143443404,0.4864922951277698,0.18443403831215466,0.1617485869027918,2.337347876220784,1.4905456745915393,0.22206505242973912,0.2270593832468937,-12.616905221347434,-13.889808347336542,-0.6034726141914162,-1.4236023101088997,0.9555114450274363,-0.31471074483970024,0,0,0,0,0,0,1,0,0,0,0.0
15708_2009,-0.3689312041952331,-0.3890948658015636,0.4864922951277698,0.8634910400042985,0.1617485869027918,0.23595550898686224,1.4905456745915393,0.4333715728377266,0.2270593832468937,0.4673912381368447,-13.889808347336542,-15.16704326155468,-1.4236023101088997,-0.22151707098039225,-0.31471074483970024,-0.916290731874155,0,0,0,0,0,0,1,0,0,0,0.0
15708_2010,-0.3890948658015636,-0.13637697499498044,0.8634910400042985,0.556010317080328,0.23595550898686224,0.16855349797416608,0.4333715728377266,2.6630661343066504,0.4673912381368447,0.2560905393291954,-15.16704326155468,-13.956268557688803,-0.22151707098039225,0.584707458012337,-0.916290731874155,0.5247285289349821,0,0,0,0,0,0,1,0,0,0,0.0
15709_2008,0.1233264469884606,0.03499862380122293,0.25344412358896506,0.2940747896574614,0.25435723009142475,0.14037227526134285,1.4407587949328498,1.6543039372289527,0.0934492802642538,0.0639386084127604,-13.78819384175911,-13.105986519328447,-0.15290343808458626,0.2353612889841744,1.7422190236679191,1.951608170169951,0,0,0,0,0,0,0,0,0,0,0.0
15709_2009,0.03499862380122293,0.024809418557445083,0.2940747896574614,0.14055663313636158,0.14037227526134285,0.14732283819748296,1.6543039372289527,0.8333989449649635,0.0639386084127604,0.12818791748939407,-13.105986519328447,-13.042988456436527,0.2353612889841744,-0.06359172379070628,1.951608170169951,1.5040773967762742,0,0,0,0,0,0,0,0,0,0,0.0
15709_2010,0.024809418557445083,0.0,0.14055663313636158,0.0,0.14732283819748296,0.0,0.8333989449649635,0.0,0.12818791748939407,0.0,-13.042988456436527,0.0,-0.06359172379070628,0.0,1.5040773967762742,0.0,0,0,0,0,0,0,0,0,0,0,0.0
15714_2008,0.0947770857741876,-0.04941424284395199,0.17685145217981132,0.20710699445983374,0.3490781278904853,0.522203947368421,1.03064367940334,0.90522757932292,0.3096395053165112,0.060881297898940985,-13.767962639884026,-13.973133910634045,-0.3247227372337333,-0.2383191654515765,1.4075664963954304,1.208960345836975,0,0,0,0,0,0,1,0,0,0,0.0
15714_2009,-0.04941424284395199,0.0,0.20710699445983374,0.0,0.522203947368421,0.0,0.90522757932292,0.0,0.060881297898940985,0.0,-13.973133910634045,0.0,-0.2383191654515765,0.0,1.208960345836975,0.0,0,0,0,0,0,0,1,0,0,0,0.0
15714_2010,0.0,0.0,0.0,0.0,0.0,0.0,0.0,0.0,0.0,0.0,0.0,0.0,0.0,0.0,0.0,0.0,0,0,0,0,0,0,1,0,0,0,0.0
15715_2008,0.016828844074648616,-0.050964401327468566,0.3523245428477413,0.5202647805678163,0.009824660367602123,0.01874552692504591,1.376712397206207,1.2050166751220484,0.08057845227003434,0.07435677063720332,-13.116630941064102,-13.554165152340506,-0.012367650087855479,-0.5171108414759166,2.0887233322780765,1.6620303625532709,0,0,1,0,0,0,0,0,0,0,0.0
15715_2009,-0.050964401327468566,0.028919194923960605,0.5202647805678163,0.8177109368531132,0.01874552692504591,0.03428595962352913,1.2050166751220484,0.43441147516902223,0.07435677063720332,0.2086820612237463,-13.554165152340506,-13.995860666294675,-0.5171108414759166,-0.6483090299234651,1.6620303625532709,0.7131948758637234,0,0,1,0,0,0,0,0,0,0,0.0
15715_2010,0.028919194923960605,-0.05967391941821595,0.8177109368531132,0.7248841710163627,0.03428595962352913,0.026186147440032847,0.43441147516902223,0.7693064598127163,0.2086820612237463,0.23703136313077466,-13.995860666294675,-13.838363777185117,-0.6483090299234651,0.1933751774351674,0.7131948758637234,1.1052568313867783,0,0,1,0,0,0,0,0,0,0,0.0
15734_2008,0.004956245524541124,0.0,0.922999368714606,0.0,0.038244024563861966,0.0,0.9618623137960618,0.0,0.032520131623221364,0.0,-12.453946487101286,0.0,-0.15437136510006033,0.0,2.7080502011022096,0.0,0,0,0,0,0,1,0,0,0,0,0.0
15734_2009,0.0,0.0,0.0,0.0,0.0,0.0,0.0,0.0,0.0,0.0,0.0,0.0,0.0,0.0,0.0,0.0,0,0,0,0,0,1,0,0,0,0,0.0
15734_2010,0.0,0.0,0.0,0.0,0.0,0.0,0.0,0.0,0.0,0.0,0.0,0.0,0.0,0.0,0.0,0.0,0,0,0,0,0,1,0,0,0,0,0.0
15739_2008,-0.00536193639124399,-0.0283017658050757,0.3293111230618976,0.2949008389592108,0.03160540877943181,0.02411036451461295,1.1632815934090313,1.7358405415569764,0.0890809396168262,0.0708884179652391,-10.497910848992602,-10.23265838234392,-0.15307012980856866,0.08182360188775488,2.7080502011022096,2.7080502011022096,0,0,0,0,0,0,1,0,0,0,0.0
15739_2009,-0.0283017658050757,0.022781709147595888,0.2949008389592108,0.3754083777516393,0.02411036451461295,0.029967974111036667,1.7358405415569764,1.3184146249307551,0.0708884179652391,0.230693184091474,-10.23265838234392,-10.401033189689944,0.08182360188775488,-0.10124962581262592,2.7080502011022096,2.628285232633348,0,0,0,0,0,0,1,0,0,0,0.0
15739_2010,0.022781709147595888,0.019886295753013348,0.3754083777516393,0.3526251087308899,0.029967974111036667,0.04488682179831887,1.3184146249307551,1.2751495395112442,0.230693184091474,0.1188153750446767,-10.401033189689944,-9.931672347558663,-0.10124962581262592,0.3263836030818509,2.628285232633348,2.7080502011022096,0,0,0,0,0,0,1,0,0,0,0.0
15745_2008,0.01606591651274018,-0.029975064990185155,0.2472640145055799,0.17983478605511916,0.5689678034099215,0.5062524771169012,1.3314177812539885,1.3620078743218025,0.08361447033010942,0.12079376790341788,-12.469399562198653,-12.408257075842647,-0.22317129192937232,0.010347545895076093,1.1346227261911428,1.205970806988609,0,0,0,0,0,0,1,0,0,0,0.0
15745_2009,-0.029975064990185155,-0.20872904451234614,0.17983478605511916,0.2686431579816665,0.5062524771169012,0.4242712032372615,1.3620078743218025,1.2276214833759589,0.12079376790341788,0.19850547518840886,-12.408257075842647,-12.308871065765894,0.010347545895076093,0.04024787902641325,1.205970806988609,0.8109302162163288,0,0,0,0,0,0,1,0,0,0,0.0
15745_2010,-0.20872904451234614,-0.16448765095532536,0.2686431579816665,0.3089407315460378,0.4242712032372615,0.05610143733831395,1.2276214833759589,1.4854250305463437,0.19850547518840886,0.10419113396655257,-12.308871065765894,-12.023674436414044,0.04024787902641325,-0.3500967915884926,0.8109302162163288,0.8628899551470398,0,0,0,0,0,0,1,0,0,0,0.0
15758_2008,0.0344513827198137,0.032380946065948886,0.08879480086590971,0.0767987072746538,0.06109533416828058,0.04540937843814315,4.539138055315974,4.963663497263771,0.09954025096149237,0.09874563222029777,-7.49721455890046,-7.2384166284670535,-0.09445934698819557,0.00017714220310168646,2.7080502011022096,2.7080502011022096,0,1,0,0,0,0,0,0,0,0,0.0
15758_2009,0.032380946065948886,0.035605623475307394,0.0767987072746538,0.07023440875182789,0.04540937843814315,0.049306537566472006,4.963663497263771,4.848574041589067,0.09874563222029777,0.09041441490234832,-7.2384166284670535,-6.730016404245643,0.00017714220310168646,0.4109802367803791,2.7080502011022096,2.7080502011022096,0,1,0,0,0,0,0,0,0,0,0.0
15758_2010,0.035605623475307394,0.03414359756448078,0.07023440875182789,0.07138030245703225,0.049306537566472006,0.036489166104869186,4.848574041589067,5.024206889700284,0.09041441490234832,0.08911467886044949,-6.730016404245643,-6.9192945525223815,0.4109802367803791,-0.05195186466198479,2.7080502011022096,2.7080502011022096,0,1,0,0,0,0,0,0,0,0,0.0
15761_2008,0.0,0.0,0.0,0.0,0.0,0.0,0.0,0.0,0.0,0.0,0.0,0.0,0.0,0.0,0.0,0.0,0,0,0,0,0,0,0,0,0,1,0.0
15761_2009,0.0,0.0,0.0,0.0,0.0,0.0,0.0,0.0,0.0,0.0,0.0,0.0,0.0,0.0,0.0,0.0,0,0,0,0,0,0,0,0,0,1,0.0
15761_2010,0.0,0.0,0.0,0.0,0.0,0.0,0.0,0.0,0.0,0.0,0.0,0.0,0.0,0.0,0.0,0.0,0,0,0,0,0,0,0,0,0,1,0.0
15783_2008,-0.019053940883025443,-0.007972569882347865,0.7491055313218532,0.7238961170582876,0.013250282884376472,0.002960077318155704,1.680842862649364,1.9472117815169765,0.09372976851680724,0.10527052145716843,-10.666144697705494,-10.606695642691527,-0.1934042680345656,0.02532464743836453,2.503891949699081,2.5680215564985067,0,1,0,0,0,0,0,0,0,0,0.0
15783_2009,-0.007972569882347865,-0.0922340364949846,0.7238961170582876,0.9283089680906164,0.002960077318155704,0.003180904808779623,1.9472117815169765,0.8138668604078415,0.10527052145716843,0.2579953839343393,-10.606695642691527,-11.266239023461061,0.02532464743836453,-0.6693795069525232,2.5680215564985067,1.4060969884160703,0,1,0,0,0,0,0,0,0,0,0.0
15783_2010,-0.0922340364949846,-0.0165305404060062,0.9283089680906164,0.8403855726481944,0.003180904808779623,0.0025181101744175998,0.8138668604078415,2.281589726792243,0.2579953839343393,0.2467331985157917,-11.266239023461061,-11.51092033767084,-0.6693795069525232,0.07935520804049367,1.4060969884160703,1.3912819026309295,0,1,0,0,0,0,0,0,0,0,0.0
157_2008,0.03919195190055267,0.04011997567938376,0.393204501035053,0.3811397689541457,0.01445604783217107,0.004803095679926224,1.6968232870554527,1.7721002842630134,0.05786253896243554,0.04221787946648778,-8.815659811434898,-8.67841036054438,-0.2752894602683382,0.0269557097663722,2.7080502011022096,2.7080502011022096,0,1,0,0,0,0,0,0,0,0,0.0
157_2009,0.04011997567938376,0.05725538504246441,0.3811397689541457,0.5543362279111327,0.004803095679926224,0.008241305422778967,1.7721002842630134,0.9624503300091988,0.04221787946648778,0.12254122592052025,-8.67841036054438,-8.932842702595655,0.0269557097663722,-0.17930634793858774,2.7080502011022096,2.7080502011022096,0,1,0,0,0,0,0,0,0,0,0.0
157_2010,0.05725538504246441,0.016305777804130547,0.5543362279111327,0.4799086876442968,0.008241305422778967,0.005929373746956563,0.9624503300091988,1.2566045540868322,0.12254122592052025,0.14914100628873206,-8.932842702595655,-8.863127303544953,-0.17930634793858774,0.14354745339600272,2.7080502011022096,2.7080502011022096,0,1,0,0,0,0,0,0,0,0,0.0
15800_2008,0.05932980798432065,0.0025224637703450546,0.6740742827981128,0.6989070349053614,0.012053813231642979,0.01485792684239831,1.84811843467115,1.416341928230032,0.2108715511743605,0.2758817353853038,-14.016622858960428,-14.089096603183627,0.3874454354726472,-0.2162062952125422,1.5810384379124025,1.3376291891386096,0,0,1,0,0,0,0,0,0,0,0.0
15800_2009,0.0025224637703450546,0.04101127987888523,0.6989070349053614,0.7903733661234035,0.01485792684239831,0.006432445110986332,1.416341928230032,0.7811308161708619,0.2758817353853038,0.2278519817756109,-14.089096603183627,-14.101542349622074,-0.2162062952125422,-0.20654447374586954,1.3376291891386096,0.7418897245479353,0,0,1,0,0,0,0,0,0,0,0.0
15800_2010,0.04101127987888523,0.036003244958468836,0.7903733661234035,0.7759183878586864,0.006432445110986332,0.03122913570674765,0.7811308161708619,0.7334777745401224,0.2278519817756109,0.12569424565217474,-14.101542349622074,-14.279422518873014,-0.20654447374586954,-0.4125278303864993,0.7418897245479353,0.8241754429663494,0,0,1,0,0,0,0,0,0,0,0.0
15802_2008,-0.17633659708027966,0.25746436907393594,0.3552831838851142,0.18373871805038705,0.14032140667330353,0.2796751761014646,145.0001,3.410122900896482,0.11726070734725436,0.2687179540831681,-11.382667181650287,-11.320109874798947,-0.7461218682290393,-0.0993677965189537,1.2383742310432684,1.181727195378616,0,0,0,0,1,0,0,0,0,0,0.0
15802_2009,0.25746436907393594,-0.10454813778326792,0.18373871805038705,0.4231323174131202,0.2796751761014646,0.5606532243077494,3.410122900896482,2.2055948498625426,0.2687179540831681,0.2199198924510844,-11.320109874798947,-11.440312369052785,-0.0993677965189537,-0.37921114656662464,1.181727195378616,0.5007752879124892,0,0,0,0,1,0,0,0,0,0,0.0
15802_2010,-0.10454813778326792,-0.08777744540831588,0.4231323174131202,0.3025426263834879,0.5606532243077494,0.27816532057034593,2.2055948498625426,5.5267948572078724,0.2199198924510844,0.2433955432930109,-11.440312369052785,-10.946782847980053,-0.37921114656662464,0.14215610927952393,0.5007752879124892,1.208960345836975,0,0,0,0,1,0,0,0,0,0,0.0
15812_2008,0.034933215959915755,0.035849546961358364,0.15533948717673926,0.1684399217784761,0.005957141901464435,0.008202505327643552,3.3367769466351627,2.714944546228553,0.08435930469169298,0.06318087339079195,-9.442852070022829,-9.559278193088614,-0.11583640301954433,-0.1427613397110943,2.7080502011022096,2.7080502011022096,0,0,1,0,0,0,0,0,0,0,0.0
15812_2009,0.035849546961358364,0.0,0.1684399217784761,0.0,0.008202505327643552,0.0,2.714944546228553,0.0,0.06318087339079195,0.0,-9.559278193088614,0.0,-0.1427613397110943,0.0,2.7080502011022096,0.0,0,0,1,0,0,0,0,0,0,0,0.0
15812_2010,0.0,0.0,0.0,0.0,0.0,0.0,0.0,0.0,0.0,0.0,0.0,0.0,0.0,0.0,0.0,0.0,0,0,1,0,0,0,0,0,0,0,0.0
15826_2008,0.0405515812127613,-0.0005324411985251379,0.044669841712664984,0.11624966167798845,0.0914187407422168,0.1563824170168207,2.1234370317000755,0.7100348926910721,0.13410826425389574,0.104572086488829,-11.390810939067345,-12.68548654624721,-0.71547573841985,-1.2394059035323424,2.079441541679836,0.7884573603642703,0,0,1,0,0,0,0,0,0,0,0.0
15826_2009,-0.0005324411985251379,-0.6375546756773565,0.11624966167798845,0.6199340782354527,0.1563824170168207,0.5790957523995107,0.7100348926910721,0.07767314408889328,0.104572086488829,0.2318514268518537,-12.68548654624721,-14.576941275186634,-1.2394059035323424,-1.8621771580891613,0.7884573603642703,-1.6094379124341005,0,0,1,0,0,0,0,0,0,0,0.0
15826_2010,-0.6375546756773565,-0.14334997806943553,0.6199340782354527,0.06979823880697729,0.5790957523995107,0.3123418468909207,0.07767314408889328,0.4774594262745774,0.2318514268518537,0.31465043347912,-14.576941275186634,-13.017230133650507,-1.8621771580891613,1.1987976382235048,-1.6094379124341005,0.14842000511827322,0,0,1,0,0,0,0,0,0,0,0.0
1582_2008,0.041457528604230666,0.05259165182110315,0.3172147568304878,0.3425077495262205,0.01868638929082981,0.015956494685430322,1.5351895306215495,1.2290912567420789,0.09126820842903817,0.06702150364999801,-11.418412845814444,-11.61920306974318,-0.11153362711271404,-0.04929866679037573,2.3730435566426067,2.211565694606877,0,0,1,0,0,0,0,0,0,0,0.0
1582_2009,0.05259165182110315,-0.09564518392813852,0.3425077495262205,0.8792696464343588,0.015956494685430322,0.04615109795465275,1.2290912567420789,0.1316778276915883,0.06702150364999801,0.23601614630502105,-11.61920306974318,-13.628976845083166,-0.04929866679037573,-2.072449108991461,2.211565694606877,-0.2876820724517809,0,0,1,0,0,0,0,0,0,0,0.0
1582_2010,-0.09564518392813852,0.02184188950139329,0.8792696464343588,0.5862378960078246,0.04615109795465275,0.04994503278260663,0.1316778276915883,0.40436428056692986,0.23601614630502105,0.3408785068703599,-13.628976845083166,-12.66435670671842,-2.072449108991461,1.3047097258754587,-0.2876820724517809,0.9082585601768908,0,0,1,0,0,0,0,0,0,0,0.0
15841_2008,0.027224320318510613,0.034278296603547066,0.09309491479233584,0.045109741619403336,0.005723516267576336,0.005269682517806384,3.2308202702835507,3.7209125446262092,0.19263674764367733,0.13489231597514068,-10.548555768677168,-10.27182779185678,0.04894749834868695,0.23765006855662585,2.7080502011022096,2.7080502011022096,0,0,0,0,0,0,0,0,0,0,0.0
15841_2009,0.034278296603547066,0.051420233236829566,0.045109741619403336,0.15266562605369333,0.005269682517806384,0.005675410141035032,3.7209125446262092,1.8085334746210933,0.13489231597514068,0.16898806644619566,-10.27182779185678,-11.23457154285762,0.23765006855662585,-0.6865781279207943,2.7080502011022096,2.7080502011022096,0,0,0,0,0,0,0,0,0,0,0.0
15841_2010,0.051420233236829566,0.00990573232347394,0.15266562605369333,0.1284593378130507,0.005675410141035032,0.04823979076391769,1.8085334746210933,1.2663913307205288,0.16898806644619566,0.22835572801227014,-11.23457154285762,-10.555771709412582,-0.6865781279207943,0.7572313838307162,2.7080502011022096,2.7080502011022096,0,0,0,0,0,0,0,0,0,0,0.0
15843_2008,0.06850097926267011,0.038735054153714234,0.15738866055386375,0.3052344715445069,0.3202586825212923,0.4462600529551443,1.698910895866261,0.9912402024365758,0.08110769572506328,0.11148666459989408,-8.87152120237558,-9.605670978544916,0.20172265593821587,-0.5777562483437431,2.392425796993835,1.8066480817218056,0,0,0,0,0,0,1,0,0,0,0.0
15843_2009,0.038735054153714234,-0.3438065397085148,0.3052344715445069,0.3313993469483042,0.4462600529551443,0.5226415408208059,0.9912402024365758,0.8692160074435905,0.11148666459989408,0.11462177988926915,-9.605670978544916,-9.714008403654066,-0.5777562483437431,-0.08151390182983059,1.8066480817218056,1.2612978709452054,0,0,0,0,0,0,1,0,0,0,0.0
15843_2010,-0.3438065397085148,-0.2990341166578491,0.3313993469483042,0.30876675534795045,0.5226415408208059,0.5309840725471302,0.8692160074435905,1.2902780980545072,0.11462177988926915,0.13110524750119432,-9.714008403654066,-9.892898125806806,-0.08151390182983059,-0.02240102319205589,1.2612978709452054,1.3110318766193438,0,0,0,0,0,0,1,0,0,0,0.0
15849_2008,-0.05148751575695525,0.016062557242374622,0.4923863575837561,0.4073402070439344,0.03249039787421658,0.04921109600066609,1.4144787291410028,1.6985413064509236,0.08519242220243294,0.09473374554346456,-13.067051958835034,-12.618488966471025,-0.20528765336479754,0.4602121518668705,1.7047480922384253,2.1598687907924505,0,0,0,0,1,0,0,0,0,0,0.0
15849_2009,0.016062557242374622,-0.0329709262416687,0.4073402070439344,0.4993689245145147,0.04921109600066609,0.007417904829388189,1.6985413064509236,1.2370598148431855,0.09473374554346456,0.2758201899658929,-12.618488966471025,-13.969158128852953,0.4602121518668705,-1.2718548814176018,2.1598687907924505,0.3148107398400336,0,0,0,0,1,0,0,0,0,0,0.0
15849_2010,-0.0329709262416687,-0.2229086250091808,0.4993689245145147,0.7942369368119537,0.007417904829388189,0.03549890239025943,1.2370598148431855,0.4095748309817516,0.2758201899658929,0.20759621740092435,-13.969158128852953,-14.479313221953205,-1.2718548814176018,-0.6794697117674712,0.3148107398400336,0.03922071315328133,0,0,0,0,1,0,0,0,0,0,0.0
15858_2008,-0.04413377870549439,-0.04287945511687667,0.033402912079341936,0.04313021216434378,0.07301932834491512,0.1995190241013345,4.432850423580246,2.6998605839302927,0.15406079328420338,0.14718459873084694,-11.628425910807,-11.986537285397551,-0.3170577608330175,-0.5537693749211383,1.786746927404511,1.3350010667323402,1,0,0,0,0,0,0,0,0,0,0.0
15858_2009,-0.04287945511687667,-0.24464669111360224,0.04313021216434378,0.15454770002470028,0.1995190241013345,0.2900191902110923,2.6998605839302927,1.1881994493859669,0.14718459873084694,0.1531305080280008,-11.986537285397551,-12.773988279027794,-0.5537693749211383,-0.8868397618783848,1.3350010667323402,0.04879016416943205,1,0,0,0,0,0,0,0,0,0,0.0
15858_2010,-0.24464669111360224,-0.2446861221078341,0.15454770002470028,0.07567302446861221,0.2900191902110923,0.37506193476705024,1.1881994493859669,1.2710237795213817,0.1531305080280008,0.15386647142061133,-12.773988279027794,-13.194749147709697,-0.8868397618783848,-0.2484797387995181,0.04879016416943205,-0.13811330212963427,1,0,0,0,0,0,0,0,0,0,0.0
15863_2008,-0.04971616882773865,-0.031036732471579974,0.02178002982563786,0.007597839045500201,0.002387270060179523,0.0016017066095919347,9.124200049650456,8.9670429171535,0.2872139400207841,0.15119173346980996,-11.791986949475405,-11.23946749320144,0.4156468705838552,0.4419855283072637,1.2237754316221157,1.7509374747078001,0,0,0,0,1,0,0,0,0,0,0.0
15863_2009,-0.031036732471579974,-0.04419172469036909,0.007597839045500201,0.012102178199519378,0.0016017066095919347,0.0026572801774601023,8.9670429171535,8.500591512050606,0.15119173346980996,0.1525917790199329,-11.23946749320144,-11.245338872405439,0.4419855283072637,0.022614175910106612,1.7509374747078001,1.2237754316221157,0,0,0,0,1,0,0,0,0,0,0.0
15863_2010,-0.04419172469036909,-0.03552705388616107,0.012102178199519378,0.01206396254769836,0.0026572801774601023,0.004633060243633871,8.500591512050606,11.008434488027348,0.1525917790199329,0.16559866534037504,-11.245338872405439,-11.155780908834796,0.022614175910106612,0.07640380874475522,1.2237754316221157,1.5173226235262949,0,0,0,0,1,0,0,0,0,0,0.0
15905_2008,0.008700284090909092,-0.039031544584668884,0.13227982954545456,0.15983220378408855,0.028453480113636367,0.013247069677220957,2.645876477037398,3.1723685170326066,0.06615801272235004,0.19763704194165416,-13.38652828949048,-13.311061371717903,-0.2591817294524055,0.02470443164868125,-0.10536051565782628,-0.020202707317519462,0,0,0,0,1,0,0,0,0,0,0.0
15905_2009,-0.039031544584668884,-0.08418508834482212,0.15983220378408855,0.4831233658188733,0.013247069677220957,0.01990729736154029,3.1723685170326066,1.1985999338551427,0.19763704194165416,0.28664942279888045,-13.311061371717903,-14.223993131882665,0.02470443164868125,-0.4960855042867899,-0.020202707317519462,-1.4271163556401458,0,0,0,0,1,0,0,0,0,0,0.0
15905_2010,-0.08418508834482212,0.0,0.4831233658188733,0.0,0.01990729736154029,0.0,1.1985999338551427,0.0,0.28664942279888045,0.0,-14.223993131882665,0.0,-0.4960855042867899,0.0,-1.4271163556401458,0.0,0,0,0,0,1,0,0,0,0,0,0.0
15909_2008,0.053952460334691615,0.05546472639523435,0.480875763045267,0.6380393288034082,0.006984001558005418,0.013172299062226354,1.5063370269806962,0.8194060234211702,0.09263409017834122,0.06336199928467451,-11.592523882775676,-12.084231854597967,-0.14896683532978086,-0.4635319542995083,2.468099531471619,1.9782390361706732,0,0,0,0,0,1,0,0,0,0,0.0
15909_2009,0.05546472639523435,0.033713509484872166,0.6380393288034082,0.8057800304264781,0.013172299062226354,0.012383533687427608,0.8194060234211702,0.3430324712097139,0.06336199928467451,0.19781793552096208,-12.084231854597967,-12.682542618206847,-0.4635319542995083,-0.7159897722297874,1.9782390361706732,0.8544153281560676,0,0,0,0,0,1,0,0,0,0,0.0
15909_2010,0.033713509484872166,0.0,0.8057800304264781,0.0,0.012383533687427608,0.0,0.3430324712097139,0.0,0.19781793552096208,0.0,-12.682542618206847,0.0,-0.7159897722297874,0.0,0.8544153281560676,0.0,0,0,0,0,0,1,0,0,0,0,0.0
15918_2008,0.01125664117281671,0.011473467285456715,0.8263486730461771,0.8583542174796367,0.02820937544692505,0.0369266065613275,1.8691833581287949,1.473920075923847,0.0555755703140192,0.03282325067628128,-11.267468792772222,-11.485959110036434,-0.10341749542270562,-0.2310254335101393,2.7080502011022096,2.7080502011022096,0,0,0,0,0,1,0,0,0,0,0.0
15918_2009,0.011473467285456715,0.006940429889200096,0.8583542174796367,0.9103077022270354,0.0369266065613275,0.0662613802396093,1.473920075923847,0.922092585622883,0.03282325067628128,0.06171621107270126,-11.485959110036434,-11.468627158904464,-0.2310254335101393,-0.08931342000826276,2.7080502011022096,2.5055259369907357,0,0,0,0,0,1,0,0,0,0,0.0
15918_2010,0.006940429889200096,0.000575965942469627,0.9103077022270354,0.8489410851277663,0.0662613802396093,0.10630190013246224,0.922092585622883,1.1143080745272576,0.06171621107270126,0.06287729910293051,-11.468627158904464,-11.084453275204368,-0.08931342000826276,-0.17736969897494595,2.5055259369907357,2.6232182655855123,0,0,0,0,0,1,0,0,0,0,0.0
15921_2008,0.013148787142462441,0.012133570049182354,0.8023097504132268,0.8477014740437029,0.036896235001081634,0.02477846535830821,1.4653581613823186,1.3248354374207056,0.06616191610762255,0.23237946956532185,-11.445050689311184,-11.936320537653256,0.3142722931482029,-1.116674645432855,2.7080502011022096,2.4997952622817508,0,0,0,0,0,1,0,0,0,0,0.0
15921_2009,0.012133570049182354,0.0060972880541567045,0.8477014740437029,0.9241722684073396,0.02477846535830821,0.0652721917687677,1.3248354374207056,0.6885405716857781,0.23237946956532185,0.14466352838292612,-11.936320537653256,-11.918144419575803,-1.116674645432855,-0.1264797616292021,2.4997952622817508,2.0082140323914683,0,0,0,0,0,1,0,0,0,0,0.0
15921_2010,0.0060972880541567045,-0.00037484928580368304,0.9241722684073396,0.9518027462511972,0.0652721917687677,0.10294724476481153,0.6885405716857781,0.4603468335343431,0.14466352838292612,0.1611065275517277,-11.918144419575803,-12.667853166910847,-0.1264797616292021,-0.5758962722572492,2.0082140323914683,1.4906543764441336,0,0,0,0,0,1,0,0,0,0,0.0
15926_2008,0.0152961139244577,0.010446862060766737,0.8404879774360565,0.8874560042970112,0.03594946191199532,0.01510729592584699,1.712632449086947,1.3466819778557748,0.025014300248907863,0.100256762104989,-11.519281497882451,-11.855489494586356,-0.08341545914920685,-0.32785020144834365,2.7080502011022096,2.7080502011022096,0,0,0,0,0,1,0,0,0,0,0.0
15926_2009,0.010446862060766737,0.004985493656284257,0.8874560042970112,0.9429630192273591,0.01510729592584699,0.01179061499003557,1.3466819778557748,0.7573968076123027,0.100256762104989,0.0985045413570844,-11.855489494586356,-12.008543721770673,-0.32785020144834365,-0.21611326791969104,2.7080502011022096,2.7080502011022096,0,0,0,0,0,1,0,0,0,0,0.0
15926_2010,0.004985493656284257,0.006441715645931787,0.9429630192273591,0.9320484096213072,0.01179061499003557,0.044368103365872186,0.7573968076123027,0.6793971067464184,0.0985045413570844,0.14085102888995882,-12.008543721770673,-12.04536082603417,-0.21611326791969104,-0.060307236797147085,2.7080502011022096,2.7080502011022096,0,0,0,0,0,1,0,0,0,0,0.0
15928_2008,-0.05272316592527716,-0.03574803164743732,0.05507410053702722,0.0465426107117213,0.03068891603475695,0.10666735875009732,5.210630334072611,3.802769276420437,0.1606062716767025,0.11026406258209842,-11.95274299910298,-11.773188169014473,0.3868081274401145,0.061219154819903414,1.9643112344262048,1.9712993830601329,0,0,0,0,1,0,0,0,0,0,0.0
15928_2009,-0.03574803164743732,-0.1187215990579568,0.0465426107117213,0.10777638551306633,0.10666735875009732,0.08449704856655445,3.802769276420437,3.57123434185958,0.11026406258209842,0.20545006727083592,-11.773188169014473,-11.79504739997206,0.061219154819903414,-0.02835899404037045,1.9712993830601329,1.4327007339340465,0,0,0,0,1,0,0,0,0,0,0.0
15928_2010,-0.1187215990579568,-0.039913222660784765,0.10777638551306633,0.040312282331088925,0.08449704856655445,0.1671552124448572,3.57123434185958,3.3386256073704796,0.20545006727083592,0.14707906757358544,-11.79504739997206,-11.225995521368661,-0.02835899404037045,0.4595169963113858,1.4327007339340465,2.039920783517553,0,0,0,0,1,0,0,0,0,0,0.0
15933_2008,0.014047568926209082,0.013242975227710242,0.7730434607000082,0.8780636272325256,0.03357521059095113,0.019604581569212184,2.4538318960218928,1.3260029913625275,0.03369765081482619,0.05845792152251994,-10.056453848928694,-10.64769068724431,0.05087387672486593,-0.5370058267417919,2.7080502011022096,2.4570214462984645,0,0,0,0,0,1,0,0,0,0,0.0
15933_2009,0.013242975227710242,0.001043517521435668,0.8780636272325256,0.9022737318800096,0.019604581569212184,0.01858142978187643,1.3260029913625275,1.1185830333557187,0.05845792152251994,0.086541330235507,-10.64769068724431,-10.323269991340807,-0.5370058267417919,0.20749228520841928,2.4570214462984645,2.2854389341590755,0,0,0,0,0,1,0,0,0,0,0.0
15933_2010,0.001043517521435668,-0.0017400921923525822,0.9022737318800096,0.8695845445516203,0.01858142978187643,0.03818655576130448,1.1185830333557187,1.3525047927807752,0.086541330235507,0.3503615353731456,-10.323269991340807,-10.049545568622381,0.20749228520841928,0.3549944520202217,2.2854389341590755,2.4283362982996057,0,0,0,0,0,1,0,0,0,0,0.0
15934_2008,0.016552290383950653,0.021721189333321463,0.1527609809673008,0.1709679688960943,0.1591726876012437,0.13936459220366396,2.123478706060695,2.2179676935137445,0.14691173124393014,0.13421047762629054,-8.583007802746003,-8.641405305336542,-0.3759265231051597,-0.14835934148506394,2.7080502011022096,2.7080502011022096,0,0,1,0,0,0,0,0,0,0,0.0
15934_2009,0.021721189333321463,0.02892986021723804,0.1709679688960943,0.2255102374098563,0.13936459220366396,0.2446959557891011,2.2179676935137445,1.5880141045414862,0.13421047762629054,0.2235366965580894,-8.641405305336542,-8.492222022663938,-0.14835934148506394,0.2280842025249519,2.7080502011022096,2.7080502011022096,0,0,1,0,0,0,0,0,0,0,0.0
15934_2010,0.02892986021723804,0.0307479382310912,0.2255102374098563,0.24297189712874626,0.2446959557891011,0.1835555639348063,1.5880141045414862,1.9426577378335117,0.2235366965580894,0.13622732489883252,-8.492222022663938,-8.510099069622568,0.2280842025249519,-0.2297235316087551,2.7080502011022096,2.7080502011022096,0,0,1,0,0,0,0,0,0,0,0.0
15939_2008,-0.031184499868553706,-0.0835171726941686,0.3750645899888265,0.42305798282399343,0.2623930323242154,0.273329932581193,1.5790469420466338,1.4684494395158207,0.09086576162299627,0.14369353211383154,-10.712191967604053,-10.515196577123946,-0.4759749633650783,0.20369543408254034,2.5922651681085,2.7080502011022096,0,1,0,0,0,0,0,0,0,0,0.0
15939_2009,-0.0835171726941686,-0.09906088945282517,0.42305798282399343,0.5371884643701929,0.273329932581193,0.33357837707196225,1.4684494395158207,1.1148438213837042,0.14369353211383154,0.4594820586053181,-10.515196577123946,-10.934483208794497,0.20369543408254034,0.14608538933793452,2.7080502011022096,1.8421356765531216,0,1,0,0,0,0,0,0,0,0,0.0
15939_2010,-0.09906088945282517,-0.004486106223317088,0.5371884643701929,0.2642430317831028,0.33357837707196225,0.3446587964295997,1.1148438213837042,1.368620607798264,0.4594820586053181,0.15927461758486733,-10.934483208794497,-10.594470141095947,0.14608538933793452,0.3153610084687005,1.8421356765531216,2.3988039507345884,0,1,0,0,0,0,0,0,0,0,0.0
15940_2008,0.051120663567968884,-0.012890457565781121,0.2090168372122985,0.22553477283213585,0.09439279498544212,0.12730719827297327,2.1516024753600718,3.786959802646069,0.11724607489277653,0.07307787510945761,-7.682737595783409,-7.336478125908555,-0.092478583554027,0.4364232487928933,2.7080502011022096,2.7080502011022096,0,0,0,0,0,0,1,0,0,0,0.0
15940_2009,-0.012890457565781121,-0.061144607096959826,0.22553477283213585,0.4035971290174513,0.12730719827297327,0.1533419382565644,3.786959802646069,8.888212206413654,0.07307787510945761,0.10388726268376253,-7.336478125908555,-7.672481526317915,0.4364232487928933,-0.15515891731619694,2.7080502011022096,2.7080502011022096,0,0,0,0,0,0,1,0,0,0,0.0
15940_2010,-0.061144607096959826,0.038886254273753786,0.4035971290174513,0.29637124021390393,0.1533419382565644,0.23726073843738366,8.888212206413654,4.731386451098799,0.10388726268376253,0.09821045590680552,-7.672481526317915,-7.711702828211099,-0.15515891731619694,-0.0693149501006868,2.7080502011022096,2.7080502011022096,0,0,0,0,0,0,1,0,0,0,0.0
15982_2008,0.005476230379759882,0.005071604021650675,0.8192448054270289,0.9057245406201576,0.031023125917841794,0.023068604630750944,1.84724151251419,0.9278455109523972,0.05591568844017108,0.04821179486423767,-9.986514593579633,-10.525754538706414,-0.1058728005165994,-0.561985253266157,2.7080502011022096,2.519308076505333,0,0,0,0,0,1,0,0,0,0,0.0
15982_2009,0.005071604021650675,-0.04791174211081687,0.9057245406201576,0.9881788864065518,0.023068604630750944,0.01909077363933625,0.9278455109523972,0.1398872997741181,0.04821179486423767,0.2401434181280571,-10.525754538706414,-12.211412624380614,-0.561985253266157,-1.6830574669327012,2.519308076505333,0.3364722366212129,0,0,0,0,0,1,0,0,0,0,1.0
15982_2010,-0.04791174211081687,-0.07161381150188986,0.9881788864065518,0.9970129758928424,0.01909077363933625,0.1304469979074072,0.1398872997741181,0.1952860212199647,0.2401434181280571,0.2623387758249444,-12.211412624380614,-13.795960308049779,-1.6830574669327012,-1.4753510112030237,0.3364722366212129,-1.0216512475319814,0,0,0,0,0,1,0,0,0,0,1.0
15993_2008,0.012055553459036106,0.012745336970383877,0.8202774001209635,0.8315319362596126,0.01941331679689452,0.017742855828530097,1.5784297127562663,1.4625696871439169,0.009275473802577169,0.042018532254957976,-11.880866308846974,-11.915168733961112,-0.12140421136212845,0.003071190585839722,2.7080502011022096,2.7080502011022096,0,0,0,0,0,1,0,0,0,0,0.0
15993_2009,0.012745336970383877,0.012818851410179246,0.8315319362596126,0.8554975440294044,0.017742855828530097,0.01244064057779864,1.4625696871439169,1.2472295984523036,0.042018532254957976,0.055699385789542664,-11.915168733961112,-11.555212187561052,0.003071190585839722,0.32870394532488323,2.7080502011022096,2.7080502011022096,0,0,0,0,0,1,0,0,0,0,0.0
15993_2010,0.012818851410179246,0.012972093377767452,0.8554975440294044,0.854444590354221,0.01244064057779864,0.03187465391068302,1.2472295984523036,1.2017079851794679,0.055699385789542664,0.0817776979066457,-11.555212187561052,-11.738199601043744,0.32870394532488323,-0.29108393419006545,2.7080502011022096,2.7080502011022096,0,0,0,0,0,1,0,0,0,0,0.0
15994_2008,0.025373749846433185,0.049754656209281566,0.2758769056328951,0.3387708966310505,0.032383948156212865,0.029731625613034926,1.8156701539612004,1.3147490643561868,0.13231900815203698,0.10836358325094897,-10.385227092447613,-10.651280496821931,0.8494020828567749,-0.3807544278068488,2.696652156149841,2.429217743927412,0,0,0,0,0,0,1,0,0,0,0.0
15994_2009,0.049754656209281566,0.03699063386873285,0.3387708966310505,0.5097292218513801,0.029731625613034926,0.16772822339687926,1.3147490643561868,0.6091860435264197,0.10836358325094897,0.18175107841829605,-10.651280496821931,-10.953436443072423,-0.3807544278068488,-0.4795431814174743,2.429217743927412,1.6331544390514163,0,0,0,0,0,0,1,0,0,0,0.0
15994_2010,0.03699063386873285,-0.003521076031614768,0.5097292218513801,0.4778203905455363,0.16772822339687926,0.1334003740062757,0.6091860435264197,0.7884041628491555,0.18175107841829605,0.13124519247798505,-10.953436443072423,-10.911091853536382,-0.4795431814174743,0.025654186536280377,1.6331544390514163,1.9095425048844383,0,0,0,0,0,0,1,0,0,0,0.0
15995_2008,0.030191151234000575,0.0035963117979764593,0.01811261207355036,0.04341899116953413,0.08732330960584618,0.028267633935215024,3.360079783080097,4.303789482630155,0.05283190096400085,0.11408706931972412,-10.009580412139538,-9.476774256701507,-0.27349308077193,0.3945961137200072,2.7080502011022096,2.7080502011022096,0,0,0,0,1,0,0,0,0,0,0.0
15995_2009,0.0035963117979764593,0.023888683499984686,0.04341899116953413,0.07977805680414182,0.028267633935215024,0.03991496088975662,4.303789482630155,3.0789530496626742,0.11408706931972412,0.10657582397850966,-9.476774256701507,-9.784213274652446,0.3945961137200072,-0.12660920213432975,2.7080502011022096,2.7080502011022096,0,0,0,0,1,0,0,0,0,0,0.0
15995_2010,0.023888683499984686,0.08476745724266246,0.07977805680414182,0.029775839175252145,0.03991496088975662,0.04643134648647355,3.0789530496626742,2.1693962641407603,0.10657582397850966,0.12018306013748815,-9.784213274652446,-10.129567600748857,-0.12660920213432975,-0.16329070179322172,2.7080502011022096,2.7080502011022096,0,0,0,0,1,0,0,0,0,0,0.0
16011_2008,-0.07526164362526958,0.0,0.7733021663345915,0.0,0.024014898214424985,0.0,0.7995109061632828,0.0,0.126615623903083,0.0,-9.952454502880686,0.0,-0.9079537640520354,0.0,2.3194422100604686,0.0,0,0,1,0,0,0,0,0,0,0,1.0
16011_2009,0.0,0.0,0.0,0.0,0.0,0.0,0.0,0.0,0.0,0.0,0.0,0.0,0.0,0.0,0.0,0.0,0,0,1,0,0,0,0,0,0,0,1.0
16011_2010,0.0,0.0,0.0,0.0,0.0,0.0,0.0,0.0,0.0,0.0,0.0,0.0,0.0,0.0,0.0,0.0,0,0,1,0,0,0,0,0,0,0,1.0
16026_2008,0.008030717068329857,0.007132148640377384,0.6902326461536871,0.7631547782380947,0.05890453023970911,0.06175567595137725,1.3271648738304815,1.120632909196648,0.03729013039002959,0.07811213710973293,-9.661057656601807,-9.991513486411302,-0.23447284598446386,-0.2870254550085713,2.5779415157551897,2.318458442150336,0,0,0,0,0,1,0,0,0,0,0.0
16026_2009,0.007132148640377384,0.004701035197217572,0.7631547782380947,0.7746054834557401,0.06175567595137725,0.0443953325488519,1.120632909196648,1.2173716911547865,0.07811213710973293,0.1019472594959202,-9.991513486411302,-9.443847275976523,-0.2870254550085713,0.4391631413319793,2.318458442150336,2.365559892155434,0,0,0,0,0,1,0,0,0,0,0.0
16026_2010,0.004701035197217572,0.007093323158355336,0.7746054834557401,0.7856080758666378,0.0443953325488519,0.02457577863629976,1.2173716911547865,1.1685275400154018,0.1019472594959202,0.09478262658757086,-9.443847275976523,-9.739218610715907,0.4391631413319793,-0.2721799759846837,2.365559892155434,2.2935443483418965,0,0,0,0,0,1,0,0,0,0,0.0
16029_2008,0.055872610194414585,0.08134290461495353,0.08932405214631613,0.11057301214377284,0.09994283660343144,0.15403863478256655,2.1147565770664034,1.5319039806260162,0.06780319630361538,0.08056855473728104,-8.755957740607862,-9.00539145122374,-0.029541098257556162,-0.402657962249516,2.7080502011022096,2.7080502011022096,0,0,1,0,0,0,0,0,0,0,0.0
16029_2009,0.08134290461495353,0.06779623055326252,0.11057301214377284,0.14561563523863275,0.15403863478256655,0.18049844962495484,1.5319039806260162,1.2355365196499652,0.08056855473728104,0.09546159707987764,-9.00539145122374,-8.788014586407861,-0.402657962249516,0.20986594851914311,2.7080502011022096,2.7080502011022096,0,0,1,0,0,0,0,0,0,0,0.0
16029_2010,0.06779623055326252,0.043727169499429897,0.14561563523863275,0.14070191042209987,0.18049844962495484,0.2671238703983093,1.2355365196499652,1.2796734475727385,0.09546159707987764,0.0933139979650652,-8.788014586407861,-8.927673410716471,0.20986594851914311,0.01029700250349097,2.7080502011022096,2.7080502011022096,0,0,1,0,0,0,0,0,0,0,0.0
16035_2008,0.0106931220231513,0.007888573266713949,0.7835601786601158,0.8852781402856849,0.04250151006935341,0.023948256106368908,1.4108684389635908,0.7616958639269498,0.04339648397440829,0.08464733711732612,-8.915565336136465,-9.545767541190012,-0.061628993850299775,-0.6346526293851166,2.7080502011022096,2.7080502011022096,0,0,0,0,0,1,0,0,0,0,0.0
16035_2009,0.007888573266713949,0.006395806283703001,0.8852781402856849,0.890949949144544,0.023948256106368908,0.025645875067063617,0.7616958639269498,0.6999580320794736,0.08464733711732612,0.12330895545434215,-9.545767541190012,-9.107408141854918,-0.6346526293851166,0.2950014334006049,2.7080502011022096,2.6720775406433925,0,0,0,0,0,1,0,0,0,0,0.0
16035_2010,0.006395806283703001,-0.017081176955306438,0.890949949144544,0.8703814478767214,0.025645875067063617,0.0674280256643776,0.6999580320794736,0.8669912089512865,0.12330895545434215,0.1670976408248203,-9.107408141854918,-9.051379673076992,0.2950014334006049,0.016922296755683408,2.6720775406433925,2.596000697293587,0,0,0,0,0,1,0,0,0,0,0.0
16037_2008,0.008030654444546401,0.0069235169684084465,0.8993296713380311,0.9113355640013407,0.05968883587152219,0.0417768270283993,1.5581405599183116,1.2681015943838687,0.09588868770221612,0.06732704374879724,-11.513145457585649,-11.672646299837432,-0.413678250541973,-0.2655743504191255,2.7080502011022096,2.7080502011022096,0,0,0,0,0,1,0,0,0,0,0.0
16037_2009,0.0069235169684084465,0.0016530295126463276,0.9113355640013407,0.9528480867507282,0.0417768270283993,0.02411924037550248,1.2681015943838687,0.717346174997797,0.06732704374879724,0.1227261017059513,-11.672646299837432,-11.817952647934971,-0.2655743504191255,-0.0962122094444034,2.7080502011022096,2.0825616690160795,0,0,0,0,0,1,0,0,0,0,0.0
16037_2010,0.0016530295126463276,-0.015333219783530166,0.9528480867507282,0.9733637258892832,0.02411924037550248,0.03908995933867336,0.717346174997797,0.5642802923257629,0.1227261017059513,0.14424342021052405,-11.817952647934971,-12.604497117678905,-0.0962122094444034,-0.9260274787966082,2.0825616690160795,1.5282278570085572,0,0,0,0,0,1,0,0,0,0,0.0
16065_2008,0.021283510987690997,0.041425586573966174,0.0856063747258775,0.1157925366318254,0.12003037009813693,0.08430203187578385,2.8012599161189233,2.8197854628735812,0.07068417348077055,0.05497108482107442,-9.637362743874686,-9.883526997345015,0.21875602746874995,-0.07982194549137156,2.7080502011022096,2.7080502011022096,0,0,0,0,0,0,1,0,0,0,0.0
16065_2009,0.041425586573966174,0.0492187351575224,0.1157925366318254,0.1951262269061843,0.08430203187578385,0.18510242712829256,2.8197854628735812,1.8721595511343816,0.05497108482107442,0.1035333288832584,-9.883526997345015,-9.955176668039707,-0.07982194549137156,-0.02959246723835335,2.7080502011022096,2.7080502011022096,0,0,0,0,0,0,1,0,0,0,0.0
16065_2010,0.0492187351575224,0.026650459479860656,0.1951262269061843,0.1308965267992238,0.18510242712829256,0.19344513267059585,1.8721595511343816,2.465799610179312,0.1035333288832584,0.0690022474743639,-9.955176668039707,-9.819059013103272,-0.02959246723835335,0.1525592988665192,2.7080502011022096,2.7080502011022096,0,0,0,0,0,0,1,0,0,0,0.0
16066_2008,0.034788809931156316,0.046522340198429865,0.2498659214293872,0.28944681195967475,0.16677586892484006,0.14343413126143725,2.090539698585588,1.8056572613956816,0.04295370117674422,0.0543420868791025,-9.961457461441846,-10.130992454378898,-0.023141854527481368,-0.14142690814951106,2.7080502011022096,2.7080502011022096,0,1,0,0,0,0,0,0,0,0,0.0
16066_2009,0.046522340198429865,0.016863690656674514,0.28944681195967475,0.407324778136101,0.14343413126143725,0.2311646970725881,1.8056572613956816,1.2526912268308787,0.0543420868791025,0.13063440555853287,-10.130992454378898,-10.2267043000536,-0.14142690814951106,-0.018013767238182155,2.7080502011022096,2.7080502011022096,0,1,0,0,0,0,0,0,0,0,0.0
16066_2010,0.016863690656674514,0.018085617595961702,0.407324778136101,0.38783319401446337,0.2311646970725881,0.2463641939475996,1.2526912268308787,1.0414277774294438,0.13063440555853287,0.12211530249019464,-10.2267043000536,-10.463510043559538,-0.018013767238182155,-0.05890537910643304,2.7080502011022096,2.7080502011022096,0,1,0,0,0,0,0,0,0,0,0.0
16075_2008,-0.0018137756258785477,0.03272725129979945,0.3232929096487825,0.26673632976309963,0.16054433421838865,0.13354494153603194,1.1368833313512527,1.2991396419298498,0.060788492971227126,0.06462946779120803,-11.244010542170123,-11.14506320195907,0.0073735635384780535,0.08413951059606886,2.7080502011022096,2.7080502011022096,0,0,0,0,0,0,0,0,0,1,0.0
16075_2009,0.03272725129979945,0.0,0.26673632976309963,0.0,0.13354494153603194,0.0,1.2991396419298498,0.0,0.06462946779120803,0.0,-11.14506320195907,0.0,0.08413951059606886,0.0,2.7080502011022096,0.0,0,0,0,0,0,0,0,0,0,1,0.0
16075_2010,0.0,-0.02561301901440285,0.0,0.3437524536324445,0.0,0.04461487785149838,0.0,1.2032042492538757,0.0,0.13463144159883314,0.0,-11.111386437039117,0.0,-0.4615294625583926,0.0,2.7080502011022096,0,0,0,0,0,0,0,0,0,1,0.0
16080_2008,0.03949674325567983,0.05386565264733988,0.6136947788637295,0.6200745986272177,0.05739804463672594,0.10110442668582202,3.193695898115544,2.0836865779626543,0.2703091647515249,0.1409493484143941,-8.935343296716377,-9.023751467768204,0.4011657604640051,-0.2276072293941833,2.234306252240751,2.1435893615035875,0,0,0,0,0,0,1,0,0,0,0.0
16080_2009,0.05386565264733988,-0.17981206185586898,0.6200745986272177,0.8428974619448428,0.10110442668582202,0.16898502873973126,2.0836865779626543,1.5751053984709786,0.1409493484143941,0.2579829721060221,-9.023751467768204,-9.887258354106356,-0.2276072293941833,-0.8338674987900663,2.1435893615035875,0.7793248768009977,0,0,0,0,0,0,1,0,0,0,0.0
16080_2010,-0.17981206185586898,0.046495789027995366,0.8428974619448428,0.6090560848077469,0.16898502873973126,0.11866441963847628,1.5751053984709786,2.755038279043541,0.2579829721060221,0.24616303635211975,-9.887258354106356,-8.93189556496655,-0.8338674987900663,0.8302467804329582,0.7793248768009977,1.9685099809725544,0,0,0,0,0,0,1,0,0,0,0.0
16084_2008,0.01129514630904873,0.010614577850169338,0.8135247437512225,0.8528211189130672,0.0280379213457471,0.02589212112785166,1.8011276580811448,1.3030613456203368,0.05533517778708485,0.04753065330940058,-11.957503626913352,-12.288038008122056,-0.3199109666699185,-0.3323002451562368,2.7080502011022096,2.6390573296152584,0,0,0,0,0,1,0,0,0,0,0.0
16084_2009,0.010614577850169338,0.0068137446999304505,0.8528211189130672,0.8975002988263313,0.02589212112785166,0.022577148889147792,1.3030613456203368,0.9572769382512288,0.04753065330940058,0.0863766321287027,-12.288038008122056,-12.171350351105655,-0.3323002451562368,0.18012262221623215,2.6390573296152584,2.26176309847379,0,0,0,0,0,1,0,0,0,0,0.0
16084_2010,0.0068137446999304505,0.007373686173621139,0.8975002988263313,0.9038288654469641,0.022577148889147792,0.031885693518615935,0.9572769382512288,0.909631606323074,0.0863766321287027,0.03249051668089861,-12.171350351105655,-12.3981332770771,0.18012262221623215,-0.2625271192461274,2.26176309847379,2.2695452389158457,0,0,0,0,0,1,0,0,0,0,0.0
16094_2008,0.051752874187432116,0.0,0.4821400606964278,0.0,0.01509810682843839,0.0,1.0998489322716214,0.0,0.08711405254846223,0.0,-9.714251523486789,0.0,-0.08411915987468159,0.0,2.7080502011022096,0.0,0,0,1,0,0,0,0,0,0,0,0.0
16094_2009,0.0,0.0,0.0,0.0,0.0,0.0,0.0,0.0,0.0,0.0,0.0,0.0,0.0,0.0,0.0,0.0,0,0,1,0,0,0,0,0,0,0,0.0
16094_2010,0.0,0.0,0.0,0.0,0.0,0.0,0.0,0.0,0.0,0.0,0.0,0.0,0.0,0.0,0.0,0.0,0,0,1,0,0,0,0,0,0,0,0.0
16101_2008,-0.34326117546959883,0.007153221282149125,0.6115215328228287,0.3613931795590123,0.10995483997643823,0.08697503669315433,1.7202067095470033,2.4861238332913445,0.17593053931565747,0.2101032330444387,-13.41528971174974,-12.392680859175757,-0.8109172559625222,0.5096412267153658,0.1570037488096647,1.091923300517313,0,0,0,0,0,0,1,0,0,0,0.0
16101_2009,0.007153221282149125,0.07130927629240454,0.3613931795590123,0.6200669026600379,0.08697503669315433,0.1407926066230712,2.4861238332913445,0.7999442290382175,0.2101032330444387,0.1328299294244593,-12.392680859175757,-13.128630798093536,0.5096412267153658,-0.6573536518829122,1.091923300517313,-0.2231435513142097,0,0,0,0,0,0,1,0,0,0,0.0
16101_2010,0.07130927629240454,0.060727521753142125,0.6200669026600379,0.21863922010957132,0.1407926066230712,0.06758832178536897,0.7999442290382175,1.950071915593902,0.1328299294244593,0.2049240940661109,-13.128630798093536,-11.982583047036087,-0.6573536518829122,1.5063266466453884,-0.2231435513142097,1.8325814637483104,0,0,0,0,0,0,1,0,0,0,0.0
16107_2008,0.0071495373245689785,0.007153329762671006,0.8484759409157125,0.8847319199204371,0.02621719419405337,0.03258701002649528,2.420816615673617,1.8416568228281696,0.05480938850086897,0.06980029417632343,-10.59752093848268,-10.776109736870039,0.11345952702827733,-0.17195646556612454,2.7080502011022096,2.7080502011022096,0,0,0,0,0,1,0,0,0,0,0.0
16107_2009,0.007153329762671006,0.010700181072747532,0.8847319199204371,0.8851105704549721,0.03258701002649528,0.023276449405513544,1.8416568228281696,1.8566840202226245,0.06980029417632343,0.09819363600537198,-10.776109736870039,-10.078418749733247,-0.17195646556612454,0.5456237222897902,2.7080502011022096,2.7080502011022096,0,0,0,0,0,1,0,0,0,0,0.0
16107_2010,0.010700181072747532,0.01424790808064606,0.8851105704549721,0.9056706070816816,0.023276449405513544,0.016741516644179257,1.8566840202226245,1.39304882253006,0.09819363600537198,0.08967858384711483,-10.078418749733247,-10.427493503033158,0.5456237222897902,-0.2656376178414046,2.7080502011022096,2.7080502011022096,0,0,0,0,0,1,0,0,0,0,0.0
16119_2008,0.060453289608064675,-0.0579009483936173,0.2684486454193669,0.22852123857176115,0.5870967114413828,0.6210680733799026,0.9618652102152364,0.95292635707969,0.1535572356852335,0.05856635071014065,-11.3972432379302,-11.480685349887185,-0.4547855507193056,-0.05672245351131192,2.3174737054877963,2.2375130962503307,0,0,0,0,1,0,0,0,0,0,0.0
16119_2009,-0.0579009483936173,-0.3482062744020241,0.22852123857176115,0.4236656185079501,0.6210680733799026,0.9117465180382996,0.95292635707969,0.5586496862099672,0.05856635071014065,0.16389965198728454,-11.480685349887185,-11.832538702202092,-0.05672245351131192,-0.2865644546538765,2.2375130962503307,1.3887912413184778,0,0,0,0,1,0,0,0,0,0,0.0
16119_2010,-0.3482062744020241,-0.3241343940782693,0.4236656185079501,0.3369413728192641,0.9117465180382996,0.736787611807532,0.5586496862099672,0.9243958181205888,0.16389965198728454,0.2285553706241521,-11.832538702202092,-11.88178620269066,-0.2865644546538765,-0.2543167918925159,1.3887912413184778,1.572773928062509,0,0,0,0,1,0,0,0,0,0,0.0
16121_2008,0.006127327686758545,0.025459513164431197,0.1112006122135036,0.09397251200529888,0.2307094653582052,0.1887200252621526,1.6380513094239937,1.8903593277208297,0.15465735853990364,0.18275639638365895,-11.439917400889607,-11.132633144194275,0.5966268206027069,0.2431404807957944,1.551808799597464,1.824549292051046,0,0,0,0,0,0,1,0,0,0,0.0
16121_2009,0.025459513164431197,-0.011640361814206985,0.09397251200529888,0.30406855142539524,0.1887200252621526,0.5291718617483181,1.8903593277208297,0.4832653394504755,0.18275639638365895,0.20897938682967576,-11.132633144194275,-12.158003207530212,0.2431404807957944,-1.0060218438678965,1.824549292051046,0.30010459245033816,0,0,0,0,0,0,1,0,0,0,0.0
16121_2010,-0.011640361814206985,-0.01709063076853811,0.30406855142539524,0.09630363333483408,0.5291718617483181,0.3187879879339066,0.4832653394504755,1.0908707509464683,0.20897938682967576,0.2137435171419585,-12.158003207530212,-11.502061967207398,-1.0060218438678965,0.5454867448590558,0.30010459245033816,1.1786549963416462,0,0,0,0,0,0,1,0,0,0,0.0
16123_2008,0.026693912572238764,0.030500540587996956,0.34802693187982303,0.3621958049681887,0.01204972101942798,0.003170078692940045,2.219639686974551,2.2898522335650897,0.0408831626085819,0.12083957809211912,-8.819218790406788,-8.720464033281129,0.06823416697039962,-0.3605809209775379,2.7080502011022096,2.7080502011022096,0,1,0,0,0,0,0,0,0,0,0.0
16123_2009,0.030500540587996956,0.027304683730015974,0.3621958049681887,0.34798106468969403,0.003170078692940045,0.06861712858538556,2.2898522335650897,1.8247908738068233,0.12083957809211912,0.08213097469988379,-8.720464033281129,-8.045583001251115,-0.3605809209775379,0.4996146230168079,2.7080502011022096,2.7080502011022096,0,1,0,0,0,0,0,0,0,0,0.0
16123_2010,0.027304683730015974,0.02689216861116696,0.34798106468969403,0.3583366469529257,0.06861712858538556,0.0023602423240886715,1.8247908738068233,1.7700354488597858,0.08213097469988379,0.08083830856630643,-8.045583001251115,-8.23845006924314,0.4996146230168079,-0.15792338499477118,2.7080502011022096,2.7080502011022096,0,1,0,0,0,0,0,0,0,0,0.0
16130_2008,-0.02935912997405485,0.03683842368405533,0.20001198094448228,0.1500566807986423,0.1139062124686736,0.11095757786238034,1.3437250249036603,1.89199907302854,0.16614287471899167,0.0706847581509697,-11.435415817153284,-11.034945594126356,-0.5933321633124605,0.40621486808746426,1.1249295969854831,1.5769147207285403,0,0,0,0,0,0,1,0,0,0,0.0
16130_2009,0.03683842368405533,0.11623604839050525,0.1500566807986423,0.2584489939235518,0.11095757786238034,0.21969497465708215,1.89199907302854,1.1888243103149023,0.0706847581509697,0.21567272131457269,-11.034945594126356,-11.128654853900551,0.40621486808746426,0.12314941798638555,1.5769147207285403,1.0715836162801904,0,0,0,0,0,0,1,0,0,0,0.0
16130_2010,0.11623604839050525,-0.04500460154212773,0.2584489939235518,0.2529229537341861,0.21969497465708215,0.09912640069554968,1.1888243103149023,1.1338006329389974,0.21567272131457269,0.139859985950798,-11.128654853900551,-11.382736523074186,0.12314941798638555,-0.3074295705044862,1.0715836162801904,1.0224509277025455,0,0,0,0,0,0,1,0,0,0,0.0
16147_2008,-0.0002085928809012505,-0.02373858672653626,0.0896244285179373,0.4504264950322887,0.12447853615979625,0.042597575070395625,1.8747615293209163,1.1600083551842697,0.2617964068899802,0.14735962302140104,-9.922531207646946,-10.5609737480456,-0.3067644444434201,-0.7095062463895494,2.7080502011022096,2.105352923464337,0,0,0,0,0,0,0,0,0,0,0.0
16147_2009,-0.02373858672653626,-0.3757152965788826,0.4504264950322887,0.9348541717942408,0.042597575070395625,0.05580338830092706,1.1600083551842697,0.13305413433911994,0.14735962302140104,0.22652513735537375,-10.5609737480456,-12.64285092764688,-0.7095062463895494,-2.204133929553872,2.105352923464337,-0.8209805520698302,0,0,0,0,0,0,0,0,0,0,0.0
16147_2010,-0.3757152965788826,-0.7753823592983455,0.9348541717942408,0.8973286997884107,0.05580338830092706,0.04491713692819725,0.13305413433911994,40.8037,0.22652513735537375,0.2287529740517547,-12.64285092764688,-12.402052925132748,-2.204133929553872,-0.041349323052533034,-0.8209805520698302,-0.342490308946776,0,0,0,0,0,0,0,0,0,0,0.0
16148_2008,-0.1740902062267741,-0.5417800829035327,0.031835073397911015,0.38819449064659545,0.27758502942996993,0.7505720228057031,2.863687370498307,1.4000766555919857,0.22456919864628275,0.35785257482633465,-11.002206688715656,-12.625442422118216,-0.9408633598310032,-1.6162279722702309,1.3887912413184778,-0.23572233352106986,0,0,0,0,1,0,0,0,0,0,0.0
16148_2009,-0.5417800829035327,0.0,0.38819449064659545,0.0,0.7505720228057031,0.0,1.4000766555919857,0.0,0.35785257482633465,0.0,-12.625442422118216,0.0,-1.6162279722702309,0.0,-0.23572233352106986,0.0,0,0,0,0,1,0,0,0,0,0,0.0
16148_2010,0.0,0.0,0.0,0.0,0.0,0.0,0.0,0.0,0.0,0.0,0.0,0.0,0.0,0.0,0.0,0.0,0,0,0,0,1,0,0,0,0,0,0.0
16149_2008,0.04535210944962097,0.045861448976431886,0.07401167869928339,0.10829068760327416,0.05297883489307196,0.06916397217188648,5.470177731676642,5.500449393319019,0.1075863695001249,0.12372760849249648,-9.328763816985818,-9.59785070132143,0.06576174538528834,-0.2612949049028303,2.7080502011022096,2.7080502011022096,0,0,0,0,0,0,1,0,0,0,0.0
16149_2009,0.045861448976431886,0.0702398376556923,0.10829068760327416,0.25873875894788506,0.06916397217188648,0.20742017318763406,5.500449393319019,2.6218314551217223,0.12372760849249648,0.16519622024233566,-9.59785070132143,-10.051365550016893,-0.2612949049028303,-0.25473245403410844,2.7080502011022096,2.7080502011022096,0,0,0,0,0,0,1,0,0,0,0.0
16149_2010,0.0702398376556923,0.057898861704835484,0.25873875894788506,0.13082851145838412,0.20742017318763406,0.17432093378422606,2.6218314551217223,3.681619218370524,0.16519622024233566,0.0939012058315673,-10.051365550016893,-9.342154217084175,-0.25473245403410844,0.5909719106988708,2.7080502011022096,2.7080502011022096,0,0,0,0,0,0,1,0,0,0,0.0
16167_2008,0.02069512377830029,0.034512103839054974,0.02244526833391101,0.03647982790088021,0.057620355819580915,0.0660828234308061,5.323077114027387,4.252085755749116,0.062043878509857875,0.21686084098373012,-7.054086857243006,-7.182646104709324,0.2825162301209849,-0.9384312192768248,2.7080502011022096,2.7080502011022096,0,0,0,0,0,0,1,0,0,0,0.0
16167_2009,0.034512103839054974,0.0758991979307403,0.03647982790088021,0.07204773356569076,0.0660828234308061,0.13433864721379152,4.252085755749116,2.294457166212829,0.21686084098373012,0.12092704696706298,-7.182646104709324,-7.306938048107653,-0.9384312192768248,-0.014721913251115491,2.7080502011022096,2.7080502011022096,0,0,0,0,0,0,1,0,0,0,0.0
16167_2010,0.0758991979307403,0.03778375745721089,0.07204773356569076,0.048385129877971486,0.13433864721379152,0.0988330424536161,2.294457166212829,3.6071574306307204,0.12092704696706298,0.06476522976533329,-7.306938048107653,-6.6023470094847765,-0.014721913251115491,0.5871465336353832,2.7080502011022096,2.7080502011022096,0,0,0,0,0,0,1,0,0,0,0.0
16169_2008,0.0065587471744142705,-0.11194440025813426,0.4522933833293265,0.6438613575845047,0.002946595824667666,0.0026490231807849477,2.4675845317305307,2.9520995764506117,0.10936270098356272,0.2916292789456703,-10.561751412346133,-10.825835088924515,0.38179961488330394,-0.08179213330186633,2.1412419425852827,1.8825138324965192,0,0,1,0,0,0,0,0,0,0,0.0
16169_2009,-0.11194440025813426,0.0,0.6438613575845047,0.0,0.0026490231807849477,0.0,2.9520995764506117,0.0,0.2916292789456703,0.0,-10.825835088924515,0.0,-0.08179213330186633,0.0,1.8825138324965192,0.0,0,0,1,0,0,0,0,0,0,0,0.0
16169_2010,0.0,0.0,0.0,0.0,0.0,0.0,0.0,0.0,0.0,0.0,0.0,0.0,0.0,0.0,0.0,0.0,0,0,1,0,0,0,0,0,0,0,0.0
16171_2008,-0.12613542784587767,0.0,0.8987502083167087,0.0,0.0002931362155137457,0.0,3.0961957613374347,0.0,0.182985278249822,0.0,-12.740317597804331,0.0,-0.8612363661522293,0.0,0.5247285289349821,0.0,0,0,0,1,0,0,0,0,0,0,1.0
16171_2009,0.0,0.0,0.0,0.0,0.0,0.0,0.0,0.0,0.0,0.0,0.0,0.0,0.0,0.0,0.0,0.0,0,0,0,1,0,0,0,0,0,0,1.0
16171_2010,0.0,0.0,0.0,0.0,0.0,0.0,0.0,0.0,0.0,0.0,0.0,0.0,0.0,0.0,0.0,0.0,0,0,0,1,0,0,0,0,0,0,1.0
16174_2008,-0.0042563612193017245,0.0005502925722175623,0.6658581523893929,0.7053916999204577,0.016461817135838174,0.0041855586553517605,0.9518368051979976,0.9811616039044092,0.04680207671259355,0.06884463240166966,-13.438084130052323,-13.833672051590145,-0.10958686616100788,-0.3053239647131421,1.7001922757025645,1.3110318766193438,0,0,0,0,0,1,0,0,0,0,0.0
16174_2009,0.0005502925722175623,-0.010465704392483368,0.7053916999204577,0.8011516165428159,0.0041855586553517605,0.012955686106680157,0.9811616039044092,0.6195339252704628,0.06884463240166966,0.16245920555039198,-13.833672051590145,-13.921294460129793,-0.3053239647131421,-0.09589492291189544,1.3110318766193438,0.7323678937132266,0,0,0,0,0,1,0,0,0,0,0.0
16174_2010,-0.010465704392483368,-0.29243742470887435,0.8011516165428159,0.7036273591219382,0.012955686106680157,0.047383215098380414,0.6195339252704628,0.5058415538487546,0.16245920555039198,0.2658703390156352,-13.921294460129793,-14.669091890339846,-0.09589492291189544,-0.7350804878615005,0.7323678937132266,0.21913552991667104,0,0,0,0,0,1,0,0,0,0,0.0
16177_2008,0.002603366470117569,0.0,0.9070233090395924,0.0,0.04221452174332545,0.0,1.1768928997588748,0.0,0.060454492526750114,0.0,-13.293895528601212,0.0,0.03236248133623545,0.0,1.810744769139136,0.0,0,0,0,0,0,1,0,0,0,0,0.0
16177_2009,0.0,0.0,0.0,0.0,0.0,0.0,0.0,0.0,0.0,0.0,0.0,0.0,0.0,0.0,0.0,0.0,0,0,0,0,0,1,0,0,0,0,0.0
16177_2010,0.0,0.0,0.0,0.0,0.0,0.0,0.0,0.0,0.0,0.0,0.0,0.0,0.0,0.0,0.0,0.0,0,0,0,0,0,1,0,0,0,0,0.0
16182_2008,-0.030992046454428008,-0.17329719193877374,0.6923929567397936,0.7288449182010059,0.0016626216721761864,0.02499987997951444,1.273304834393755,2.459690147576268,0.0818378891988299,0.07385063676921685,-10.454136401023083,-10.669343388663314,-0.3444040741063361,-0.26855905064129504,2.340843805111136,2.0844290831908747,0,0,0,0,0,0,0,1,0,0,0.0
16182_2009,-0.17329719193877374,-0.4042125756985614,0.7288449182010059,0.8847906592850848,0.02499987997951444,0.059237809018054775,2.459690147576268,103.0835,0.07385063676921685,0.5618072713243137,-10.669343388663314,-11.41020251488641,-0.26855905064129504,-0.5253713328685974,2.0844290831908747,0.9122827104766164,0,0,0,0,0,0,0,1,0,0,0.0
16182_2010,-0.4042125756985614,-0.15808843529606115,0.8847906592850848,0.8816079798089194,0.059237809018054775,0.02122743563394333,103.0835,94.8868,0.5618072713243137,0.34932599918101204,-11.41020251488641,-11.72665585233012,-0.5253713328685974,-0.014844862720389762,0.9122827104766164,0.8241754429663494,0,0,0,0,0,0,0,1,0,0,0.0
16188_2008,0.011849456710525891,0.0166124322981677,0.024183012901489862,0.04169823612024564,0.15100466396907722,0.19519790206986265,3.1224817202634765,2.6621593647594604,0.12750109240170773,0.08541954001890914,-9.429905672527212,-9.545709613953667,-0.03625153423032125,-0.02161354337536176,2.7080502011022096,2.7080502011022096,0,1,0,0,0,0,0,0,0,0,0.0
16188_2009,0.0166124322981677,0.03615882097249798,0.04169823612024564,0.04546909693260183,0.19519790206986265,0.28672419261991755,2.6621593647594604,1.922640066209299,0.08541954001890914,0.10484616999931587,-9.545709613953667,-9.399280536355336,-0.02161354337536176,0.16916068663014003,2.7080502011022096,2.7080502011022096,0,1,0,0,0,0,0,0,0,0,0.0
16188_2010,0.03615882097249798,0.020615496019774467,0.04546909693260183,0.0502599903765678,0.28672419261991755,0.24921447052760476,1.922640066209299,2.1044098711945556,0.10484616999931587,0.11063332266990757,-9.399280536355336,-9.352531332008104,0.16916068663014003,0.0470325548080538,2.7080502011022096,2.7080502011022096,0,1,0,0,0,0,0,0,0,0,0.0
1620_2008,0.009022626264481418,0.009090728796227769,0.8179342286408582,0.8808013920945645,0.031455239126137555,0.03581693884337045,1.2782093059563628,0.8420688792079262,0.044310320753942666,0.04678540634494093,-6.144581926165452,-6.662830868641085,0.014692370033040622,-0.4443203551406498,2.7080502011022096,2.7080502011022096,0,0,0,0,0,1,0,0,0,0,0.0
1620_2009,0.009090728796227769,-0.04146914717872012,0.8808013920945645,0.959216356023432,0.03581693884337045,0.08131418106230852,0.8420688792079262,0.4331500049392232,0.04678540634494093,0.17696157380427865,-6.662830868641085,-7.262309252654724,-0.4443203551406498,-0.7310185817035679,2.7080502011022096,2.074428999856292,0,0,0,0,0,1,0,0,0,0,0.0
1620_2010,-0.04146914717872012,-0.007885524101251998,0.959216356023432,0.9517468114330698,0.08131418106230852,0.06127151656171655,0.4331500049392232,0.4679506940083786,0.17696157380427865,0.2919577902660937,-7.262309252654724,-7.364954007248653,-0.7310185817035679,0.12785364193919774,2.074428999856292,1.6658182458702082,0,0,0,0,0,1,0,0,0,0,0.0
16222_2008,0.008587298134810737,0.007660609507525789,0.850957295494499,0.8968072880861179,0.02471994506988497,0.026498950167785897,1.8722534166101923,1.3031022290290248,0.049876218391660516,0.08146641738878416,-10.282014631608297,-10.677364069276766,0.08778781899573201,-0.3776882529962681,2.7080502011022096,2.7080502011022096,0,0,0,0,0,1,0,0,0,0,0.0
16222_2009,0.007660609507525789,0.007965861082313678,0.8968072880861179,0.8671847711445891,0.026498950167785897,0.14588684424738996,1.3031022290290248,1.843008013849521,0.08146641738878416,0.14932017192363614,-10.677364069276766,-9.665159466009372,-0.3776882529962681,0.8137926263887374,2.7080502011022096,2.7080502011022096,0,0,0,0,0,1,0,0,0,0,0.0
16222_2010,0.007965861082313678,0.010450730576291152,0.8671847711445891,0.8936732734155799,0.14588684424738996,0.26496524972709184,1.843008013849521,1.309708970672674,0.14932017192363614,0.15016010953037126,-9.665159466009372,-10.167817936340832,0.8137926263887374,-0.16177669696200658,2.7080502011022096,2.7080502011022096,0,0,0,0,0,1,0,0,0,0,0.0
16232_2008,0.028797547373393625,0.023307480938995654,0.4069906215035259,0.2920919919688917,0.0827634760057485,0.026561677098735848,1.958367189178643,2.4190226716438232,0.12056529837268384,0.08279327556717238,-9.318999563759066,-8.611573516170331,-0.3635027439771269,0.660801882937469,2.7080502011022096,2.7080502011022096,0,0,0,1,0,0,0,0,0,0,0.0
16232_2009,0.023307480938995654,-0.006863047192125982,0.2920919919688917,0.6161846545640256,0.026561677098735848,0.044510321313962264,2.4190226716438232,0.9828411154830468,0.08279327556717238,0.1767994295102927,-8.611573516170331,-8.994781045826223,0.660801882937469,-0.5613217515000488,2.7080502011022096,2.7080502011022096,0,0,0,1,0,0,0,0,0,0,0.0
16232_2010,-0.006863047192125982,0.016685717484680226,0.6161846545640256,0.5814125465629166,0.044510321313962264,0.1294864846838687,0.9828411154830468,1.147015858381888,0.1767994295102927,0.3565564175341395,-8.994781045826223,-8.527575080437549,-0.5613217515000488,0.5568397284020238,2.7080502011022096,2.7080502011022096,0,0,0,1,0,0,0,0,0,0,0.0
16268_2008,-0.0038852230563472157,-0.01180853707842378,0.3624307601789055,0.3713761141775242,0.06568134981364833,0.01276185652103569,5.024908935536128,2.9386347763481657,0.08620616977842792,0.050239377669299694,-7.576388175229784,-6.988944642044494,-0.08406985671409369,0.15122282969835465,2.7080502011022096,2.7080502011022096,0,0,0,0,0,0,0,0,0,1,0.0
16268_2009,-0.01180853707842378,-0.0038579586149487953,0.3713761141775242,0.5788857505171761,0.01276185652103569,0.023931298362420615,2.9386347763481657,1.791074613467562,0.050239377669299694,0.18383114951889432,-6.988944642044494,-7.344121034829959,0.15122282969835465,-0.29987960870438873,2.7080502011022096,2.7080502011022096,0,0,0,0,0,0,0,0,0,1,0.0
16268_2010,-0.0038579586149487953,-0.005936727472705902,0.5788857505171761,0.4000778049229009,0.023931298362420615,0.05086917429863086,1.791074613467562,3.0420322833577234,0.18383114951889432,0.10863016449156633,-7.344121034829959,-6.772208006654861,-0.29987960870438873,0.3964511656985679,2.7080502011022096,2.7080502011022096,0,0,0,0,0,0,0,0,0,1,0.0
16285_2008,0.02573445901260448,0.007184105978669886,0.05919861318202264,0.07553212215904957,0.09102289256874838,0.12343828505343295,2.9542907357886823,2.9844968805093544,0.09849351848677683,0.06089053396382299,-5.73439397473078,-5.646514587550932,-0.4650260497344115,0.00743062779675847,2.7080502011022096,2.7080502011022096,0,0,1,0,0,0,0,0,0,0,0.0
16285_2009,0.007184105978669886,0.0794207711001466,0.07553212215904957,0.20122518204113693,0.12343828505343295,0.14963466804131992,2.9844968805093544,1.52118967742701,0.06089053396382299,0.1353542859914569,-5.646514587550932,-6.083868386887385,0.00743062779675847,-0.23535314535918175,2.7080502011022096,2.6361960973342264,0,0,1,0,0,0,0,0,0,0,0.0
16285_2010,0.0794207711001466,0.06795338143587004,0.20122518204113693,0.13142634514464854,0.14963466804131992,0.14061722858309228,1.52118967742701,1.9749073316676264,0.1353542859914569,0.12629750083558772,-6.083868386887385,-5.7841244543143295,-0.23535314535918175,0.3750082587708323,2.6361960973342264,2.7080502011022096,0,0,1,0,0,0,0,0,0,0,0.0
16290_2008,0.010248329715246286,0.0071786929405718404,0.8245492196539748,0.8354414011279695,0.02246203420972493,0.02866437016302865,2.2874869081178826,1.3145860959532971,0.02569400362696812,0.049318944927634494,-10.15573117291641,-9.789276436323448,0.010260515317098415,-0.18568646868683855,2.7080502011022096,2.7080502011022096,0,0,0,0,0,1,0,0,0,0,0.0
16290_2009,0.0071786929405718404,-0.008145682331139858,0.8354414011279695,0.8597703624670863,0.02866437016302865,0.040809552929612136,1.3145860959532971,1.3762757344775922,0.049318944927634494,0.14796788264689378,-9.789276436323448,-9.392045627617488,-0.18568646868683855,0.24743203566210484,2.7080502011022096,2.7080502011022096,0,0,0,0,0,1,0,0,0,0,0.0
16290_2010,-0.008145682331139858,-0.08628153892621537,0.8597703624670863,0.931067188664552,0.040809552929612136,0.05529460141495497,1.3762757344775922,1.1145374774578036,0.14796788264689378,0.23414314620825594,-9.392045627617488,-10.556403259533887,0.24743203566210484,-1.1073405576005455,2.7080502011022096,1.358409157630355,0,0,0,0,0,1,0,0,0,0,0.0
16300_2008,0.011533540102785391,0.010115936786802369,0.8493381879204687,0.8716329263885629,0.030627050838315274,0.0333192421973888,1.6193132591044217,1.567463926409456,0.0176181634989821,0.038167031696976585,-11.525570617789477,-11.61745695331956,-0.08148376115451304,-0.10520889819624626,2.651832521103981,2.60638654732571,0,0,0,0,0,1,0,0,0,0,0.0
16300_2009,0.010115936786802369,0.004984777622262028,0.8716329263885629,0.9084492980509472,0.0333192421973888,0.035965622840584334,1.567463926409456,1.4604147069040705,0.038167031696976585,0.08164050190278926,-11.61745695331956,-11.310390048569765,-0.10520889819624626,0.22470902978745172,2.60638654732571,2.4145735949420932,0,0,0,0,0,1,0,0,0,0,0.0
16300_2010,0.004984777622262028,0.0069075748309786545,0.9084492980509472,0.8863168343571345,0.035965622840584334,0.023327672238171098,1.4604147069040705,1.83177308087902,0.08164050190278926,0.1311767617377532,-11.310390048569765,-11.16855210817553,0.22470902978745172,0.060246989660651624,2.4145735949420932,2.7080502011022096,0,0,0,0,0,1,0,0,0,0,0.0
16310_2008,0.041667816109876375,0.08725237832434432,0.4376110212213204,0.5662548146666,0.10611559760452037,0.21505579149961748,2.394433842450338,1.2637235825813713,0.17441110317489722,0.20318964330614772,-11.125335797902293,-11.70882205619467,0.14478074877122402,-0.5542271455860331,2.7080502011022096,2.598235335095004,0,0,0,0,0,1,0,0,0,0,0.0
16310_2009,0.08725237832434432,-0.0156852518122226,0.5662548146666,0.7651339259716881,0.21505579149961748,0.8036571069762025,1.2637235825813713,0.5130756524136741,0.20318964330614772,0.14601492877578134,-11.70882205619467,-12.262513741980026,-0.5542271455860331,-0.5649343769254835,2.598235335095004,1.5325568680981427,0,0,0,0,0,1,0,0,0,0,0.0
16310_2010,-0.0156852518122226,-0.06145691535144646,0.7651339259716881,0.8090343875602458,0.8036571069762025,0.17806915739696005,0.5130756524136741,0.5003700607763593,0.14601492877578134,0.12976475942456825,-12.262513741980026,-12.646875128682284,-0.5649343769254835,-0.34524924027836823,1.5325568680981427,1.3912819026309295,0,0,0,0,0,1,0,0,0,0,0.0
16313_2008,0.01221299124321108,0.012860051763882227,0.7760830118548225,0.8015334317715426,0.05344590957689251,0.05674096112240892,1.5913726177743093,1.134662534725352,0.03376177640204818,0.07533128398853553,-9.327937053808668,-9.201134771009134,0.06444951651342162,-0.1916618458104745,2.7080502011022096,2.7080502011022096,0,0,0,0,0,1,0,0,0,0,0.0
16313_2009,0.012860051763882227,0.00920478828932473,0.8015334317715426,0.8514821836419474,0.05674096112240892,0.024915025601569683,1.134662534725352,1.077065744314616,0.07533128398853553,0.09680083702329967,-9.201134771009134,-8.658445139492366,-0.1916618458104745,0.449003926756124,2.7080502011022096,2.7080502011022096,0,0,0,0,0,1,0,0,0,0,0.0
16313_2010,0.00920478828932473,0.011924005463988805,0.8514821836419474,0.7992560283457928,0.024915025601569683,0.02081678398278409,1.077065744314616,1.3410836199481753,0.09680083702329967,0.059443178363383996,-8.658445139492366,-8.569931085281546,0.449003926756124,0.10617793873390624,2.7080502011022096,2.7080502011022096,0,0,0,0,0,1,0,0,0,0,0.0
1632_2008,0.01199435085241602,0.015660535656960045,0.12108846968627054,0.16405761146842973,0.4581584787652578,0.3921131566193741,1.2574575692049794,1.31816680184336,0.05530558102582876,0.06542977716863436,-10.521084259100073,-10.457917901551212,-0.07989337313733631,0.11538318673278697,2.7080502011022096,2.7080502011022096,0,0,0,1,0,0,0,0,0,0,0.0
1632_2009,0.015660535656960045,-0.02050112893331777,0.16405761146842973,0.12038074560049758,0.3921131566193741,0.3188981134770085,1.31816680184336,1.241695416421711,0.06542977716863436,0.08472846836874896,-10.457917901551212,-9.882522411916547,0.11538318673278697,0.4775523473768287,2.7080502011022096,2.7080502011022096,0,0,0,1,0,0,0,0,0,0,0.0
1632_2010,-0.02050112893331777,-0.06635518753168675,0.12038074560049758,0.26631426151881776,0.3188981134770085,0.12557823948737976,1.241695416421711,1.7219984256639251,0.08472846836874896,0.10890869249523484,-9.882522411916547,-10.345713241051627,0.4775523473768287,-0.3281278865091753,2.7080502011022096,2.7080502011022096,0,0,0,1,0,0,0,0,0,0,0.0
16332_2008,0.04673355406385708,0.057663239997661736,0.11218806494184133,0.3473218535746198,0.04612342182759961,0.015196622879905131,4.626093919878661,5.901268312572318,0.16692000648305266,0.1407763391208021,-9.561070128695855,-10.625238217213823,-0.5669514939820599,-0.984152781833836,2.7080502011022096,1.9473377010464987,0,0,1,0,0,0,0,0,0,0,0.0
16332_2009,0.057663239997661736,-0.3727198612730272,0.3473218535746198,0.9403001325129392,0.015196622879905131,0.06934755302509248,5.901268312572318,11.2405,0.1407763391208021,0.406283559245127,-10.625238217213823,-13.455825829197149,-0.984152781833836,-3.027875739973641,1.9473377010464987,-1.3862943611198906,0,0,1,0,0,0,0,0,0,0,0.0
16332_2010,-0.3727198612730272,0.07902495581075265,0.9403001325129392,0.21290414934365187,0.06934755302509248,0.0393813327548128,11.2405,6.3661709903506365,0.406283559245127,0.3884614830341225,-13.455825829197149,-10.241242940720305,-3.027875739973641,2.749361342580129,-1.3862943611198906,1.874874375938561,0,0,1,0,0,0,0,0,0,0,0.0
16347_2008,-0.020636142463786904,0.013874354817281815,0.11936629754669527,0.3859333703595284,0.5497532361596423,0.5113735639819122,0.9537470800058908,2.123757793760884,0.09304501677114756,0.15755650355876902,-9.891903758688768,-9.900599092633971,-0.2457888286382793,-0.22898632689969364,2.7080502011022096,2.7080502011022096,0,0,0,0,0,1,0,0,0,0,0.0
16347_2009,0.013874354817281815,-0.06414337600182217,0.3859333703595284,0.0988238151364509,0.5113735639819122,0.6570005090580778,2.123757793760884,1.0013234356820244,0.15755650355876902,0.2405334781673101,-9.900599092633971,-10.305210621385893,-0.22898632689969364,0.1894089142909994,2.7080502011022096,2.021547563260933,0,0,0,0,0,1,0,0,0,0,0.0
16347_2010,-0.06414337600182217,0.021415642531471848,0.0988238151364509,0.12260115441392795,0.6570005090580778,0.6549287075776891,1.0013234356820244,1.0748429761133604,0.2405334781673101,0.15871834855020664,-10.305210621385893,-10.396100405568117,0.1894089142909994,-0.2291190433319567,2.021547563260933,2.1482677326096886,0,0,0,0,0,1,0,0,0,0,0.0
16365_2008,-0.00015391860118775237,-6.31214445453975e-05,0.8608750563674877,0.9364363340401698,0.022476275735606108,0.01445852382704576,1.1328862825227433,0.6496070088388385,0.025979222344866573,0.06694166470815259,-12.849533654738753,-13.530047711211704,-0.1501914457440004,-0.6623610140159323,1.9960599327407849,1.3506671834767394,0,0,0,0,0,1,0,0,0,0,0.0
16365_2009,-6.31214445453975e-05,0.002813996030047094,0.9364363340401698,0.9524228389055384,0.01445852382704576,0.016257346358930447,0.6496070088388385,0.4949027927351639,0.06694166470815259,0.10909162097109036,-13.530047711211704,-13.372862662124618,-0.6623610140159323,0.021474151660544616,1.3506671834767394,1.091923300517313,0,0,0,0,0,1,0,0,0,0,0.0
16365_2010,0.002813996030047094,-0.03853661387411607,0.9524228389055384,0.9760388054467888,0.016257346358930447,0.011583192098649992,0.4949027927351639,0.40459461593115975,0.10909162097109036,0.17307036997156278,-13.372862662124618,-14.294373606887193,0.021474151660544616,-0.9730360771049416,1.091923300517313,0.4054651081081644,0,0,0,0,0,1,0,0,0,0,0.0
16367_2008,0.007961607360063693,0.007517231578982157,0.886804537600881,0.8976680498930909,0.05253630228857563,0.03316879291370937,1.1727862669544695,1.0139792586965135,0.04738940240828665,0.030750372712370255,-12.394423450170036,-12.531919867951796,-0.06936197341841216,-0.12459892894425227,2.7080502011022096,2.7080502011022096,0,0,0,0,0,1,0,0,0,0,0.0
16367_2009,0.007517231578982157,0.007864514403145277,0.8976680498930909,0.9058911360818808,0.03316879291370937,0.04880670482355414,1.0139792586965135,0.9078888516633306,0.030750372712370255,0.06157995238256666,-12.531919867951796,-12.121883731946685,-0.12459892894425227,0.3747864844798765,2.7080502011022096,2.7080502011022096,0,0,0,0,0,1,0,0,0,0,0.0
16367_2010,0.007864514403145277,0.0016968195487789106,0.9058911360818808,0.907063022447638,0.04880670482355414,0.035125936795022426,0.9078888516633306,0.9211708487502932,0.06157995238256666,0.09984357773471106,-12.121883731946685,-12.376870101763144,0.3747864844798765,-0.17767458895384722,2.7080502011022096,2.7080502011022096,0,0,0,0,0,1,0,0,0,0,0.0
16374_2008,0.006718197799777746,0.006706804065880792,0.8103922985068769,0.8190898463319365,0.019059455634695043,0.016706697793090017,1.3514129986988852,1.2680070360807874,0.03465685011631883,0.03902321611906578,-9.898111733500016,-10.11946643064535,0.19204076317647284,-0.1371563866045445,2.7067159780890733,2.5587764983544563,0,0,0,0,0,1,0,0,0,0,0.0
16374_2009,0.006706804065880792,0.00764180803674084,0.8190898463319365,0.8308394936532467,0.016706697793090017,0.04043299979402663,1.2680070360807874,1.2779385469417217,0.03902321611906578,0.08060217391856453,-10.11946643064535,-9.673868435213523,-0.1371563866045445,0.3132331080351972,2.5587764983544563,2.5176964726109907,0,0,0,0,0,1,0,0,0,0,0.0
16374_2010,0.00764180803674084,0.008701223093660471,0.8308394936532467,0.8729273863905954,0.04043299979402663,0.05397106817245615,1.2779385469417217,0.8939497150844308,0.08060217391856453,0.1044201103506742,-9.673868435213523,-10.312718853338431,0.3132331080351972,-0.4150055048600069,2.5176964726109907,2.1329823086078656,0,0,0,0,0,1,0,0,0,0,0.0
16382_2008,0.0382551031557055,0.053789906912295536,0.056964420394838275,0.07618631276235431,0.09527679957981212,0.12202377395940138,3.7986991327190958,3.676599816455812,0.2533729218464635,0.15178749258792434,-6.8745612989894065,-6.523297509788665,-0.29961610881251816,0.08734765983360865,2.7080502011022096,2.7080502011022096,0,0,0,0,0,0,1,0,0,0,0.0
16382_2009,0.053789906912295536,-0.005736474667929515,0.07618631276235431,0.1825671588209684,0.12202377395940138,0.2397228099388181,3.676599816455812,1.6571152464404229,0.15178749258792434,0.1958936064171745,-6.523297509788665,-7.501991733946912,0.08734765983360865,-0.6939811463588788,2.7080502011022096,2.0881534822818573,0,0,0,0,0,0,1,0,0,0,0.0
16382_2010,-0.005736474667929515,-0.00711031696460007,0.1825671588209684,0.09629816632636423,0.2397228099388181,0.180743991598098,1.6571152464404229,2.648390285710413,0.1958936064171745,0.14565557931132125,-7.501991733946912,-6.864584338573067,-0.6939811463588788,0.5575854892730786,2.0881534822818573,2.7080502011022096,0,0,0,0,0,0,1,0,0,0,0.0
16384_2008,0.0211026966144648,0.10552086203345938,0.04543934046530732,0.06427731162765331,0.11602513480955172,0.20730385099662516,2.4204913988821737,1.6399909091193758,0.05742470683795488,0.10289984643700534,-11.217920360653851,-10.978161614089782,-0.020234512965070242,0.059707102907080874,1.3056264580524355,1.4350845252893227,0,0,0,0,0,0,1,0,0,0,0.0
16384_2009,0.10552086203345938,0.12583186556130369,0.06427731162765331,0.08419324794127682,0.20730385099662516,0.3543063355495923,1.6399909091193758,1.1110340422056673,0.10289984643700534,0.10658020798436424,-10.978161614089782,-10.823990863818647,0.059707102907080874,0.19105965758815716,1.4350845252893227,1.095273387402595,0,0,0,0,0,0,1,0,0,0,0.0
16384_2010,0.12583186556130369,0.03732263296480593,0.08419324794127682,0.052844686869611635,0.3543063355495923,0.2461083027383109,1.1110340422056673,1.7720900555869368,0.10658020798436424,0.1267145147271346,-10.823990863818647,-10.21531531372051,0.19105965758815716,0.4501437148026023,1.095273387402595,1.780024213009634,0,0,0,0,0,0,1,0,0,0,0.0
16396_2008,0.023618317382577417,0.021571317372694382,0.022641419570475125,0.026302056768452615,0.036918383013072736,0.026760302654085282,5.390190694971378,6.226005675777314,0.13501494125015992,0.3060612428393864,-6.2951994991785405,-5.309594866054354,0.5327070419622996,-0.13635690863243236,2.7080502011022096,2.7080502011022096,0,0,0,0,0,0,1,0,0,0,0.0
16396_2009,0.021571317372694382,0.07618604161707246,0.026302056768452615,0.08965627685456266,0.026760302654085282,0.061114649044253476,6.226005675777314,2.9960527285819363,0.3060612428393864,0.2081138885660741,-5.309594866054354,-5.834391209691267,-0.13635690863243236,-0.41853680899778906,2.7080502011022096,2.7080502011022096,0,0,0,0,0,0,1,0,0,0,0.0
16396_2010,0.07618604161707246,0.058501003983389664,0.08965627685456266,0.0619437660592005,0.061114649044253476,0.04550942337492217,2.9960527285819363,3.6541037890652834,0.2081138885660741,0.21267662030848786,-5.834391209691267,-5.5757199831525766,-0.41853680899778906,-0.09855559365719373,2.7080502011022096,2.7080502011022096,0,0,0,0,0,0,1,0,0,0,0.0
16402_2008,0.011967155492388405,0.013199375915141759,0.8183765939937432,0.8747105135104888,0.02442019574453096,0.02541703150853772,1.91701329187105,1.2667953576353983,0.03850833517463709,0.08204338364616857,-8.674210042809168,-9.037344007082654,-0.14623693431236662,-0.4774341895171337,2.7080502011022096,2.7080502011022096,0,0,0,0,0,1,0,0,0,0,0.0
16402_2009,0.013199375915141759,-0.004178527540821951,0.8747105135104888,0.9143803786042164,0.02541703150853772,0.09733278690554112,1.2667953576353983,0.6798191664173163,0.08204338364616857,0.2812356139863553,-9.037344007082654,-8.950657910475114,-0.4774341895171337,0.010366479267753359,2.7080502011022096,2.7080502011022096,0,0,0,0,0,1,0,0,0,0,0.0
16402_2010,-0.004178527540821951,0.0038298081661971846,0.9143803786042164,0.9131811841158012,0.09733278690554112,0.07862160126137316,0.6798191664173163,1.0821566359699573,0.2812356139863553,0.3216454417801452,-8.950657910475114,-8.650671803099582,0.010366479267753359,0.21307531254970724,2.7080502011022096,2.7080502011022096,0,0,0,0,0,1,0,0,0,0,0.0
16410_2008,-0.007940920246142548,-0.02045680660228156,0.16984216879781222,0.14418120249357708,0.34853885335536355,0.1916858067300275,1.3490668741155372,1.8876625300885368,0.14394752337385566,0.13630489720370487,-10.719600492656529,-10.51511328329926,-0.11112597489264367,0.047189376548666936,2.4379897300002487,2.6390573296152584,0,0,0,0,0,0,1,0,0,0,0.0
16410_2009,-0.02045680660228156,-0.017767196035223694,0.14418120249357708,0.2133718328647535,0.1916858067300275,0.11945999341455382,1.8876625300885368,1.5766918486724026,0.13630489720370487,0.11940006974192628,-10.51511328329926,-10.735698256672972,0.047189376548666936,-0.18156767928949386,2.6390573296152584,1.9600947840472696,0,0,0,0,0,0,1,0,0,0,0.0
16410_2010,-0.017767196035223694,-0.04362953102869899,0.2133718328647535,0.22227342948068146,0.11945999341455382,0.17860484206841187,1.5766918486724026,1.679792475838069,0.11940006974192628,0.1084486696373836,-10.735698256672972,-10.003486792992684,-0.18156767928949386,0.6703788997890741,1.9600947840472696,2.7080502011022096,0,0,0,0,0,0,1,0,0,0,0.0
16415_2008,0.0715868657661176,0.028320788549708487,0.1402077057879274,0.2817433133261036,0.10598127160286727,0.20376450882071875,3.2740432672388127,1.7623403660022854,0.1473002384191727,0.17440631151039745,-10.395772312114806,-11.250851351423607,-0.0740047760620464,-0.9539299487302382,2.689886230474539,1.8437192081587657,0,0,0,1,0,0,0,0,0,0,0.0
16415_2009,0.028320788549708487,-0.1050945209868632,0.2817433133261036,0.4604668001015326,0.20376450882071875,0.27304768285223263,1.7623403660022854,0.948645027989122,0.17440631151039745,0.2288316943507327,-11.250851351423607,-11.704500646867874,-0.9539299487302382,-0.4952688443802339,1.8437192081587657,0.8960880245566357,0,0,0,1,0,0,0,0,0,0,0.0
16415_2010,-0.1050945209868632,-0.1302203804492483,0.4604668001015326,0.38251861871025744,0.27304768285223263,0.1398699445693648,0.948645027989122,1.514140433404748,0.2288316943507327,0.17781393144144256,-11.704500646867874,-11.699775467808273,-0.4952688443802339,-0.15161448228398233,0.8960880245566357,1.1346227261911428,0,0,0,1,0,0,0,0,0,0,0.0
16421_2008,-0.3991570011642816,0.0,0.8316802499521022,0.0,0.06340176558147759,0.0,0.4499202269101223,0.0,0.16994109019612305,0.0,-14.617094683389867,0.0,-1.4400321163574872,0.0,-0.7985076962177716,0.0,0,0,1,0,0,0,0,0,0,0,0.0
16421_2009,0.0,0.0,0.0,0.0,0.0,0.0,0.0,0.0,0.0,0.0,0.0,0.0,0.0,0.0,0.0,0.0,0,0,1,0,0,0,0,0,0,0,0.0
16421_2010,0.0,0.0,0.0,0.0,0.0,0.0,0.0,0.0,0.0,0.0,0.0,0.0,0.0,0.0,0.0,0.0,0,0,1,0,0,0,0,0,0,0,0.0
16449_2008,-0.18507866490222027,-0.03928147542835514,0.12171151301279225,0.11666341460552007,0.1535244816938686,0.20749861726272303,1.3779825098067442,1.118428201749848,0.1363272279779098,0.1450880742618444,-11.353235950273586,-11.579258954482937,-0.4312467860791708,-0.31639922969275064,1.2527629684953678,1.01160091167848,0,0,0,0,0,0,0,1,0,0,0.0
16449_2009,-0.03928147542835514,-2.468371633308624,0.11666341460552007,0.3714788732394366,0.20749861726272303,0.8460896960711639,1.118428201749848,0.7013897505894031,0.1450880742618444,0.11965770790885134,-11.579258954482937,-12.863228851660068,-0.31639922969275064,-1.25792921613297,1.01160091167848,-0.7985076962177716,0,0,0,0,0,0,0,1,0,0,0.0
16449_2010,-2.468371633308624,-0.04534701819985501,0.3714788732394366,0.13829218970582624,0.8460896960711639,0.4787859132359114,0.7013897505894031,1.5135136946367418,0.11965770790885134,0.2587480500338788,-12.863228851660068,-12.300414677871725,-1.25792921613297,0.6198447482679871,-0.7985076962177716,0.0,0,0,0,0,0,0,0,1,0,0,0.0
16454_2008,0.03212747929754435,0.030362856840933417,0.3111256400332225,0.1458807678473115,0.18725238950985554,0.09842636079409496,3.3730357767519927,4.588202086732236,0.10466415187351426,0.10068050807807293,-8.983711418445044,-7.976623804306219,0.5769428303366729,0.9744221040137926,2.7080502011022096,2.7080502011022096,0,0,1,0,0,0,0,0,0,0,0.0
16454_2009,0.030362856840933417,0.05327234198622601,0.1458807678473115,0.16895196064070106,0.09842636079409496,0.1283026577659611,4.588202086732236,3.1466828057631586,0.10068050807807293,0.1671228185678735,-7.976623804306219,-7.863852336572727,0.9744221040137926,0.032594882705273436,2.7080502011022096,2.7080502011022096,0,0,1,0,0,0,0,0,0,0,0.0
16454_2010,0.05327234198622601,0.0469204423998636,0.16895196064070106,0.04568750010664347,0.1283026577659611,0.07682873515132282,3.1466828057631586,4.556221015799023,0.1671228185678735,0.12946688403830514,-7.863852336572727,-6.904960695313302,0.032594882705273436,0.8836430139321457,2.7080502011022096,2.7080502011022096,0,0,1,0,0,0,0,0,0,0,0.0
16455_2008,0.06626212561389239,0.07439532050332794,0.10020076576755216,0.1053138296300642,0.20388568108056876,0.2789092281468269,1.3626929275249076,1.0790772494854024,0.07701922548137025,0.0918163304738569,-9.20505644857645,-9.424637958308633,-0.0675802484383244,-0.1503037134157552,2.7080502011022096,2.7080502011022096,0,0,0,0,0,0,1,0,0,0,0.0
16455_2009,0.07439532050332794,0.03641571738975349,0.1053138296300642,0.11878727934677336,0.2789092281468269,0.33719210720733034,1.0790772494854024,0.8368191612564092,0.0918163304738569,0.10289422021278832,-9.424637958308633,-9.284872198469683,-0.1503037134157552,0.1909949235909178,2.7080502011022096,2.6939512767227085,0,0,0,0,0,0,1,0,0,0,0.0
16455_2010,0.03641571738975349,-0.22368746298768166,0.11878727934677336,0.09375857923186882,0.33719210720733034,0.2858902468399501,0.8368191612564092,1.2262541279068278,0.10289422021278832,0.1601981462728847,-9.284872198469683,-9.352079828511869,0.1909949235909178,-0.08284820442064902,2.6939512767227085,2.7080502011022096,0,0,0,0,0,0,1,0,0,0,0.0
16457_2008,0.004826937725280543,0.0034548888817191358,0.7359085233857093,0.7283181974055214,0.018382229204976563,0.017414689619269876,2.5309479629519407,2.454170026626888,0.035086285108593816,0.05137050450874447,-8.40519167813781,-8.631622806198656,0.07469107757929339,-0.2475678218116323,2.7080502011022096,2.7080502011022096,0,0,0,0,0,1,0,0,0,0,0.0
16457_2009,0.0034548888817191358,0.0048675967635229325,0.7283181974055214,0.6862851940935343,0.017414689619269876,0.008324226690345436,2.454170026626888,2.9519036845456297,0.05137050450874447,0.05810202309932789,-8.631622806198656,-7.7508159233552245,-0.2475678218116323,0.7650457138790947,2.7080502011022096,2.7080502011022096,0,0,0,0,0,1,0,0,0,0,0.0
16457_2010,0.0048675967635229325,0.0067136164126483655,0.6862851940935343,0.7556724225866803,0.008324226690345436,0.004167428426892679,2.9519036845456297,2.216714285344164,0.05810202309932789,0.07449833580648615,-7.7508159233552245,-8.357719426128758,0.7650457138790947,-0.5712599980625143,2.7080502011022096,2.7080502011022096,0,0,0,0,0,1,0,0,0,0,0.0
1645_2008,0.0181405116664458,0.01593154703826918,0.7561473853640482,0.7979369127037277,0.032985872508193056,0.032732623470856474,2.599964165886342,2.3311685550730177,0.026456419129013503,0.0416798978505164,-5.2987659921986685,-5.458719451472659,0.08555891530864726,-0.13173618751160865,2.7080502011022096,2.7080502011022096,0,0,0,0,0,1,0,0,0,0,0.0
1645_2009,0.01593154703826918,0.010391338282972786,0.7979369127037277,0.845176289429625,0.032732623470856474,0.02419354693920921,2.3311685550730177,2.098008584834632,0.0416798978505164,0.10135619218605793,-5.458719451472659,-5.187001226257221,-0.13173618751160865,0.11459211847218753,2.7080502011022096,2.7080502011022096,0,0,0,0,0,1,0,0,0,0,0.0
1645_2010,0.010391338282972786,0.007409890267660894,0.845176289429625,0.8552962455663095,0.02419354693920921,0.020855228571929032,2.098008584834632,1.635858588776716,0.10135619218605793,0.1829405200292493,-5.187001226257221,-5.440739207437979,0.11459211847218753,0.11993740231802913,2.7080502011022096,2.7080502011022096,0,0,0,0,0,1,0,0,0,0,0.0
16463_2008,-0.04609847343132214,-0.15215311613739385,0.2434945006885221,0.270833819439878,0.6549972518217763,0.4034719673845488,1.133654764161053,0.8885920765937714,0.12730557734160486,0.08437427100550206,-12.384985793453975,-12.800021600137866,-0.31759249160882,-0.4277104299608949,1.3350010667323402,0.924258901523332,0,0,0,0,0,0,0,0,0,1,0.0
16463_2009,-0.15215311613739385,-0.2941285229170647,0.270833819439878,0.3788695850461299,0.4034719673845488,0.35085881214601344,0.8885920765937714,0.6012364290192742,0.08437427100550206,0.16308935610129313,-12.800021600137866,-12.849268082186926,-0.4277104299608949,-0.07907863573845414,0.924258901523332,0.1988508587451652,0,0,0,0,0,0,0,0,0,1,0.0
16463_2010,-0.2941285229170647,0.0011974876708665222,0.3788695850461299,0.5610628900566611,0.35085881214601344,0.5718203209666121,0.6012364290192742,0.6485000511595829,0.16308935610129313,0.1323492557132699,-12.849268082186926,-13.020046451803898,-0.07907863573845414,-0.060307236797147085,0.1988508587451652,0.2851789422336625,0,0,0,0,0,0,0,0,0,1,0.0
16464_2008,0.004555009558721552,0.0014562047817492,0.9053761350132028,0.9242514882525318,0.03388043303864008,0.046292131546455735,0.9881976892377666,0.8045572027116764,0.04673465771577945,0.0798641683155702,-12.765080601954939,-13.338896984349795,-0.2279051477756817,-0.4641360367459001,2.7080502011022096,2.429217743927412,0,0,0,0,0,1,0,0,0,0,0.0
16464_2009,0.0014562047817492,0.0,0.9242514882525318,0.0,0.046292131546455735,0.0,0.8045572027116764,0.0,0.0798641683155702,0.0,-13.338896984349795,0.0,-0.4641360367459001,0.0,2.429217743927412,0.0,0,0,0,0,0,1,0,0,0,0,0.0
16464_2010,0.0,0.0,0.0,0.0,0.0,0.0,0.0,0.0,0.0,0.0,0.0,0.0,0.0,0.0,0.0,0.0,0,0,0,0,0,1,0,0,0,0,0.0
16466_2008,0.010496614844796527,-0.02416187383270936,0.3978783243854904,0.2138811726635381,0.481499670076432,0.2777024214292351,1.8674633454517544,1.9182712665093975,0.060440904158276514,0.0984035131119212,-10.190168808779726,-10.353129222621991,-0.2615655208076816,-0.1759498718488108,1.4327007339340465,1.2641267271456829,0,0,0,0,0,0,1,0,0,0,0.0
16466_2009,-0.02416187383270936,0.018062095159936068,0.2138811726635381,0.2881551792804644,0.2777024214292351,0.2441583205893661,1.9182712665093975,1.365573207820408,0.0984035131119212,0.20424382901296995,-10.353129222621991,-10.54329924975583,-0.1759498718488108,0.03198192591370669,1.2641267271456829,0.8501509293696099,0,0,0,0,0,0,1,0,0,0,0.0
16466_2010,0.018062095159936068,0.009956601244309882,0.2881551792804644,0.37183219147799823,0.2441583205893661,0.1951387734457622,1.365573207820408,1.2238232071610196,0.20424382901296995,0.19808368167891946,-10.54329924975583,-10.563985993717742,0.03198192591370669,0.18663646832441452,0.8501509293696099,1.0543120297715298,0,0,0,0,0,0,1,0,0,0,0.0
16470_2008,0.0,0.0,0.0,0.0,0.0,0.0,0.0,0.0,0.0,0.0,0.0,0.0,0.0,0.0,0.0,0.0,0,0,0,0,0,1,0,0,0,0,0.0
16470_2009,0.0,0.0,0.0,0.0,0.0,0.0,0.0,0.0,0.0,0.0,0.0,0.0,0.0,0.0,0.0,0.0,0,0,0,0,0,1,0,0,0,0,0.0
16470_2010,0.0,0.060011322691972666,0.0,0.09245458128463484,0.0,0.06074471233978206,0.0,4.5404209568814435,0.0,0.16347766998885768,0.0,-10.963285050166938,0.0,-0.0740583296590894,0.0,2.7080502011022096,0,0,0,0,0,1,0,0,0,0,0.0
16476_2008,0.005395453375154034,0.004784371241018196,0.8812320158301177,0.8972636950872972,0.06461751708749151,0.04012386673226664,1.065669759481128,0.9438831412241194,0.036047203236692436,0.04814716974763232,-12.055083504915464,-12.532788968261578,-0.0554341084857749,-0.44007051434615796,2.7080502011022096,2.642622395779755,0,0,0,0,0,1,0,0,0,0,1.0
16476_2009,0.004784371241018196,-0.04571484815888628,0.8972636950872972,0.9608680971868216,0.04012386673226664,0.022517613799938812,0.9438831412241194,0.7010602473296811,0.04814716974763232,0.2404100634535597,-12.532788968261578,-14.065941127543153,-0.44007051434615796,-1.521836444690028,2.642622395779755,0.6151856390902335,0,0,0,0,0,1,0,0,0,0,1.0
16476_2010,-0.04571484815888628,0.0,0.9608680971868216,0.0,0.022517613799938812,0.0,0.7010602473296811,0.0,0.2404100634535597,0.0,-14.065941127543153,0.0,-1.521836444690028,0.0,0.6151856390902335,0.0,0,0,0,0,0,1,0,0,0,0,1.0
16487_2008,0.013825802631040805,0.014431757736135916,0.8261213529393685,0.8459010100464908,0.03161082337942499,0.02308274148918488,1.4389554125278958,1.1797349167605882,0.023920089565455792,0.029883819728131006,-11.391688507241618,-11.564612678541858,-0.0912139040720052,-0.14068702360240334,2.7080502011022096,2.7080502011022096,0,0,0,0,0,1,0,0,0,0,0.0
16487_2009,0.014431757736135916,0.010148719674674131,0.8459010100464908,0.8690927770875034,0.02308274148918488,0.030490443426043783,1.1797349167605882,1.010211275169358,0.029883819728131006,0.09827187188270847,-11.564612678541858,-11.237056226761124,-0.14068702360240334,0.2576862980895901,2.7080502011022096,2.7080502011022096,0,0,0,0,0,1,0,0,0,0,0.0
16487_2010,0.010148719674674131,0.008142105445645767,0.8690927770875034,0.8400165950695427,0.030490443426043783,0.028626494961100826,1.010211275169358,1.226131896528026,0.09827187188270847,0.08313356669281358,-11.237056226761124,-11.214412278699662,0.2576862980895901,0.04830564477263022,2.7080502011022096,2.7080502011022096,0,0,0,0,0,1,0,0,0,0,0.0
16492_2008,0.033981316676537324,0.05955711731443105,0.25410816385180995,0.3239119036074021,0.21912754261979348,0.29835517804532874,2.4052493378519317,1.8691550438869369,0.05731279476189651,0.11814410188293993,-9.73714931755717,-9.907269342164973,0.12783858950905302,-0.17974315717685033,2.7080502011022096,2.7080502011022096,0,1,0,0,0,0,0,0,0,0,0.0
16492_2009,0.05955711731443105,0.06170266120163698,0.3239119036074021,0.44318567267807296,0.29835517804532874,0.3703533509310827,1.8691550438869369,1.134032116981006,0.11814410188293993,0.13705520518037265,-9.907269342164973,-10.010898559180834,-0.17974315717685033,0.17665843196145894,2.7080502011022096,2.7080502011022096,0,1,0,0,0,0,0,0,0,0,0.0
16492_2010,0.06170266120163698,-0.029145939495828777,0.44318567267807296,0.25649068000454445,0.3703533509310827,0.1748533328314901,1.134032116981006,1.6926552711281413,0.13705520518037265,0.1328109787601823,-10.010898559180834,-9.831628095445039,0.17665843196145894,0.4237078822578771,2.7080502011022096,2.7080502011022096,0,1,0,0,0,0,0,0,0,0,0.0
16506_2008,0.04777885777334104,-0.16006619895664687,0.2763424052960647,0.5594847994243569,0.006997714495875583,0.022769562871019968,1.6024554491731182,0.7966712429485135,0.10293432146184944,0.10767469280851863,-10.271213903865672,-11.339468371075347,-0.2602016173531509,-1.2297679764354177,2.6390573296152584,1.5789787049493915,0,0,1,0,0,0,0,0,0,0,0.0
16506_2009,-0.16006619895664687,-0.5609480162659319,0.5594847994243569,0.5810482200545046,0.022769562871019968,0.03434868466272712,0.7966712429485135,0.6760133845991979,0.10767469280851863,0.3071053038780711,-11.339468371075347,-11.661810686092943,-1.2297679764354177,-0.3236694764822385,1.5789787049493915,0.7929925155296614,0,0,1,0,0,0,0,0,0,0,0.0
16506_2010,-0.5609480162659319,-0.4260375557656997,0.5810482200545046,0.5011139151058399,0.03434868466272712,0.0582657137170232,0.6760133845991979,1.167077102079766,0.3071053038780711,0.3833443106135828,-11.661810686092943,-11.977095042389381,-0.3236694764822385,0.08203603104971817,0.7929925155296614,0.7080357930536959,0,0,1,0,0,0,0,0,0,0,0.0
16526_2008,-0.02807583703106091,-0.007259857525296066,0.18023396530859215,0.04560098008076592,1.1317466720451796,0.5347338808475884,0.7387293070732186,0.635479797216868,0.09348093845513587,0.07860935756286229,-14.733987650341929,-14.912441772678845,-0.4737352617582417,-0.20567961964461245,0.4510756193602167,0.26236426446749106,0,0,0,0,0,1,0,0,0,0,0.0
16526_2009,-0.007259857525296066,-0.20340309016233127,0.04560098008076592,0.07627615881087425,0.5347338808475884,0.5409739878740466,0.635479797216868,0.3617964961736746,0.07860935756286229,0.13515735612906607,-14.912441772678845,-15.016980550468162,-0.20567961964461245,-0.031139486271493044,0.26236426446749106,-0.342490308946776,0,0,0,0,0,1,0,0,0,0,0.0
16526_2010,-0.20340309016233127,0.06435778565584947,0.07627615881087425,0.0935369511862558,0.5409739878740466,0.3029724570493592,0.3617964961736746,0.4720316959911388,0.13515735612906607,0.08932605701173288,-15.016980550468162,-14.880098009470876,-0.031139486271493044,0.10392646877099908,-0.342490308946776,0.029558802241544432,0,0,0,0,0,1,0,0,0,0,0.0
16544_2008,0.040536864060941334,0.04799687987923338,0.42867507028203494,0.3195297902072559,0.003627459871225174,0.003667177339087494,1.8721583311045733,1.3476763380496146,0.04747271080010345,0.046801045358225976,-9.913681449512811,-9.228696562409876,-0.025867584933818702,-0.020250166234565287,2.7080502011022096,2.7080502011022096,0,0,0,0,0,0,0,0,0,0,0.0
16544_2009,0.04799687987923338,0.07785718519889366,0.3195297902072559,0.4141539591499181,0.003667177339087494,0.006072426700749365,1.3476763380496146,0.932482410714224,0.046801045358225976,0.06563431461492514,-9.228696562409876,-9.177468661050373,-0.020250166234565287,-0.003022336860639685,2.7080502011022096,2.7080502011022096,0,0,0,0,0,0,0,0,0,0,0.0
16544_2010,0.07785718519889366,0.046644754036848465,0.4141539591499181,0.25129256745959083,0.006072426700749365,0.0013628533224715386,0.932482410714224,1.4637790348298703,0.06563431461492514,0.05929547355453755,-9.177468661050373,-8.670655802205319,-0.003022336860639685,0.09622593871041546,2.7080502011022096,2.7080502011022096,0,0,0,0,0,0,0,0,0,0,0.0
16560_2008,0.012129995024179736,-0.01001210214457424,0.30403655261202345,0.4380971181639377,0.14684225908942666,0.2844416313773354,2.1024308324288814,1.2191213977317066,0.11684730648734735,0.15750316483885696,-10.29211697983664,-10.985585075522863,-0.406754947707864,-0.6881365385930569,2.2375130962503307,1.6213664832993742,0,0,0,0,0,0,1,0,0,0,0.0
16560_2009,-0.01001210214457424,-0.3747269823237035,0.4380971181639377,0.6778992622936847,0.2844416313773354,0.5303948546216865,1.2191213977317066,0.8527230676745503,0.15750316483885696,0.16779739912251218,-10.985585075522863,-11.628956374909716,-0.6881365385930569,-0.5713422416443854,1.6213664832993742,0.5538851132264376,0,0,0,0,0,0,1,0,0,0,0.0
16560_2010,-0.3747269823237035,-0.01704841338596472,0.6778992622936847,0.3845136127533248,0.5303948546216865,0.3194070390252802,0.8527230676745503,1.1859798175082557,0.16779739912251218,0.18529725543954806,-11.628956374909716,-11.487024443792587,-0.5713422416443854,0.09502991736348287,0.5538851132264376,0.9282193027394288,0,0,0,0,0,0,1,0,0,0,0.0
16561_2008,0.028652390869574124,0.023250434964306056,0.049075657071100134,0.05245267932577363,0.16242634722886387,0.07804446328635538,2.830694579547962,3.1152365155707478,0.13366106984295836,0.2848267574656489,-8.336056375084604,-8.577656471593729,0.03349866478682087,-0.9348005847668104,2.7080502011022096,2.7080502011022096,0,0,0,0,0,0,1,0,0,0,0.0
16561_2009,0.023250434964306056,0.035905543943316666,0.05245267932577363,0.10673652462486746,0.07804446328635538,0.09186923060908132,3.1152365155707478,2.2243421753215933,0.2848267574656489,0.187452392091622,-8.577656471593729,-8.377284880645162,-0.9348005847668104,0.3913176832147585,2.7080502011022096,2.7080502011022096,0,0,0,0,0,0,1,0,0,0,0.0
16561_2010,0.035905543943316666,0.027132376235933314,0.10673652462486746,0.07992098041856689,0.09186923060908132,0.09400159732287168,2.2243421753215933,3.015016571120844,0.187452392091622,0.10282756150294464,-8.377284880645162,-7.765254905050635,0.3913176832147585,0.5742896770668378,2.7080502011022096,2.7080502011022096,0,0,0,0,0,0,1,0,0,0,0.0
16572_2008,0.0255771448164114,0.03001963013963632,0.6122048604870441,0.7446843297892397,0.057319072807762175,0.03731853479028798,2.450121744827209,1.5754566867844977,0.1445667714642098,0.12713210329940705,-10.029705319123805,-10.504020319433288,-0.2291255968587098,-0.4333753717240344,2.7080502011022096,2.7080502011022096,0,0,0,0,0,1,0,0,0,0,0.0
16572_2009,0.03001963013963632,-0.04804570086408507,0.7446843297892397,0.9352687962823748,0.03731853479028798,0.08815209110102303,1.5754566867844977,0.6061347287142471,0.12713210329940705,0.2717845140204878,-10.504020319433288,-11.469873137371982,-0.4333753717240344,-1.0176227836477083,2.7080502011022096,1.6486586255873816,0,0,0,0,0,1,0,0,0,0,0.0
16572_2010,-0.04804570086408507,0.0,0.9352687962823748,0.0,0.08815209110102303,0.0,0.6061347287142471,0.0,0.2717845140204878,0.0,-11.469873137371982,0.0,-1.0176227836477083,0.0,1.6486586255873816,0.0,0,0,0,0,0,1,0,0,0,0,0.0
16578_2008,0.013602520045819015,0.015315263333356643,0.79722746759212,0.8263561533816847,0.041831824935070816,0.03207156894972059,2.6020007203903206,2.1027070832112207,0.04709751974617772,0.04152518662455736,-10.703182211173797,-10.896516425814813,0.0781088378200395,-0.2080235015145961,2.7080502011022096,2.7080502011022096,0,0,0,0,0,1,0,0,0,0,0.0
16578_2009,0.015315263333356643,0.00943093752504862,0.8263561533816847,0.8571732921586743,0.03207156894972059,0.036217668822430056,2.1027070832112207,1.7446297579816084,0.04152518662455736,0.1411253774071956,-10.896516425814813,-10.562399685368288,-0.2080235015145961,0.3145590384523781,2.7080502011022096,2.7080502011022096,0,0,0,0,0,1,0,0,0,0,0.0
16578_2010,0.00943093752504862,0.0069223812495270345,0.8571732921586743,0.931256443211042,0.036217668822430056,0.05135495068113502,1.7446297579816084,0.6825398316187326,0.1411253774071956,0.3120440568447619,-10.562399685368288,-11.626010091985489,0.3145590384523781,-0.7701341065557477,2.7080502011022096,2.032087845296365,0,0,0,0,0,1,0,0,0,0,0.0
16581_2008,0.003558765301467385,-0.2193184539374587,0.25843595935232105,0.4216401375847231,0.2915564011285826,0.27070025154416977,1.8345123944419688,2.5284926954165687,0.2252833374207596,0.2016762805257226,-9.58773939311744,-10.991634466975329,-0.9529478176601429,-1.2384786897431503,2.222459048514761,0.9555114450274363,0,0,0,0,0,1,0,0,0,0,0.0
16581_2009,-0.2193184539374587,-0.04606317072302237,0.4216401375847231,0.7389849878563222,0.27070025154416977,0.47376040619533,2.5284926954165687,0.8203898093469396,0.2016762805257226,0.20141933860521571,-10.991634466975329,-11.88710714563749,-1.2384786897431503,-0.7381262957823667,0.9555114450274363,-0.4307829160924542,0,0,0,0,0,1,0,0,0,0,0.0
16581_2010,-0.04606317072302237,-0.26619302683132473,0.7389849878563222,0.42054443783167184,0.47376040619533,0.33812552695531417,0.8203898093469396,2.2222631689691292,0.20141933860521571,0.14386642215079368,-11.88710714563749,-10.858503675451837,-0.7381262957823667,0.8421901729446719,-0.4307829160924542,0.8241754429663494,0,0,0,0,0,1,0,0,0,0,0.0
16584_2008,-0.02922420987786528,-0.013628287227785993,0.3636100247221468,0.3581989654688226,0.017640124466997826,0.02852649934433587,4.555349523589615,5.470652562935308,0.08962981114042437,0.06719605742833767,-8.3848753071043,-8.162955405573994,0.12495403350577933,0.11319158051161947,2.7080502011022096,2.7080502011022096,0,0,0,0,0,0,0,0,0,1,0.0
16584_2009,-0.013628287227785993,-0.010083106984691092,0.3581989654688226,0.5864362880590769,0.02852649934433587,0.02536075089747048,5.470652562935308,3.023418469478812,0.06719605742833767,0.14457873847237648,-8.162955405573994,-8.317218195845964,0.11319158051161947,-0.1755155649901739,2.7080502011022096,2.7080502011022096,0,0,0,0,0,0,0,0,0,1,0.0
16584_2010,-0.010083106984691092,-0.020984123843674915,0.5864362880590769,0.40423191375236267,0.02536075089747048,0.029338239435420695,3.023418469478812,4.258965751802629,0.14457873847237648,0.07512139136049137,-8.317218195845964,-7.816895775770603,-0.1755155649901739,0.24363962232854494,2.7080502011022096,2.7080502011022096,0,0,0,0,0,0,0,0,0,1,0.0
16587_2008,0.051309717567284654,0.008096252575357649,0.1900356826776479,0.11429336947939045,0.15799008809885096,0.11825037776260823,3.880280745104318,4.493660235064247,0.1077744618629161,0.120552957777127,-9.29669926987024,-8.686600736195635,-0.2785159339258193,0.5828723244940449,2.7080502011022096,2.7080502011022096,0,0,0,0,1,0,0,0,0,0,0.0
16587_2009,0.008096252575357649,-0.02133053931134796,0.11429336947939045,0.1758417297811647,0.11825037776260823,0.1176711571517227,4.493660235064247,2.656883550041646,0.120552957777127,0.16994606821663588,-8.686600736195635,-8.465756821686098,0.5828723244940449,0.12559278924423795,2.7080502011022096,2.7080502011022096,0,0,0,0,1,0,0,0,0,0,0.0
16587_2010,-0.02133053931134796,0.006002364861436877,0.1758417297811647,0.11955784326536788,0.1176711571517227,0.07077868239548206,2.656883550041646,3.269349092039461,0.16994606821663588,0.21624551001099504,-8.465756821686098,-8.154091162846367,0.12559278924423795,-0.5518019168785457,2.7080502011022096,2.7080502011022096,0,0,0,0,1,0,0,0,0,0,0.0
1658_2008,0.012085670995292442,0.011431553333614959,0.805519045740961,0.8471072085588929,0.042491003383061735,0.03273617068638133,1.9306499505293033,1.4928530336267374,0.02894651295722678,0.05381982240494533,-8.799672600124605,-9.089257532787077,0.0390815230996264,-0.1668285462173459,2.7080502011022096,2.7080502011022096,0,0,0,0,0,1,0,0,0,0,0.0
1658_2009,0.011431553333614959,0.009382351011662859,0.8471072085588929,0.874351724184281,0.03273617068638133,0.02856126245671385,1.4928530336267374,1.2379306822640568,0.05381982240494533,0.08812900309858776,-9.089257532787077,-8.755293549021436,-0.1668285462173459,0.3565065680668065,2.7080502011022096,2.7080502011022096,0,0,0,0,0,1,0,0,0,0,0.0
1658_2010,0.009382351011662859,0.009445274013137526,0.874351724184281,0.8543105032194146,0.02856126245671385,0.0223215110489414,1.2379306822640568,1.2561203848989546,0.08812900309858776,0.09107582418912333,-8.755293549021436,-8.841757864102476,0.3565065680668065,-0.19202539229748886,2.7080502011022096,2.7080502011022096,0,0,0,0,0,1,0,0,0,0,0.0
16609_2008,0.008739466154627843,0.008827880802896539,0.8683914519745646,0.8944377195672407,0.05525565480508051,0.025109615498421,1.4988822140989393,1.0925866633999393,0.08138137766805774,0.05788508873359372,-10.793134685878826,-11.091026315275867,-0.008070919379211727,-0.21717971795567967,2.7080502011022096,2.7080502011022096,0,0,0,0,0,1,0,0,0,0,0.0
16609_2009,0.008827880802896539,-0.013902217738024459,0.8944377195672407,0.9176478816656491,0.025109615498421,0.029330288642417456,1.0925866633999393,1.1147693432441337,0.05788508873359372,0.10870996287253994,-11.091026315275867,-10.833149748290394,-0.21717971795567967,0.1176517069298163,2.7080502011022096,2.66374994220563,0,0,0,0,0,1,0,0,0,0,0.0
16609_2010,-0.013902217738024459,0.007251119301474336,0.9176478816656491,0.9359999469760959,0.029330288642417456,0.02157058611398352,1.1147693432441337,0.8904891879210552,0.10870996287253994,0.4749927721169405,-10.833149748290394,-11.263026237063846,0.1176517069298163,0.046248736265453005,2.66374994220563,2.466403178223441,0,0,0,0,0,1,0,0,0,0,0.0
16612_2008,0.045673375712484685,0.04201970348256119,0.03056082088889678,0.04928825335367739,0.0932444910062681,0.2612147421161841,2.5993625489946357,2.248413608008868,0.15048051197060294,0.0853808662363092,-10.503144518795873,-10.884108960256114,-0.6984455872780856,-0.20024721750216887,2.7080502011022096,2.4997952622817508,0,0,1,0,0,0,0,0,0,0,0.0
16612_2009,0.04201970348256119,0.055117542334599916,0.04928825335367739,0.08089220572660635,0.2612147421161841,0.376153908307706,2.248413608008868,1.937995185910504,0.0853808662363092,0.15618016411397292,-10.884108960256114,-10.743473420345314,-0.20024721750216887,0.3485708834683248,2.4997952622817508,2.2854389341590755,0,0,1,0,0,0,0,0,0,0,0.0
16612_2010,0.055117542334599916,0.039907741210218235,0.08089220572660635,0.08820793115478545,0.376153908307706,0.308750371490225,1.937995185910504,1.7177880507416252,0.15618016411397292,0.0901923358253468,-10.743473420345314,-11.161151322970504,0.3485708834683248,-0.20116358813981366,2.2854389341590755,2.19722457733622,0,0,1,0,0,0,0,0,0,0,0.0
16614_2008,-0.08321313133470211,0.01910264829209629,0.1041422803893074,0.08108135293951975,0.16953139210325427,0.10357692761354703,1.6380698204513822,2.6482874437625665,0.1309616215896037,0.09716913518176913,-7.0738335837501625,-6.608464961528782,-0.06132298663397456,0.5885653105557228,2.7080502011022096,2.7080502011022096,0,0,0,0,0,0,1,0,0,0,0.0
16614_2009,0.01910264829209629,0.04869457603212602,0.08108135293951975,0.1223609783789475,0.10357692761354703,0.2085740016510039,2.6482874437625665,1.4796292307315315,0.09716913518176913,0.1177962860263534,-6.608464961528782,-6.746758626449685,0.5885653105557228,-0.01839967249481883,2.7080502011022096,2.7080502011022096,0,0,0,0,0,0,1,0,0,0,0.0
16614_2010,0.04869457603212602,0.007492096810884892,0.1223609783789475,0.11305465803488625,0.2085740016510039,0.1392930377814623,1.4796292307315315,2.090688960023931,0.1177962860263534,0.14799215823563547,-6.746758626449685,-6.563052246856369,-0.01839967249481883,0.3364222350669719,2.7080502011022096,2.7080502011022096,0,0,0,0,0,0,1,0,0,0,0.0
16622_2008,-0.007473506281491278,-0.05229641903814767,0.016746018716138563,0.022269255675418827,0.3253935036916624,0.18869739102063146,2.251824494752244,1.7544542092448339,0.12765270430752101,0.11677376678297445,-10.996409421705694,-11.478223198814005,-0.33769344594856376,-0.22556022542578585,2.7080502011022096,2.5225235133593067,0,0,0,0,0,0,1,0,0,0,0.0
16622_2009,-0.05229641903814767,-0.08886817072054523,0.022269255675418827,0.06094121503543019,0.18869739102063146,0.4541961740922143,1.7544542092448339,0.680937584747339,0.11677376678297445,0.2088718227028966,-11.478223198814005,-12.089423360073367,-0.22556022542578585,-0.3771907397777161,2.5225235133593067,1.3987168811184478,0,0,0,0,0,0,1,0,0,0,0.0
16622_2010,-0.08886817072054523,-0.26255453300640064,0.06094121503543019,0.2924481737413623,0.4541961740922143,1.0625975225296944,0.680937584747339,0.6602067524167109,0.2088718227028966,0.12121082575662945,-12.089423360073367,-12.539864435632493,-0.3771907397777161,-0.4732898809120076,1.3987168811184478,1.1662709371419244,0,0,0,0,0,0,1,0,0,0,0.0
16631_2008,0.02590072465862411,0.013566242343370474,0.6114910386955381,0.7411565939322471,0.0009679201277763627,0.0007417871960228257,1.1754675619102837,0.6918301926384804,0.0833140067297147,0.1341403039100556,-10.972096853286695,-11.58794883758853,-0.3547635671867375,-0.6385721749602911,2.48073127837752,1.885553348514416,0,0,0,0,0,0,0,1,0,0,0.0
16631_2009,0.013566242343370474,-0.07833648035136112,0.7411565939322471,0.9579609690842474,0.0007417871960228257,0.004479617385745489,0.6918301926384804,0.09619408825281403,0.1341403039100556,0.21797892133359068,-11.58794883758853,-13.266926394129069,-0.6385721749602911,-1.1945518463243352,1.885553348514416,-0.2876820724517809,0,0,0,0,0,0,0,1,0,0,0.0
16631_2010,-0.07833648035136112,-0.015938026171132696,0.9579609690842474,0.7291962067268555,0.004479617385745489,0.017272878830325338,0.09619408825281403,0.7398905654878228,0.21797892133359068,0.42071164175042,-13.266926394129069,-11.423717975963427,-1.1945518463243352,1.5342173917862358,-0.2876820724517809,1.790091412127358,0,0,0,0,0,0,0,1,0,0,0.0
16636_2008,-0.06422150587266845,-0.04725687480879704,0.042533833352357615,0.013962065331928343,0.08245148185209224,0.05451408953397464,4.841792991694337,5.260430597931788,0.21669064560637166,0.13516728926347546,-11.58901702852656,-12.023149641035461,-0.1975544185222926,-0.5427019716061636,1.3660916538023706,0.9282193027394288,0,0,0,0,0,0,1,0,0,0,0.0
16636_2009,-0.04725687480879704,-0.33944802335573193,0.013962065331928343,0.10364906625107413,0.05451408953397464,0.14383843128045554,5.260430597931788,1.989367486256268,0.13516728926347546,0.2673663361501853,-12.023149641035461,-13.055224056372642,-0.5427019716061636,-0.9195691178976326,0.9282193027394288,-0.5978370007556204,0,0,0,0,0,0,1,0,0,0,0.0
16636_2010,-0.33944802335573193,-0.0182831700177047,0.10364906625107413,0.05206233456623487,0.14383843128045554,0.08945255666380353,1.989367486256268,4.275774275932412,0.2673663361501853,0.3769246483168574,-13.055224056372642,-12.29935345100638,-0.9195691178976326,0.3060671042302988,-0.5978370007556204,0.3920420877760237,0,0,0,0,0,0,1,0,0,0,0.0
16640_2008,0.006699578132672556,0.006518250235020576,0.8183580985743011,0.8379688220462862,0.047348066232334084,0.040471437714209205,1.6751000296935177,1.4978924450784683,0.04251077044460101,0.08730469402266508,-12.220336559833877,-12.459516345556139,-0.13946121238753956,-0.2459041367706009,2.7080502011022096,2.489064659936664,0,0,0,0,0,1,0,0,0,0,0.0
16640_2009,0.006518250235020576,0.006814846142321047,0.8379688220462862,0.8602265034377391,0.040471437714209205,0.021702278413523863,1.4978924450784683,1.4596800653914566,0.08730469402266508,0.07479388976598092,-12.459516345556139,-12.112215023943213,-0.2459041367706009,0.2859604833691633,2.489064659936664,2.35232718488886,0,0,0,0,0,1,0,0,0,0,0.0
16640_2010,0.006814846142321047,0.008514061749353109,0.8602265034377391,0.8759416791980734,0.021702278413523863,0.021765568383964384,1.4596800653914566,1.4108251155194909,0.07479388976598092,0.07497920346995264,-12.112215023943213,-11.96311889049909,0.2859604833691633,0.07081205706068633,2.35232718488886,2.7080502011022096,0,0,0,0,0,1,0,0,0,0,0.0
16644_2008,-0.002089133427454292,0.013225986900691591,0.049545448547942315,0.03676184694729924,0.1099983726750144,0.09034935669903447,5.6174964809738634,5.802043449749329,0.13791845260663793,0.11371033355834005,-11.89994148232798,-11.33591178370889,0.03806979401552616,0.2940871588852029,0.1823215567939546,0.7030975114131134,0,0,0,0,0,0,1,0,0,0,0.0
16644_2009,0.013225986900691591,0.05204547903621862,0.03676184694729924,0.11576106768892855,0.09034935669903447,0.3760343179176306,5.802043449749329,2.148482480041135,0.11371033355834005,0.2712431196563332,-11.33591178370889,-12.223871153165724,0.2940871588852029,-0.5919896847025811,0.7030975114131134,0.4252677354043441,0,0,0,0,0,0,1,0,0,0,0.0
16644_2010,0.05204547903621862,0.05531483359454227,0.11576106768892855,0.06767491172138476,0.3760343179176306,0.1851867733228135,2.148482480041135,3.3858825013372824,0.2712431196563332,0.1206960831489952,-12.223871153165724,-11.645249004279638,-0.5919896847025811,0.304401994678981,0.4252677354043441,1.289232648276759,0,0,0,0,0,0,1,0,0,0,0.0
16647_2008,0.008082871805578597,-0.11316747834331768,0.24628749000359776,0.43891522647933456,0.20166094067776072,0.24757789940955915,1.9810407480455583,1.3886143828146458,0.12294121325177812,0.09818236260267403,-9.440894494932275,-10.114964806718184,0.7930062419396576,-0.7542993387797651,2.2512917986064958,1.5830939370944983,0,0,0,0,0,0,1,0,0,0,0.0
16647_2009,-0.11316747834331768,-0.2239233387757647,0.43891522647933456,0.7587299651434721,0.24757789940955915,0.39886283445512,1.3886143828146458,0.5379156550330273,0.09818236260267403,0.19339331863683465,-10.114964806718184,-11.063669845455054,-0.7542993387797651,-0.8703440765741413,1.5830939370944983,0.13976194237515865,0,0,0,0,0,0,1,0,0,0,0.0
16647_2010,-0.2239233387757647,0.025282469407274133,0.7587299651434721,0.4972723453353834,0.39886283445512,0.2525859590104688,0.5379156550330273,0.8713361977479818,0.19339331863683465,0.2884945724504377,-11.063669845455054,-10.647632816567723,-0.8703440765741413,0.7410279041317199,0.13976194237515865,0.8020015854720274,0,0,0,0,0,0,1,0,0,0,1.0
16649_2008,0.010590979224969451,0.01045521817217632,0.8592880518938171,0.886297008479652,0.020835673484632868,0.01376950876595147,1.4464923501803693,1.2319750693586662,0.025859224843833576,0.033090025392380595,-11.263496470659218,-11.411065576995544,-0.15587562509764952,-0.1383876680516542,2.7080502011022096,2.6837575085331657,0,0,0,0,0,1,0,0,0,0,0.0
16649_2009,0.01045521817217632,0.010014154251370257,0.886297008479652,0.8623867966722809,0.01376950876595147,0.012027831271276691,1.2319750693586662,1.5459408485442359,0.033090025392380595,0.13053884115065956,-11.411065576995544,-10.61433010009928,-0.1383876680516542,0.7164710437305375,2.6837575085331657,2.7080502011022096,0,0,0,0,0,1,0,0,0,0,0.0
16649_2010,0.010014154251370257,0.009778748504639508,0.8623867966722809,0.8873423240535694,0.012027831271276691,0.01149576537901648,1.5459408485442359,1.1922525898826457,0.13053884115065956,0.1656811602233399,-10.61433010009928,-11.098508609602897,0.7164710437305375,-0.32923477064815115,2.7080502011022096,2.7080502011022096,0,0,0,0,0,1,0,0,0,0,0.0
16650_2008,0.030956709035761493,0.02104554922281982,0.1178453507860104,0.07835880276086624,0.2356647577801108,0.09829354131370703,2.5516789046408577,4.65238968980846,0.09368856728968812,0.05806979282808264,-10.635741725272414,-10.109625941755377,-0.2850024290741482,0.43891748294806376,1.603419840108537,2.1329823086078656,0,0,0,0,0,0,1,0,0,0,0.0
16650_2009,0.02104554922281982,0.03496136389497925,0.07835880276086624,0.15306924467499805,0.09829354131370703,0.1770591747698668,4.65238968980846,3.2311270299760197,0.05806979282808264,0.14761024404456055,-10.109625941755377,-10.21058369614982,0.43891748294806376,-0.0208508256235021,2.1329823086078656,1.5260563034950492,0,0,0,0,0,0,1,0,0,0,0.0
16650_2010,0.03496136389497925,0.021960319941044432,0.15306924467499805,0.08983480945336188,0.1770591747698668,0.10807261424019517,3.2311270299760197,4.910717813065381,0.14761024404456055,0.07066918284706075,-10.21058369614982,-9.751244103800037,-0.0208508256235021,0.2407387176325778,1.5260563034950492,2.2126603854660587,0,0,0,0,0,0,1,0,0,0,0.0
16665_2008,0.03857523353985542,0.06234755989276304,0.024263532206591783,0.061741032455410676,0.13003594987274333,0.1898968193009052,3.6955431669468974,2.882823511608924,0.20119901702446755,0.12942295352344316,-9.156058621815633,-9.43267679098695,-0.6659565954426333,-0.24077291067392045,2.7080502011022096,2.7080502011022096,0,0,0,0,0,0,1,0,0,0,0.0
16665_2009,0.06234755989276304,0.07667929473055726,0.061741032455410676,0.07614881037297701,0.1898968193009052,0.1593503151732264,2.882823511608924,2.7984212876492647,0.12942295352344316,0.15100344834332988,-9.43267679098695,-9.095568738600381,-0.24077291067392045,0.33099235019665385,2.7080502011022096,2.7080502011022096,0,0,0,0,0,0,1,0,0,0,0.0
16665_2010,0.07667929473055726,0.06834085239175597,0.07614881037297701,0.0795920840498298,0.1593503151732264,0.23397489488402345,2.7984212876492647,2.292711818100185,0.15100344834332988,0.08449493914951964,-9.095568738600381,-9.308409314503717,0.33099235019665385,-0.25812374007513755,2.7080502011022096,2.7080502011022096,0,0,0,0,0,0,1,0,0,0,0.0
16666_2008,0.0,0.0,0.0,0.0,0.0,0.0,0.0,0.0,0.0,0.0,0.0,0.0,0.0,0.0,0.0,0.0,0,0,0,0,1,0,0,0,0,0,0.0
16666_2009,0.0,0.01244695800737318,0.0,0.12067455414065598,0.0,0.03403708726641565,0.0,2.257944750019692,0.0,0.2572434944634929,0.0,-8.597300030349375,0.0,0.0181059927343058,0.0,2.294552921296781,0,0,0,0,1,0,0,0,0,0,0.0
16666_2010,0.01244695800737318,0.020673927960486258,0.12067455414065598,0.09466041470248733,0.03403708726641565,0.04715839046943431,2.257944750019692,2.7491527534886284,0.2572434944634929,0.14247488531280006,-8.597300030349375,-8.120662190733666,0.0181059927343058,0.5798608080640413,2.294552921296781,2.7080502011022096,0,0,0,0,1,0,0,0,0,0,0.0
16668_2008,-0.015431391852270531,-0.0038872052723323922,0.1869278972231337,0.15436482505018095,0.1562160040077379,0.1440437944849848,5.864350664343221,6.70487183135774,0.08932237777971795,0.10638761508936638,-9.002107366415872,-8.22764514414966,0.22949068046520715,0.6084674676299097,2.7080502011022096,2.7080502011022096,0,0,0,0,1,0,0,0,0,0,0.0
16668_2009,-0.0038872052723323922,0.012805324183908229,0.15436482505018095,0.2616720295269652,0.1440437944849848,0.2350795191900021,6.70487183135774,4.165334536284831,0.10638761508936638,0.14363360057746008,-8.22764514414966,-8.393212850973404,0.6084674676299097,-0.31313453597180924,2.7080502011022096,2.7080502011022096,0,0,0,0,1,0,0,0,0,0,0.0
16668_2010,0.012805324183908229,-0.00019566386423622208,0.2616720295269652,0.2385567512613503,0.2350795191900021,0.120917461444195,4.165334536284831,3.9574705149884335,0.14363360057746008,0.16674398059609116,-8.393212850973404,-8.560020339264858,-0.31313453597180924,-0.32033777791841805,2.7080502011022096,2.7080502011022096,0,0,0,0,1,0,0,0,0,0,0.0
16678_2008,0.020716984809276844,0.03328903000319969,0.05120886973657142,0.050107886813195834,0.00985069132407237,0.01655221639715474,3.1200051270548275,2.3711022457781583,0.08168007548358608,0.1138866574607334,-10.276846798390183,-10.232260586038176,0.3568399863965694,-0.3009905352031718,2.7080502011022096,2.7080502011022096,0,0,0,0,0,0,1,0,0,0,0.0
16678_2009,0.03328903000319969,0.06423903086428477,0.050107886813195834,0.12481001306621888,0.01655221639715474,0.14716519580698995,2.3711022457781583,0.7969084727108351,0.1138866574607334,0.2816646247396932,-10.232260586038176,-10.961845815537737,-0.3009905352031718,-0.6465233826755228,2.7080502011022096,1.5644405465033646,0,0,0,0,0,0,1,0,0,0,0.0
16678_2010,0.06423903086428477,0.005976998157875278,0.12481001306621888,0.06725450695484814,0.14716519580698995,0.09928435354250513,0.7969084727108351,1.3095344685170716,0.2816646247396932,0.16536608233754213,-10.961845815537737,-10.680122691918166,-0.6465233826755228,0.4715633831551122,1.5644405465033646,2.131796772013764,0,0,0,0,0,0,1,0,0,0,0.0
16691_2008,-0.5842869353759301,-1.6956741194945038,0.11683971755268277,0.21433111493307413,0.14524347497664308,0.08926568458834966,1.3469380055560851,1.6197435512030434,0.2239345627230282,0.3367438982654041,-12.740322155043726,-13.2620104664726,-0.6764812952075726,0.13458163337531406,-0.7339691750802004,-0.4462871026284195,0,0,0,0,1,0,0,0,0,0,1.0
16691_2009,-1.6956741194945038,-1.5942336563932054,0.21433111493307413,0.2821075136966381,0.08926568458834966,0.08607069587568089,1.6197435512030434,1.3708197060867453,0.3367438982654041,0.25761127081606233,-13.2620104664726,-14.149431857762222,0.13458163337531406,-0.7795212858571197,-0.4462871026284195,-1.9547490977225177,0,0,0,0,1,0,0,0,0,0,1.0
16691_2010,-1.5942336563932054,0.0,0.2821075136966381,0.0,0.08607069587568089,0.0,1.3708197060867453,0.0,0.25761127081606233,0.0,-14.149431857762222,0.0,-0.7795212858571197,0.0,-1.9547490977225177,0.0,0,0,0,0,1,0,0,0,0,0,1.0
16695_2008,0.006018698189763682,0.023086758089401502,0.2897945578655245,0.20429312818963566,0.04645558731408748,0.021696265766105973,1.7783292055066586,2.459034363411825,0.10189344192662604,0.09774065149083468,-11.307244832742484,-10.929848014077503,-0.16946810457623787,0.19535205359447336,1.8180767775454283,2.166765369851511,0,0,1,0,0,0,0,0,0,0,0.0
16695_2009,0.023086758089401502,0.0383171048910272,0.20429312818963566,0.2545610531216229,0.021696265766105973,0.022065003310478483,2.459034363411825,1.6431233345397511,0.09774065149083468,0.13774301728626662,-10.929848014077503,-11.245669893597134,0.19535205359447336,-0.2949493136457458,2.166765369851511,1.3402504226184837,0,0,1,0,0,0,0,0,0,0,0.0
16695_2010,0.0383171048910272,-0.3589258446520717,0.2545610531216229,0.5555970907228955,0.022065003310478483,0.10781232733780284,1.6431233345397511,0.9190326854547362,0.13774301728626662,0.3601866370999717,-11.245669893597134,-11.852764206529619,-0.2949493136457458,-0.2424191280069392,1.3402504226184837,0.9745596399981308,0,0,1,0,0,0,0,0,0,0,0.0
16706_2008,0.01065155485866949,0.06046731279412022,0.6040809196845075,0.5715721795805105,0.13000297908538488,0.3075906827580125,3.637076325974151,1.821778971712332,0.16191365027571886,0.07324906258938751,-10.914200162891,-10.742122600315671,0.6124877677560844,-0.049215788212346435,2.5225235133593067,2.476538400117484,0,0,0,0,0,0,0,1,0,0,0.0
16706_2009,0.06046731279412022,-0.015155489631415643,0.5715721795805105,0.8909222174734494,0.3075906827580125,0.18775967710031605,1.821778971712332,0.5647266385832521,0.07324906258938751,0.20313079424726505,-10.742122600315671,-12.047828812982276,-0.049215788212346435,-1.029224427016772,2.476538400117484,0.8501509293696099,0,0,0,0,0,0,0,1,0,0,0.0
16706_2010,-0.015155489631415643,0.0180633540872863,0.8909222174734494,0.6247869835595864,0.18775967710031605,0.4204958285632686,0.5647266385832521,2.381588297204352,0.20313079424726505,0.18013962340255327,-12.047828812982276,-10.278777969943263,-1.029224427016772,1.2259371607683098,0.8501509293696099,2.7080502011022096,0,0,0,0,0,0,0,1,0,0,0.0
16758_2008,0.023299690271016624,-0.003570410530522308,0.12651758920330236,0.3823554005109723,0.2653972345734037,0.1148533352986551,1.8887124600878225,1.6900746336432668,0.17276345403988316,0.14288821083149128,-10.782516618664268,-10.170021106003722,0.16119608782537442,0.40786886642979703,2.1162555148025524,2.5470986700444485,0,0,0,0,0,0,1,0,0,0,0.0
16758_2009,-0.003570410530522308,0.040143546015901234,0.3823554005109723,0.4225064165998208,0.1148533352986551,0.21302030124479432,1.6900746336432668,1.243132818427439,0.14288821083149128,0.1874073516881301,-10.170021106003722,-10.04947627973162,0.40786886642979703,0.2908880386856949,2.5470986700444485,2.154085084675601,0,0,0,0,0,0,1,0,0,0,0.0
16758_2010,0.040143546015901234,0.03349283731733375,0.4225064165998208,0.25885115141001164,0.21302030124479432,0.15980031708840142,1.243132818427439,2.0460145319332748,0.1874073516881301,0.2600461242082837,-10.04947627973162,-9.718161283415897,0.2908880386856949,-0.26895498491484,2.154085084675601,2.6823904543216326,0,0,0,0,0,0,1,0,0,0,0.0
16779_2008,0.10525964028371472,0.09966053769079766,0.23473860911212596,0.22459972306314116,0.02255150677957373,0.0006539144382787241,3.5986963818688813,3.1710435616136765,0.06790949928936844,0.08543176031526738,-9.2227443283837,-9.180543011552537,-0.2010783431363056,0.04121242007887696,2.7080502011022096,2.7080502011022096,0,0,0,0,0,0,0,0,0,0,0.0
16779_2009,0.09966053769079766,0.07780098566315517,0.22459972306314116,0.4293434312567965,0.0006539144382787241,0.14198900223784525,3.1710435616136765,2.7432634663774293,0.08543176031526738,0.16327256179358154,-9.180543011552537,-8.984474738038502,0.04121242007887696,0.14600650547287114,2.7080502011022096,2.7080502011022096,0,0,0,0,0,0,0,0,0,0,0.0
16779_2010,0.07780098566315517,0.08281174393671181,0.4293434312567965,0.3147809031482227,0.14198900223784525,0.009289747197862996,2.7432634663774293,3.5580105472786534,0.16327256179358154,0.10581911268842784,-8.984474738038502,-8.739344211131964,0.14600650547287114,0.05337997868757777,2.7080502011022096,2.7080502011022096,0,0,0,0,0,0,0,0,0,0,0.0
1685_2008,0.04411317164163755,0.028401583137063667,0.2482241166184208,0.2804056745807699,0.03433212614371494,0.038853365731503095,2.317313410148868,1.7899975651459117,0.059665565107506265,0.042795142931698574,-5.94431367773288,-6.1448528501951785,-0.033780060632202444,-0.23053373844809374,2.7080502011022096,2.7080502011022096,0,1,0,0,0,0,0,0,0,0,0.0
1685_2009,0.028401583137063667,0.0035124095939819376,0.2804056745807699,0.3805588272336757,0.038853365731503095,0.08214737540210817,1.7899975651459117,1.2352369518533528,0.042795142931698574,0.08582307650854121,-6.1448528501951785,-5.974305152796072,-0.23053373844809374,0.04539487149578148,2.7080502011022096,2.7080502011022096,0,1,0,0,0,0,0,0,0,0,0.0
1685_2010,0.0035124095939819376,0.03174204722376428,0.3805588272336757,0.2973404102692311,0.08214737540210817,0.05233148326080057,1.2352369518533528,1.7414066354153708,0.08582307650854121,0.134723018573279,-5.974305152796072,-5.940646450433418,0.04539487149578148,0.1969031656951557,2.7080502011022096,2.7080502011022096,0,1,0,0,0,0,0,0,0,0,0.0
16863_2008,-0.11628856855971,0.03792467679465186,0.12770809578107184,0.19164618078276716,0.3417178644973536,0.62128601241533,1.6521852652344828,1.1431585219792604,0.1974008961257508,0.13483507143016848,-11.729441031164837,-12.332203608118796,-0.20070789542123565,-0.42764443207280334,1.4955970960103406,1.1600209167967532,0,0,0,0,0,0,0,1,0,0,0.0
16863_2009,0.03792467679465186,-0.33702529848118234,0.19164618078276716,0.3715366526939986,0.62128601241533,0.7401651728407684,1.1431585219792604,0.9178873807283968,0.13483507143016848,0.1771342392515195,-12.332203608118796,-12.556219067590973,-0.42764443207280334,-0.3181985445607011,1.1600209167967532,0.4824261492442928,0,0,0,0,0,0,0,1,0,0,0.0
16863_2010,-0.33702529848118234,-0.2073283657430158,0.3715366526939986,0.4153921755438108,0.7401651728407684,0.926425507874266,0.9178873807283968,0.6973489185008667,0.1771342392515195,0.1391889872878075,-12.556219067590973,-13.249316475494554,-0.3181985445607011,-0.5917041274052313,0.4824261492442928,0.01980262729617973,0,0,0,0,0,0,0,1,0,0,0.0
1686_2008,-0.0021957573184078795,0.010918764148539508,0.1960119237311812,0.2869406903071656,0.13331749881881924,0.19009974604948773,1.285443405501122,0.8040670373504875,0.07602026432020245,0.04054251679151498,-11.726791514951525,-11.939627164039708,-0.09239930271924653,-0.24157190465565476,2.48073127837752,2.266947552602901,0,0,0,0,0,0,1,0,0,0,0.0
1686_2009,0.010918764148539508,-0.24101963799007614,0.2869406903071656,0.4095761408903487,0.19009974604948773,0.32560364106506395,0.8040670373504875,0.4831708394634914,0.04054251679151498,0.16258300510513232,-11.939627164039708,-12.727690766360393,-0.24157190465565476,-0.7169746542300031,2.266947552602901,1.0600446955188512,0,0,0,0,0,0,1,0,0,0,0.0
1686_2010,-0.24101963799007614,0.043247274037319455,0.4095761408903487,0.28375812361263403,0.32560364106506395,0.32049234874073185,0.4831708394634914,0.7391163955272838,0.16258300510513232,0.13399593198300558,-12.727690766360393,-12.3717137776933,-0.7169746542300031,0.1929546117681546,1.0600446955188512,1.6370530794670737,0,0,0,0,0,0,1,0,0,0,0.0
1688_2008,0.04180190117317119,0.02457028765816539,0.13281296696470513,0.2430156753689612,0.024903073024249992,0.05589584109997587,2.7531009661083816,2.059606926658035,0.08775592155750303,0.0642160501159495,-9.284028763846976,-9.586133279792083,0.0277500616086713,-0.29189623623873995,2.7080502011022096,2.7080502011022096,0,1,0,0,0,0,0,0,0,0,0.0
1688_2009,0.02457028765816539,0.04445974221795766,0.2430156753689612,0.3478485238208508,0.05589584109997587,0.04730506089768141,2.059606926658035,1.7083598572027916,0.0642160501159495,0.1244176094005222,-9.586133279792083,-9.409347732826824,-0.29189623623873995,0.1282632977886266,2.7080502011022096,2.7080502011022096,0,1,0,0,0,0,0,0,0,0,0.0
1688_2010,0.04445974221795766,0.02618069535910754,0.3478485238208508,0.32309774871811714,0.04730506089768141,0.08752589507128714,1.7083598572027916,1.6129646686266426,0.1244176094005222,0.1003583493898122,-9.409347732826824,-9.600763200693654,0.1282632977886266,-0.18538938021685605,2.7080502011022096,2.7080502011022096,0,1,0,0,0,0,0,0,0,0,0.0
1689_2008,0.013061730511746524,0.009714167525795077,0.7904350993396461,0.8669563007269856,0.026951892528776968,0.026517464015603055,1.923609978384465,1.330893046475231,0.026787906526480467,0.03369083246386044,-6.847516807711317,-7.29827257584127,0.015395457278284954,-0.41385597022222587,2.7080502011022096,2.7080502011022096,0,0,0,0,0,1,0,0,0,0,0.0
1689_2009,0.009714167525795077,0.008504081780112294,0.8669563007269856,0.903069639455384,0.026517464015603055,0.02552408616283823,1.330893046475231,1.0171625482050175,0.03369083246386044,0.1381070719167982,-7.29827257584127,-7.12236686142364,-0.41385597022222587,-0.04350797378690985,2.7080502011022096,2.7080502011022096,0,0,0,0,0,1,0,0,0,0,0.0
1689_2010,0.008504081780112294,0.00550284119696599,0.903069639455384,0.8854510405479703,0.02552408616283823,0.019985057382529318,1.0171625482050175,1.1120399122035471,0.1381070719167982,0.14947810126893438,-7.12236686142364,-7.13632069588043,-0.04350797378690985,0.2451021772724772,2.7080502011022096,2.7080502011022096,0,0,0,0,0,1,0,0,0,0,0.0
1693_2008,0.051286455825393984,-0.04658340768255746,0.3162847517591172,0.40333821436748907,0.04380775208531114,0.015019656740412597,1.1949287316990675,0.9236883749937356,0.11229029107587872,0.11232083160943764,-11.351053923495094,-11.782819884855332,-0.5235883740018157,-0.3749982224480787,2.151762203259462,1.7749523509116738,0,1,0,0,0,0,0,0,0,0,0.0
1693_2009,-0.04658340768255746,0.004008584333657333,0.40333821436748907,0.3692866906386635,0.015019656740412597,0.008666493071774861,0.9236883749937356,0.9037843908108816,0.11232083160943764,0.11216361300602007,-11.782819884855332,-11.320373962156324,-0.3749982224480787,0.4184462121821854,1.7749523509116738,1.7369512327330598,0,1,0,0,0,0,0,0,0,0,0.0
1693_2010,0.004008584333657333,-0.14593900167587584,0.3692866906386635,0.498450815044653,0.008666493071774861,0.03260178611912499,0.9037843908108816,0.6529124907338126,0.11216361300602007,0.194713547052818,-11.320373962156324,-12.07811719714192,0.4184462121821854,-0.4764891253019735,1.7369512327330598,1.1939224684724346,0,1,0,0,0,0,0,0,0,0,0.0
17163_2008,-0.003745858704453797,-0.035266517508470895,0.09731623856086448,0.1155506227648292,0.4108007153419545,0.4466230936819173,1.5816810394226142,1.5923951743486209,0.08453471844396275,0.12379175357596567,-10.627819856806793,-10.662388336423732,-0.3123163555078972,0.15630345652214994,2.7080502011022096,2.7080502011022096,0,0,0,0,0,0,1,0,0,0,0.0
17163_2009,-0.035266517508470895,-0.2225873573939872,0.1155506227648292,0.2683647843868838,0.4466230936819173,0.6371242017650858,1.5923951743486209,0.7108131884678284,0.12379175357596567,0.12462563151235985,-10.662388336423732,-11.251601387580237,0.15630345652214994,-0.5335921761691191,2.7080502011022096,1.6845453849209058,0,0,0,0,0,0,1,0,0,0,0.0
17163_2010,-0.2225873573939872,-0.01718328450841217,0.2683647843868838,0.17202679388163913,0.6371242017650858,0.17105126037770807,0.7108131884678284,1.7533755659659087,0.12462563151235985,0.07456394755813643,-11.251601387580237,-10.454746329270707,-0.5335921761691191,0.7055244281316665,1.6845453849209058,2.7080502011022096,0,0,0,0,0,0,1,0,0,0,0.0
17164_2008,-0.02542436297643304,0.18498783722812184,0.5099108778432061,0.470084177751865,0.007075504700069783,0.01138256423407197,1.3902709561308877,0.715984161769996,0.047702926917637535,0.10608729913250063,-11.970449418977527,-12.590418985035894,0.21367171648409056,-0.6300727376382957,1.6134299337036375,1.0043016091968684,0,0,1,0,0,0,0,0,0,0,1.0
17164_2009,0.18498783722812184,0.0,0.470084177751865,0.0,0.01138256423407197,0.0,0.715984161769996,0.0,0.10608729913250063,0.0,-12.590418985035894,0.0,-0.6300727376382957,0.0,1.0043016091968684,0.0,0,0,1,0,0,0,0,0,0,0,1.0
17164_2010,0.0,0.0,0.0,0.0,0.0,0.0,0.0,0.0,0.0,0.0,0.0,0.0,0.0,0.0,0.0,0.0,0,0,1,0,0,0,0,0,0,0,1.0
17176_2008,-0.00046879761225749494,-0.03402782574554021,0.10965957480056568,0.10560986516110503,0.3876174924015721,0.3601641769883193,1.7622796802434828,1.812870237253964,0.06518917186019366,0.09928751855664547,-13.152820722124341,-13.132480556573258,-0.123268637174928,0.02101098331332964,0.4885800148186709,0.4762341789963717,0,0,0,0,0,0,1,0,0,0,0.0
17176_2009,-0.03402782574554021,-0.18660359651534256,0.10560986516110503,0.25969040012892103,0.3601641769883193,0.4676702277919444,1.812870237253964,1.5730540767552736,0.09928751855664547,0.1432641571125365,-13.132480556573258,-13.239348449023248,0.02101098331332964,-0.19620815874119085,0.4762341789963717,-0.12783337150988489,0,0,0,0,0,0,1,0,0,0,0.0
17176_2010,-0.18660359651534256,-0.21642236823967287,0.25969040012892103,0.2561227771906447,0.4676702277919444,0.3398888020952994,1.5730540767552736,2.3806652745507484,0.1432641571125365,0.12159993748302415,-13.239348449023248,-13.31177762278142,-0.19620815874119085,-0.13417708536360248,-0.12783337150988489,0.0,0,0,0,0,0,0,1,0,0,0,0.0
17183_2008,0.009272609163163487,0.008722806077216712,0.8094438953416492,0.8667689632116419,0.03909170258045448,0.022814538372587848,2.0083413585542043,1.3868835012482343,0.08754752237380417,0.05104545220152327,-11.253957739132506,-11.596697573800563,-0.3820966211058491,-0.3361730285756442,2.7080502011022096,2.4932054526026954,0,0,0,0,0,1,0,0,0,0,0.0
17183_2009,0.008722806077216712,0.005203278457705676,0.8667689632116419,0.9487899470530692,0.022814538372587848,0.02090067573270924,1.3868835012482343,0.7113945446663291,0.05104545220152327,0.108325361046739,-11.596697573800563,-11.584357018968644,-0.3361730285756442,-0.4660744258707505,2.4932054526026954,1.749199854809259,0,0,0,0,0,1,0,0,0,0,0.0
17183_2010,0.005203278457705676,0.005719370435592171,0.9487899470530692,0.8877309376276278,0.02090067573270924,0.06460270164637065,0.7113945446663291,1.2059718073332066,0.108325361046739,0.06455483876307769,-11.584357018968644,-10.79015512679789,-0.4660744258707505,0.2982797536132108,1.749199854809259,2.3485140248824456,0,0,0,0,0,1,0,0,0,0,0.0
17201_2008,-0.04079457425817954,0.046550185646573705,0.1953286088606069,0.1379428120338337,0.27079539903184263,0.1903287352395989,1.4441898888546023,1.7508212174898132,0.06871833646623178,0.08858446427571064,-12.432831778460944,-12.036570072493156,-0.22104885975696145,0.15674182870714926,0.924258901523332,1.308332819650179,0,0,0,0,0,0,1,0,0,0,0.0
17201_2009,0.046550185646573705,0.22968142698500835,0.1379428120338337,0.13907204330927264,0.1903287352395989,0.402085646862854,1.7508212174898132,1.3028784799357187,0.08858446427571064,0.0759014087401878,-12.036570072493156,-11.976593639073556,0.15674182870714926,0.2378836707934104,1.308332819650179,1.0986122886681098,0,0,0,0,0,0,1,0,0,0,0.0
17201_2010,0.22968142698500835,-0.23964940685405506,0.13907204330927264,0.16754280795597776,0.402085646862854,0.6623491516971179,1.3028784799357187,0.8240743276759819,0.0759014087401878,0.1479647735077914,-11.976593639073556,-12.917788422773569,0.2378836707934104,-1.042835725561833,1.0986122886681098,0.3852624007906449,0,0,0,0,0,0,1,0,0,0,0.0
17202_2008,-0.0939757217486379,-0.10177982137796752,0.1312335154916132,0.11340762205991245,0.2667201106412665,0.20245353907471225,2.0209086017372586,2.708007002672072,0.19704454456848025,0.1086648196376873,-11.91463930035236,-11.795665561546723,-0.5954478017599306,0.048783112810893606,1.0885619528146082,1.1939224684724346,0,0,0,0,0,0,1,0,0,0,0.0
17202_2009,-0.10177982137796752,-0.3682099603647857,0.11340762205991245,0.2583570475504493,0.20245353907471225,0.7671992033597437,2.708007002672072,0.8739628396382758,0.1086648196376873,0.18325417656259466,-11.795665561546723,-12.940136643439974,0.048783112810893606,-1.2387784213981652,1.1939224684724346,-0.4620354595965587,0,0,0,0,0,0,1,0,0,0,0.0
17202_2010,-0.3682099603647857,-0.12149884280884796,0.2583570475504493,0.07899791481379062,0.7671992033597437,0.2374546278926665,0.8739628396382758,2.7873001655674075,0.18325417656259466,0.3052116399326496,-12.940136643439974,-11.807590399152751,-1.2387784213981652,0.5553524482844239,-0.4620354595965587,0.7466879474879751,0,0,0,0,0,0,1,0,0,0,0.0
17205_2008,0.0,0.04548417126936145,0.0,0.0756158971353007,0.0,0.23236560350822316,0.0,2.3494198206926726,0.0,0.043574182296777605,0.0,-10.497978816126242,0.0,-0.1026237093303806,0.0,2.6919208191723265,0,0,0,0,0,0,0,1,0,0,0.0
17205_2009,0.04548417126936145,0.05184513355407317,0.0756158971353007,0.07926542833936552,0.23236560350822316,0.2024455660915292,2.3494198206926726,1.9933094820520407,0.043574182296777605,0.09116600032042907,-10.497978816126242,-10.249287488279151,-0.1026237093303806,0.11863093081742936,2.6919208191723265,2.405141681319138,0,0,0,0,0,0,0,1,0,0,0.0
17205_2010,0.05184513355407317,0.04090482583918402,0.07926542833936552,0.0842442788092055,0.2024455660915292,0.16932124238193055,1.9933094820520407,2.707534003962786,0.09116600032042907,0.10357222809352257,-10.249287488279151,-10.138929585816816,0.11863093081742936,0.1568745603679016,2.405141681319138,2.7080502011022096,0,0,0,0,0,0,0,1,0,0,0.0
17208_2008,-0.04588824136143208,0.03730609306048523,0.0550851261457175,0.06997289416352329,0.3241398073051113,0.4056287601461315,1.5961365517079176,1.1825095308236178,0.13025645900337346,0.08087759938063872,-11.030032282876284,-11.357272477312607,-0.12409942399066215,-0.33727556451974433,2.2353763433005955,1.925707441737794,0,0,0,0,0,0,1,0,0,0,0.0
17208_2009,0.03730609306048523,0.2945957068735408,0.06997289416352329,0.07837013504001969,0.4056287601461315,0.4815517102120409,1.1825095308236178,0.9602720265133678,0.08087759938063872,0.17046555593765114,-11.357272477312607,-11.090349127444403,-0.33727556451974433,0.4669427054390549,1.925707441737794,1.8825138324965192,0,0,0,0,0,0,1,0,0,0,0.0
17208_2010,0.2945957068735408,-0.03810956819640497,0.07837013504001969,0.06928239589576188,0.4815517102120409,0.5392890691081272,0.9602720265133678,0.913058290137616,0.17046555593765114,0.13305601644163875,-11.090349127444403,-11.415042884654259,0.4669427054390549,-0.3839888837599735,1.8825138324965192,1.7783364488959144,0,0,0,0,0,0,1,0,0,0,0.0
17210_2008,-0.013309988489430557,0.03661213272589778,0.21707277364736527,0.10865068679038467,0.283022909746282,0.1838116141747844,2.0141253959541583,3.128033517683056,0.1496615880137346,0.13515649386277012,-13.048445931762359,-12.155794596218376,-0.3927131220769279,0.7318287502927021,1.0473189942805592,1.9150679521865133,0,0,0,0,0,0,1,0,0,0,0.0
17210_2009,0.03661213272589778,0.06016489410610844,0.10865068679038467,0.270205657890704,0.1838116141747844,0.2360928065712447,3.128033517683056,1.225545450334296,0.13515649386277012,0.14054569027909025,-12.155794596218376,-12.706112774527009,0.7318287502927021,-0.4766300536435039,1.9150679521865133,0.8592970103540347,0,0,0,0,0,0,1,0,0,0,0.0
17210_2010,0.06016489410610844,-0.07020115431428235,0.270205657890704,0.3349605412974912,0.2360928065712447,0.33812770746901544,1.225545450334296,1.3908695021445363,0.14054569027909025,0.2527824568809013,-12.706112774527009,-12.875781282675836,-0.4766300536435039,-0.2926879934638388,0.8592970103540347,0.9162907318741552,0,0,0,0,0,0,1,0,0,0,0.0
17216_2008,0.01838142751485812,-0.010779702713676892,0.04014751029214885,0.048997238665475264,0.8005022562946292,0.7408802735440381,1.033733154581572,1.1740763637663174,0.06398084723342827,0.048267621019103264,-9.401393428903855,-9.379351515157913,-0.37999966880394304,0.012095868192024505,1.324418957401803,1.3454723665996355,0,0,0,0,0,0,1,0,0,0,0.0
17216_2009,-0.010779702713676892,-0.00011144254950835263,0.048997238665475264,0.03430084365920243,0.7408802735440381,0.8026747384961473,1.1740763637663174,1.0004426064129968,0.048267621019103264,0.07914580710054665,-9.379351515157913,-9.238188950936088,0.012095868192024505,0.19187071170618533,1.3454723665996355,0.9895411936137476,0,0,0,0,0,0,1,0,0,0,0.0
17216_2010,-0.00011144254950835263,-0.0536899030270474,0.03430084365920243,0.03145707974712469,0.8026747384961473,0.6224498999803568,1.0004426064129968,1.024805198509773,0.07914580710054665,0.5808396751271958,-9.238188950936088,-9.723082903852783,0.19187071170618533,1.889116170423097,0.9895411936137476,2.7080502011022096,0,0,0,0,0,0,1,0,0,0,0.0
17298_2008,0.014176915038984004,0.011000332048971868,0.06706655413551965,0.044201357697012604,0.263433405674785,0.08550680442289747,1.5880003386256416,2.9111549357978124,0.11220025436056663,0.1266077403306152,-10.663852599169289,-10.006589223067326,-0.14585304414540226,0.833479204538213,2.615934912194404,2.7080502011022096,0,0,0,0,0,0,0,1,0,0,0.0
17298_2009,0.011000332048971868,-0.2472799414685887,0.044201357697012604,0.2322097690258324,0.08550680442289747,0.2218876380159851,2.9111549357978124,0.7414262074886545,0.1266077403306152,0.13557412038537006,-10.006589223067326,-11.425881421082757,0.833479204538213,-1.2427529349561024,2.7080502011022096,1.5303947050936475,0,0,0,0,0,0,0,1,0,0,0.0
17298_2010,-0.2472799414685887,0.0013325980033540052,0.2322097690258324,0.19953854292113588,0.2218876380159851,0.21756013010838612,0.7414262074886545,1.1459396436962699,0.13557412038537006,0.21250016058873386,-11.425881421082757,-11.196154528194858,-1.2427529349561024,0.4706591728646277,1.5303947050936475,2.039920783517553,0,0,0,0,0,0,0,1,0,0,0.0
17300_2008,0.0065166782789807,0.016692996212857192,0.033291131197192056,0.04918520812091029,0.030634779594056395,0.09029878127091026,4.977449974498928,3.1989040478268866,0.10426431965447483,0.1572879748096412,-7.309806942437342,-7.713118730010669,0.7819540483836074,-0.5016754043643058,2.7080502011022096,2.7080502011022096,0,0,0,0,0,0,1,0,0,0,0.0
17300_2009,0.016692996212857192,0.05060591780800902,0.04918520812091029,0.10884955027092877,0.09029878127091026,0.11528259457054547,3.1989040478268866,1.5327503941812393,0.1572879748096412,0.20245384115502604,-7.713118730010669,-8.030130870212384,-0.5016754043643058,-0.2736044240137014,2.7080502011022096,2.7080502011022096,0,0,0,0,0,0,1,0,0,0,0.0
17300_2010,0.05060591780800902,0.031123377241256762,0.10884955027092877,0.0743968015270981,0.11528259457054547,0.12088637709516695,1.5327503941812393,2.171023198344132,0.20245384115502604,0.12929259172094873,-8.030130870212384,-7.735328715570607,-0.2736044240137014,0.3344810545474546,2.7080502011022096,2.7080502011022096,0,0,0,0,0,0,1,0,0,0,0.0
17303_2008,-0.1433232884532879,-0.16521065306090166,0.03815117231100042,0.053162748490367236,0.7666784607118703,0.4519556423402519,1.129830033885605,1.3417456613220051,0.12781736505287933,0.08445284840722601,-10.537443094947523,-10.520520547143043,-0.5300131115523306,0.07581346869907944,1.358409157630355,1.3737155789130306,0,1,0,0,0,0,0,0,0,0,0.0
17303_2009,-0.16521065306090166,-0.5698493949388758,0.053162748490367236,0.3898013346743758,0.4519556423402519,0.7367305160204003,1.3417456613220051,1.0317306751394115,0.08445284840722601,0.31752810500432066,-10.520520547143043,-11.0062888368598,0.07581346869907944,-0.5679500655164339,1.3737155789130306,0.01980262729617973,0,1,0,0,0,0,0,0,0,0,0.0
17303_2010,-0.5698493949388758,-0.2424083994102501,0.3898013346743758,0.4520542398395576,0.7367305160204003,0.7259687642167593,1.0317306751394115,1.0380797088941998,0.31752810500432066,0.11328593290343547,-11.0062888368598,-11.588824634231507,-0.5679500655164339,-0.5338258081503271,0.01980262729617973,-0.342490308946776,0,1,0,0,0,0,0,0,0,0,0.0
17314_2008,-0.16111555407889486,-0.1153364389365641,0.4140586260265899,0.4751974359126575,0.017808973162433975,0.02431111212878557,1.1114953875739562,1.0982161707812672,0.14349258943108606,0.2347725938920961,-11.009585978900757,-11.146391988134859,-0.7329377083166912,-0.01696826475188683,1.0473189942805592,0.8544153281560676,0,1,0,0,0,0,0,0,0,0,0.0
17314_2009,-0.1153364389365641,-0.3220868677849353,0.4751974359126575,0.4797963692025813,0.02431111212878557,0.010436658182050107,1.0982161707812672,1.195028031258616,0.2347725938920961,0.1619054050114227,-11.146391988134859,-10.611137126850256,-0.01696826475188683,-0.04082973167561027,0.8544153281560676,0.3364722366212129,0,1,0,0,0,0,0,0,0,0,0.0
17314_2010,-0.3220868677849353,-0.14652309521741555,0.4797963692025813,0.4120300051053589,0.010436658182050107,0.03636597302986458,1.195028031258616,1.2903122331248926,0.1619054050114227,0.7292782464172636,-10.611137126850256,-10.995639706773588,-0.04082973167561027,1.88547653793726,0.3364722366212129,2.356125859922076,0,1,0,0,0,0,0,0,0,0,0.0
17317_2008,0.0300695663480918,-0.0037020051209872783,0.05132143553735128,0.06620479061027734,0.4234932709186659,0.30468580399644035,1.5281448695945867,1.7322289707687242,0.06864814969030915,0.057412243259520324,-11.644883526075015,-11.714244238266895,-0.2460900090433508,-0.08758583196584012,2.5952547069568657,2.509599262378372,0,0,1,0,0,0,0,0,0,0,0.0
17317_2009,-0.0037020051209872783,-0.20569584858090656,0.06620479061027734,0.10774293808728652,0.30468580399644035,0.3071884330297635,1.7322289707687242,1.4668174562605982,0.057412243259520324,0.28641949355376906,-11.714244238266895,-12.583468757973813,-0.08758583196584012,-0.9804900600863492,2.509599262378372,1.075002423028976,0,0,1,0,0,0,0,0,0,0,0.0
17317_2010,-0.20569584858090656,-0.3012013882708908,0.10774293808728652,0.20457417460176205,0.3071884330297635,0.4248464892764973,1.4668174562605982,1.6694309343972031,0.28641949355376906,0.1346544919723207,-12.583468757973813,-11.836439249519527,-0.9804900600863492,0.5828451748040361,1.075002423028976,2.2353763433005955,0,0,1,0,0,0,0,0,0,0,0.0
17322_2008,-0.06123830732187061,-0.0708151275608537,0.9441874201166957,0.9795800504302744,0.0026819696637315595,0.0032865931726881355,1248.6177,465.9829,0.14433905871068606,0.20748614710926286,-9.229731433506991,-10.226219078319572,0.8394305592157044,-1.11272748443759,1.118414915964289,0.1570037488096647,0,0,0,0,0,0,0,1,0,0,0.0
17322_2009,-0.0708151275608537,-0.10120285518565517,0.9795800504302744,0.9986091606140636,0.0032865931726881355,0.03963881720857974,465.9829,33.6843,0.20748614710926286,0.3886509038432476,-10.226219078319572,-12.359351432930493,-1.11272748443759,-2.2402765565957354,0.1570037488096647,-2.503478035373436,0,0,0,0,0,0,0,1,0,0,0.0
17322_2010,-0.10120285518565517,0.0,0.9986091606140636,0.0,0.03963881720857974,0.0,33.6843,0.0,0.3886509038432476,0.0,-12.359351432930493,0.0,-2.2402765565957354,0.0,-2.503478035373436,0.0,0,0,0,0,0,0,0,1,0,0,0.0
17343_2008,0.024966409509635818,0.03114465469588593,0.09355035075977974,0.09385678973957093,0.20866188612126216,0.1941452566315345,1.154092999851046,0.8283452598633348,0.10783176423516837,0.07768039041934921,-10.225322676616884,-10.526600706856502,-0.06465388914988096,-0.3395893364102352,2.7080502011022096,2.4265710727750367,0,0,0,0,0,0,1,0,0,0,0.0
17343_2009,0.03114465469588593,-1.924724187053288,0.09385678973957093,0.16453190426561912,0.1941452566315345,0.6034583767583268,0.8283452598633348,0.6401092008521749,0.07768039041934921,0.2815388738523948,-10.526600706856502,-11.190602381658332,-0.3395893364102352,-0.6457746070518466,2.4265710727750367,1.2612978709452054,0,0,0,0,0,0,1,0,0,0,0.0
17343_2010,-1.924724187053288,-0.12587744156266809,0.16453190426561912,0.11501802679845248,0.6034583767583268,0.25882030047779725,0.6401092008521749,1.3280370764335483,0.2815388738523948,0.24748202725350815,-11.190602381658332,-10.77184710856189,-0.6457746070518466,0.5752076563280263,1.2612978709452054,1.9050881545350584,0,0,0,0,0,0,1,0,0,0,0.0
17346_2008,-0.04123540057557087,0.27852708021179085,0.2888020807579339,0.06326828623895138,0.12663350376296764,0.32873516982182954,179.7855,2.3571071136270327,0.15745255242010406,0.12276176151554237,-11.167636795274156,-10.395033115375735,-0.012613234622158548,0.6140564383680926,1.9810014688665836,2.5610957881455465,0,0,0,0,0,0,1,0,0,0,0.0
17346_2009,0.27852708021179085,-0.2574428188145816,0.06326828623895138,0.1706978674505234,0.32873516982182954,0.4329068369017193,2.3571071136270327,1.8617535673303136,0.12276176151554237,0.2554221562124772,-10.395033115375735,-10.774843994210444,0.6140564383680926,-0.08892116042566606,2.5610957881455465,1.7732559976634952,0,0,0,0,0,0,1,0,0,0,0.0
17346_2010,-0.2574428188145816,-0.17637666606375474,0.1706978674505234,0.20016465730697985,0.4329068369017193,0.3974727598186274,1.8617535673303136,2.035849622723282,0.2554221562124772,0.1938907834249925,-10.774843994210444,-11.256922180404322,-0.08892116042566606,-0.4217307139130812,1.7732559976634952,1.5216989981260935,0,0,0,0,0,0,1,0,0,0,0.0
17387_2008,0.023426410231345268,0.008877571559188434,0.22411701777598486,0.22134902491327546,0.15358996140803535,0.2217267939157941,3.6590294177038647,2.015876923584741,0.13034074495704853,0.15034318611751707,-11.63460654386256,-11.488079125018412,0.5708628827872387,-0.4865866117736309,2.0108949991447256,1.8702625307159984,0,0,0,0,0,0,1,0,0,0,0.0
17387_2009,0.008877571559188434,-0.732780601556683,0.22134902491327546,0.5690200463030576,0.2217267939157941,0.5023426857209894,2.015876923584741,0.6739225411933483,0.15034318611751707,0.3066521825189888,-11.488079125018412,-12.985816644781632,-0.4865866117736309,-1.5986116922760358,1.8702625307159984,-0.16251892949777494,0,0,0,0,0,0,1,0,0,0,0.0
17387_2010,-0.732780601556683,-0.16507533199674454,0.5690200463030576,0.349425332989261,0.5023426857209894,0.3005736744943129,0.6739225411933483,1.4738631457763707,0.3066521825189888,0.21157776806683612,-12.985816644781632,-12.621188950102685,-1.5986116922760358,0.11213044094949176,-0.16251892949777494,0.3987761199573678,0,0,0,0,0,0,1,0,0,0,0.0
17395_2008,0.016256854727106976,0.11695202269974045,0.4772900016684538,0.4780706843432971,0.03135262170037236,0.0313095111555398,15.282071323331197,4.912727289390716,0.05444377738942748,0.07095403099968975,-9.893456906878127,-9.903716832345935,0.32408212134791353,-0.09145711674262604,2.7080502011022096,2.7080502011022096,0,0,0,0,0,0,0,1,0,0,0.0
17395_2009,0.11695202269974045,-0.008780428832021969,0.4780706843432971,0.6448648650521093,0.0313095111555398,0.018916156127611786,4.912727289390716,7.820971615320769,0.07095403099968975,0.1390871932767666,-9.903716832345935,-9.859898069054315,-0.09145711674262604,0.016874592007833478,2.7080502011022096,2.238579763018133,0,0,0,0,0,0,0,1,0,0,0.0
17395_2010,-0.008780428832021969,0.034242143327095874,0.6448648650521093,0.6430459931523758,0.018916156127611786,0.012181285768197795,7.820971615320769,5.412162849275337,0.1390871932767666,0.13326857130699535,-9.859898069054315,-10.23860035571744,0.016874592007833478,-0.3420191422624241,2.238579763018133,2.0769384114617173,0,0,0,0,0,0,0,1,0,0,0.0
1741_2008,0.010474857074917694,0.009341328077135868,0.7992545195875961,0.8837886055580934,0.03126586126907251,0.02847542387825804,2.016879939160222,1.397961523660879,0.033699347540410735,0.05938228190341694,-6.3263147516697416,-6.8682743087708555,-0.019373618706713017,-0.4792822370922039,2.7080502011022096,2.7080502011022096,0,0,0,0,0,1,0,0,0,0,0.0
1741_2009,0.009341328077135868,-0.018789534841953767,0.8837886055580934,0.9575904583651093,0.02847542387825804,0.0561729728332333,1.397961523660879,0.6334191598343801,0.05938228190341694,0.22734945888208985,-6.8682743087708555,-7.4063232825050225,-0.4792822370922039,-0.7679039127654035,2.7080502011022096,2.1114245875328868,0,0,0,0,0,1,0,0,0,0,0.0
1741_2010,-0.018789534841953767,0.006847220659712896,0.9575904583651093,0.927979567373274,0.0561729728332333,0.05283601613539651,0.6334191598343801,0.8012817302521141,0.22734945888208985,0.4457317641097808,-7.4063232825050225,-7.155321955001343,-0.7679039127654035,1.109277904204959,2.1114245875328868,2.277267285009756,0,0,0,0,0,1,0,0,0,0,0.0
17469_2008,0.013443074454114549,0.01405637320951748,0.8209810719979227,0.8681648597989057,0.037140856431966254,0.05102546648860819,1.619017278898339,1.1193063568140678,0.21321374127245213,0.04005554993367569,-11.243520465757316,-11.592134658978278,-0.8217720398489073,-0.3761546722073489,2.7080502011022096,2.7080502011022096,0,0,0,0,0,1,0,0,0,0,0.0
17469_2009,0.01405637320951748,0.014158857316779357,0.8681648597989057,0.8596206534531915,0.05102546648860819,0.04788574917729571,1.1193063568140678,1.1971589204658155,0.04005554993367569,0.08462777758834993,-11.592134658978278,-10.97269804958242,-0.3761546722073489,0.4074336619078776,2.7080502011022096,2.7080502011022096,0,0,0,0,0,1,0,0,0,0,0.0
17469_2010,0.014158857316779357,0.013554196339051229,0.8596206534531915,0.8143413033534971,0.04788574917729571,0.04318713972853365,1.1971589204658155,1.5147650798343493,0.08462777758834993,0.06184319405208787,-10.97269804958242,-10.832024683431792,0.4074336619078776,0.11515209364182233,2.7080502011022096,2.7080502011022096,0,0,0,0,0,1,0,0,0,0,0.0
17473_2008,-0.08730565029190009,-0.00826537096227073,0.6928691773199989,0.6529344455751599,0.10646722763401087,0.0973032435608938,1.0417245801088624,1.1676806124905212,0.1859575774018544,0.14597258259737525,-12.425348705860332,-12.305847697879413,-0.3949832706114671,0.21640663441886893,0.09531017980432492,0.2232235481143804,0,0,0,0,0,0,1,0,0,0,0.0
17473_2009,-0.00826537096227073,-0.13191444899279886,0.6529344455751599,0.938998309674962,0.0973032435608938,0.15216295879348204,1.1676806124905212,0.2373539529265807,0.14597258259737525,0.5614345023854781,-12.305847697879413,-13.896720910927833,0.21640663441886893,0.03783583427384996,0.2232235481143804,-0.31471074483970024,0,0,0,0,0,0,1,0,0,0,0.0
17473_2010,-0.13191444899279886,-0.04036471329129633,0.938998309674962,0.8692633748963281,0.15216295879348204,0.14934060663659482,0.2373539529265807,0.5305673874026942,0.5614345023854781,0.1744151119442653,-13.896720910927833,-13.416086352063092,0.03783583427384996,0.03442145662217544,-0.31471074483970024,0.3987761199573678,0,0,0,0,0,0,1,0,0,0,0.0
17476_2008,-0.13061726724840472,-0.20893965893433306,0.07572097188266028,0.08840184311529092,0.1859564695006265,0.21066629098818326,2.9225796463466938,2.9388179881672536,0.06815744189507163,0.14440338415374493,-11.616414074171214,-11.705113147534218,0.08177559317616379,-0.3183830440912512,1.7595805708638197,1.5085119938441398,0,0,0,0,0,0,1,0,0,0,0.0
17476_2009,-0.20893965893433306,-1.9684714272309285,0.08840184311529092,0.7873698038847706,0.21066629098818326,0.5482781270526415,2.9388179881672536,0.2724933259578153,0.14440338415374493,0.4046982984735076,-11.705113147534218,-15.03621183016948,-0.3183830440912512,-3.2920823174245863,1.5085119938441398,-2.3538783873815956,0,0,0,0,0,0,1,0,0,0,0.0
17476_2010,-1.9684714272309285,-0.773107312167792,0.7873698038847706,0.630254273811234,0.5482781270526415,0.13061341761241202,0.2724933259578153,6.4345,0.4046982984735076,0.3344926989938209,-15.03621183016948,-14.249112698451064,-3.2920823174245863,0.08896646595060714,-2.3538783873815956,-1.3862943611198906,0,0,0,0,0,0,1,0,0,0,0.0
17480_2008,-0.17795610467823547,-0.9931502324466448,0.20015211250116413,0.5729720139147111,0.04324082409793148,0.07349957247937426,1.3725733052591205,46.14391482591934,0.19216380942835806,0.11121183078688604,-12.297312372186699,-12.521593690927498,-0.5617894521208621,-0.33442249553733794,0.131028262406404,-0.09431067947124128,0,0,0,0,0,0,1,0,0,0,0.0
17480_2009,-0.9931502324466448,0.0,0.5729720139147111,0.0,0.07349957247937426,0.0,46.14391482591934,0.0,0.11121183078688604,0.0,-12.521593690927498,0.0,-0.33442249553733794,0.0,-0.09431067947124128,0.0,0,0,0,0,0,0,1,0,0,0,0.0
17480_2010,0.0,0.0,0.0,0.0,0.0,0.0,0.0,0.0,0.0,0.0,0.0,0.0,0.0,0.0,0.0,0.0,0,0,0,0,0,0,1,0,0,0,0.0
17502_2008,0.00969142034306628,-0.05207590538331346,0.08331871564931058,0.08028355392976146,0.39577327409595,0.15729333486739694,1.6190656523100242,2.1425714593529332,0.07999937334129649,0.08011254883057352,-10.793741166447397,-10.534490111626855,-0.15529288440603528,0.32839291928657216,2.166765369851511,2.424802725718295,0,0,0,0,0,1,0,0,0,0,0.0
17502_2009,-0.05207590538331346,-0.0349871140394554,0.08028355392976146,0.7355196049844243,0.15729333486739694,0.4254357225865381,2.1425714593529332,1.1704062347954318,0.08011254883057352,0.1379329942646256,-10.534490111626855,-10.924860815306836,0.32839291928657216,-1.0241529344872866,2.424802725718295,1.0152306797290584,0,0,0,0,0,1,0,0,0,0,0.0
17502_2010,-0.0349871140394554,0.014220951761963491,0.7355196049844243,0.7290863594193051,0.4254357225865381,0.3348410974640474,1.1704062347954318,1.7352078496287169,0.1379329942646256,0.1824547764185162,-10.924860815306836,-10.552867455080225,-1.0241529344872866,0.3540719427297063,1.0152306797290584,1.5303947050936475,0,0,0,0,0,1,0,0,0,0,0.0
17523_2008,-0.0295137123292315,-0.3422957600827301,0.04637869080307807,0.20847983453981386,0.0539213193667582,0.07414684591520165,4.821657361026006,2.05946454997982,0.24865013150651086,0.17322152125530935,-12.549061721132874,-14.33501934948574,-0.17237023693699122,-1.9515361372032651,0.8328221626324273,-0.9675840262617056,0,0,0,0,0,0,0,1,0,0,0.0
17523_2009,-0.3422957600827301,0.0,0.20847983453981386,0.0,0.07414684591520165,0.0,2.05946454997982,0.0,0.17322152125530935,0.0,-14.33501934948574,0.0,-1.9515361372032651,0.0,-0.9675840262617056,0.0,0,0,0,0,0,0,0,1,0,0,0.0
17523_2010,0.0,0.0,0.0,0.0,0.0,0.0,0.0,0.0,0.0,0.0,0.0,0.0,0.0,0.0,0.0,0.0,0,0,0,0,0,0,0,1,0,0,0.0
17524_2008,-0.04066921361256467,-0.15618922983174702,0.03910482328187871,0.06085726556254727,0.44387231515210734,0.4618152726240804,1.8564995339702128,1.7671581455160874,0.0729651614082331,0.10807965633936313,-10.380677795646855,-10.675977920831789,0.16152024119656044,-0.36388215008622177,2.376764491168297,2.0831845279586703,0,0,0,0,1,0,0,0,0,0,0.0
17524_2009,-0.15618922983174702,0.08575029457665086,0.06085726556254727,0.053853729932805135,0.4618152726240804,0.5838739678506382,1.7671581455160874,1.6046284345705684,0.10807965633936313,0.2822308184982623,-10.675977920831789,-10.04951047178058,-0.36388215008622177,0.5922657084032398,2.0831845279586703,2.1882959465919183,0,0,0,0,1,0,0,0,0,0,0.0
17524_2010,0.08575029457665086,-0.15194778946025755,0.053853729932805135,0.10188314529391873,0.5838739678506382,0.7481090936545549,1.6046284345705684,1.2308735545767635,0.2822308184982623,0.1309784639050829,-10.04951047178058,-10.855842218864256,0.5922657084032398,-0.6371481232932226,2.1882959465919183,1.8066480817218056,0,0,0,0,1,0,0,0,0,0,0.0
17664_2008,-0.031681359980330864,-0.10186544489388497,0.3569245899336167,0.2532644763577361,0.2053083254305551,0.0837393263682818,1.0451595225455106,1.1792611343809658,0.13553640031500122,0.2766883997369101,-13.162990299914243,-12.26639425175447,-0.44987153591687656,0.4571933746425124,0.3074846997479607,0.8796267475025636,0,0,0,0,0,0,1,0,0,0,0.0
17664_2009,-0.10186544489388497,0.06217608836178711,0.2532644763577361,0.17974021056669667,0.0837393263682818,0.07815604055893713,1.1792611343809658,1.5607090661377814,0.2766883997369101,0.2823867552214734,-12.26639425175447,-13.053549290649128,0.4571933746425124,-0.8676490607192728,0.8796267475025636,-0.4462871026284195,0,0,0,0,0,0,1,0,0,0,0.0
17664_2010,0.06217608836178711,-0.18333302956293515,0.17974021056669667,0.5788648707760726,0.07815604055893713,0.2142492618379324,1.5607090661377814,0.6601553962260917,0.2823867552214734,0.3199412473127391,-13.053549290649128,-12.475410568190815,-0.8676490607192728,0.006684967133507358,-0.4462871026284195,0.06765864847381486,0,0,0,0,0,0,1,0,0,0,0.0
17665_2008,0.008761023566406779,0.004382306789748229,0.8473276227416928,0.9310881902718274,0.01761923966897459,0.023552594135084457,1.9666339312903096,0.9159037492048568,0.09490946610922874,0.12905227346824658,-10.514173342228716,-11.388314557191439,-0.6658556215369136,-0.8439378316820427,2.7080502011022096,2.150598735996164,0,0,0,0,0,1,0,0,0,0,0.0
17665_2009,0.004382306789748229,-0.018863810560616968,0.9310881902718274,0.971087158776782,0.023552594135084457,0.03315222217329411,0.9159037492048568,0.5285363626851044,0.12905227346824658,0.19305697209458308,-11.388314557191439,-11.789408390948422,-0.8439378316820427,-0.7058839199217273,2.150598735996164,1.2441545939587682,0,0,0,0,0,1,0,0,0,0,0.0
17665_2010,-0.018863810560616968,-0.03577005410051362,0.971087158776782,0.9792100787681984,0.03315222217329411,0.04426165507080886,0.5285363626851044,0.6973337571389949,0.19305697209458308,0.3074412939622461,-11.789408390948422,-12.500209983883744,-0.7058839199217273,-0.5575869825614526,1.2441545939587682,0.7371640659767196,0,0,0,0,0,1,0,0,0,0,0.0
17667_2008,0.00983114775667734,0.009742829047675344,0.8474189728520679,0.8813749092941239,0.0731196000175431,0.038459881595022866,1.997666422437256,1.3807626605036794,0.02731557432912122,0.060756338073158986,-11.893780547860384,-12.270813396497116,-0.1030290469544739,-0.4054771306462891,2.7080502011022096,2.7080502011022096,0,0,0,0,0,1,0,0,0,0,0.0
17667_2009,0.009742829047675344,0.007045757886696961,0.8813749092941239,0.9123552466111698,0.038459881595022866,0.021260714258160583,1.3807626605036794,1.0849431635043083,0.060756338073158986,0.08438315526045118,-12.270813396497116,-12.0506291859742,-0.4054771306462891,0.0893509832703755,2.7080502011022096,2.545531271604435,0,0,0,0,0,1,0,0,0,0,0.0
17667_2010,0.007045757886696961,0.005992200144044285,0.9123552466111698,0.9221412058368976,0.021260714258160583,0.045961244827409035,1.0849431635043083,1.0369817257671563,0.08438315526045118,0.10773407327521993,-12.0506291859742,-12.31041939484813,0.0893509832703755,-0.26794660157539163,2.545531271604435,2.5136560630739857,0,0,0,0,0,1,0,0,0,0,0.0
17669_2008,0.01211936024709094,0.012373807048130134,0.8027079727807511,0.8495465949540089,0.03955441794689287,0.07657322253534929,1.9360512777964651,1.5944413670026978,0.04074689642985841,0.032723253761338986,-11.094411653163998,-11.360622731815054,-0.08965688237555912,-0.2707487855279864,2.7080502011022096,2.7080502011022096,0,0,0,0,0,1,0,0,0,0,0.0
17669_2009,0.012373807048130134,0.011599183761142736,0.8495465949540089,0.8821212663635605,0.07657322253534929,0.023795988018950102,1.5944413670026978,1.2226661075329082,0.032723253761338986,0.08842330480213002,-11.360622731815054,-11.060209524769899,-0.2707487855279864,0.2202547884159465,2.7080502011022096,2.7080502011022096,0,0,0,0,0,1,0,0,0,0,0.0
17669_2010,0.011599183761142736,0.010791186276417696,0.8821212663635605,0.8560424471925079,0.023795988018950102,0.03268211997229205,1.2226661075329082,1.4785250729369748,0.08842330480213002,0.10943726738422346,-11.060209524769899,-10.97332986949445,0.2202547884159465,0.17823373272041404,2.7080502011022096,2.7080502011022096,0,0,0,0,0,1,0,0,0,0,0.0
1768_2008,0.02927598103700762,0.05646224760153404,0.4705006329271017,0.42373301716733,0.017399290128819283,0.01134810118925197,0.8104858241914802,0.8488372093023256,0.02182543339902914,0.05607038985389108,-11.945388198546693,-12.002517660486966,-0.2399426498970708,-0.16897378823275702,2.5321082512722946,2.4849066497880004,0,0,1,0,0,0,0,0,0,0,0.0
1768_2009,0.05646224760153404,0.03001402922045715,0.42373301716733,0.4758173083736023,0.01134810118925197,0.028348944974279762,0.8488372093023256,0.6794960817379229,0.05607038985389108,0.09652002796408556,-12.002517660486966,-12.092220090398106,-0.16897378823275702,-0.23330261708197106,2.4849066497880004,1.9006138741401368,0,0,1,0,0,0,0,0,0,0,0.0
1768_2010,0.03001402922045715,-0.015230132448660118,0.4758173083736023,0.4438135282736458,0.028348944974279762,0.017299169660042045,0.6794960817379229,0.541277878582116,0.09652002796408556,0.13612817557462062,-12.092220090398106,-11.902074450988204,-0.23330261708197106,0.068533781054888,1.9006138741401368,2.325324579963535,0,0,1,0,0,0,0,0,0,0,0.0
176_2008,0.02045139818422783,0.02892305321016073,0.3190325576476265,0.2550962832615112,0.002941458368449058,0.003009281983483813,4.340858096933562,3.059693561844236,0.11337246443882035,0.18977129728775927,-11.724473756686622,-11.280283413183971,0.08737462623543353,-0.24483652047571255,2.1938856760707046,2.3960754360813845,0,1,0,0,0,0,0,0,0,0,0.0
176_2009,0.02892305321016073,0.04547694972210043,0.2550962832615112,0.6853675871891161,0.003009281983483813,0.0106112882684901,3.059693561844236,0.7963105017543933,0.18977129728775927,0.13606067814198933,-11.280283413183971,-12.330626445325795,-0.24483652047571255,-0.9281898609415398,2.3960754360813845,0.883767540168595,0,1,0,0,0,0,0,0,0,0,0.0
176_2010,0.04547694972210043,-0.14708904210120494,0.6853675871891161,0.44771548172835496,0.0106112882684901,0.013630590450171532,0.7963105017543933,1.6489814234828866,0.13606067814198933,0.11979859879531556,-12.330626445325795,-12.077620099305756,-0.9281898609415398,0.22260423589558556,0.883767540168595,1.3737155789130306,0,1,0,0,0,0,0,0,0,0,0.0
1810_2008,0.03576617601322025,-0.020945858931723318,0.06572992243312119,0.08363192860984645,0.43193285892668976,0.7676865620762535,1.5201239863234386,0.991494589962518,0.20925141697149816,0.08964254735926833,-12.864786710152723,-13.44340543458176,-1.0518764498212747,-0.603347469886126,1.4327007339340465,0.8628899551470398,0,0,1,0,0,0,0,0,0,0,0.0
1810_2009,-0.020945858931723318,-0.04773205618315365,0.08363192860984645,0.12869936858382372,0.7676865620762535,1.0664275589536534,0.991494589962518,0.7067863299532491,0.08964254735926833,0.11098699955557824,-13.44340543458176,-13.005373009079776,-0.603347469886126,0.3302087737542819,0.8628899551470398,0.8020015854720274,0,0,1,0,0,0,0,0,0,0,0.0
1810_2010,-0.04773205618315365,-0.08975019314962658,0.12869936858382372,0.12606232294617564,1.0664275589536534,1.2943600309039405,0.7067863299532491,0.6276355700229341,0.11098699955557824,0.09584572910879377,-13.005373009079776,-13.294836299580846,0.3302087737542819,-0.20191426684095234,0.8020015854720274,0.7419373447293773,0,0,1,0,0,0,0,0,0,0,0.0
1824_2008,0.08181308426467898,0.0784987315378543,0.2770080519089914,0.3867974451431877,0.012112253427044944,0.04648390732051216,1.4062958820105445,0.7936187219832721,0.12878763415856534,0.10520105076174777,-11.969025832659767,-12.61789072838048,0.4351326018568056,-0.5754495511159847,2.4932054526026954,1.8484548129046,1,0,0,0,0,0,0,0,0,0,0.0
1824_2009,0.0784987315378543,0.3617473298216001,0.3867974451431877,0.11498236637202325,0.04648390732051216,0.4465951091485855,0.7936187219832721,0.6212167611213179,0.10520105076174777,0.20608638901195175,-12.61789072838048,-12.060367092199245,-0.5754495511159847,0.535931995578381,1.8484548129046,1.8991179875485544,1,0,0,0,0,0,0,0,0,0,0.0
1824_2010,0.3617473298216001,0.013688190576562544,0.11498236637202325,0.18210332064586424,0.4465951091485855,0.4159572391003584,0.6212167611213179,0.7132864367316069,0.20608638901195175,0.11710740803606005,-12.060367092199245,-12.431033145798896,0.535931995578381,-0.252867790892196,1.8991179875485544,1.763017000362401,1,0,0,0,0,0,0,0,0,0,0.0
1830_2008,0.0,-0.12870299764751905,0.0,0.9628993004083418,0.0,0.00271074303045638,0.0,1.8536606921567984,0.0,0.32418936493574463,0.0,-10.740088635685263,0.0,-1.374275088998525,0.0,1.2527629684953678,1,0,0,0,0,0,0,0,0,0,0.0
1830_2009,-0.12870299764751905,0.0,0.9628993004083418,0.0,0.00271074303045638,0.0,1.8536606921567984,0.0,0.32418936493574463,0.0,-10.740088635685263,0.0,-1.374275088998525,0.0,1.2527629684953678,0.0,1,0,0,0,0,0,0,0,0,0,0.0
1830_2010,0.0,0.0,0.0,0.0,0.0,0.0,0.0,0.0,0.0,0.0,0.0,0.0,0.0,0.0,0.0,0.0,1,0,0,0,0,0,0,0,0,0,0.0
18348_2008,-0.04420725924297898,-0.11487914443804904,0.6001657682748485,0.8005603482481305,0.25912736087088883,0.29928785209804304,1.3216136939099214,0.575353307073777,0.12602341216882412,0.18194679315615667,-9.39212197354385,-10.54266768488722,0.11668494969787732,-1.1835223676892754,2.169053700369523,1.01160091167848,0,0,0,0,0,0,1,0,0,0,0.0
18348_2009,-0.11487914443804904,-0.13952886960878805,0.8005603482481305,0.7826560034515564,0.29928785209804304,0.30697260986171965,0.575353307073777,0.5278751397398502,0.18194679315615667,0.21466331393559235,-10.54266768488722,-10.420311071962416,-1.1835223676892754,0.016543546478351434,1.01160091167848,0.6151856390902335,0,0,0,0,0,0,1,0,0,0,0.0
18348_2010,-0.13952886960878805,-0.2356149035550928,0.7826560034515564,0.7025601959184151,0.30697260986171965,0.3062310979977306,0.5278751397398502,1.102952992349502,0.21466331393559235,0.2912436227828097,-10.420311071962416,-10.45791386092291,0.016543546478351434,0.10194312817638718,0.6151856390902335,0.7839015438284094,0,0,0,0,0,0,1,0,0,0,0.0
18404_2008,0.07017193372373234,0.058725800703705734,0.054876449949431264,0.0469806405629646,0.21401191174818013,0.23992250202026796,1.456847340321109,1.6036253041568032,0.07559770259770525,0.07021099405064431,-13.642139755824795,-13.426483520318431,-0.02658112168839688,0.1440412983772562,2.018629402283078,2.2278723226021193,1,0,0,0,0,0,0,0,0,0,0.0
18404_2009,0.058725800703705734,0.06512729425695678,0.0469806405629646,0.08424943593682492,0.23992250202026796,0.07216808282527644,1.6036253041568032,1.0009917563532753,0.07021099405064431,0.09840889436686318,-13.426483520318431,-13.49050234207732,0.1440412983772562,-0.1822541012536419,2.2278723226021193,1.6956156086751528,1,0,0,0,0,0,0,0,0,0,0.0
18404_2010,0.06512729425695678,-0.02297371118976884,0.08424943593682492,0.07266278034288451,0.07216808282527644,0.1576729950385764,1.0009917563532753,1.1101435954494514,0.09840889436686318,0.11877717511876172,-13.49050234207732,-13.59376651590121,-0.1822541012536419,-0.06638397406855498,1.6956156086751528,1.840549633397487,1,0,0,0,0,0,0,0,0,0,0.0
18455_2008,0.015446145386607974,0.09692344388913056,0.058652025134018536,0.06468360885336577,0.191498889328056,0.2711174468302969,2.706116449055286,2.3790798366311137,0.13629665403356114,0.07846367040648629,-8.810376853624117,-8.781069421814806,-0.456236517759344,0.13633674906302815,2.7080502011022096,2.7080502011022096,0,0,0,0,0,0,1,0,0,0,0.0
18455_2009,0.09692344388913056,0.02683543672585346,0.06468360885336577,0.09923041328853996,0.2711174468302969,0.22287956661767816,2.3790798366311137,1.9644257911486005,0.07846367040648629,0.1179050256887776,-8.781069421814806,-8.831967706469166,0.13633674906302815,0.1885427788168764,2.7080502011022096,2.7080502011022096,0,0,0,0,0,0,1,0,0,0,0.0
18455_2010,0.02683543672585346,0.03140376802251557,0.09923041328853996,0.04856817086413295,0.22287956661767816,0.17625113459065844,1.9644257911486005,2.809283276533643,0.1179050256887776,0.10464798771644207,-8.831967706469166,-8.40806663306827,0.1885427788168764,0.44559277648791,2.7080502011022096,2.7080502011022096,0,0,0,0,0,0,1,0,0,0,0.0
1852_2008,0.032932560541875704,0.16240670560565978,0.3354107052971525,0.1715809906115065,0.0031861582963278122,0.17767126041148565,2.3632904904077305,2.2684523960182674,0.17200510405091693,0.11618138579257566,-10.749784502537274,-10.034066636432655,0.3738890953728466,0.7101937943953359,2.7080502011022096,2.7080502011022096,0,1,0,0,0,0,0,0,0,0,0.0
1852_2009,0.16240670560565978,0.06386799356301963,0.1715809906115065,0.2636988973759246,0.17767126041148565,0.26488666803398403,2.2684523960182674,1.4042120659425783,0.11618138579257566,0.13526869102768255,-10.034066636432655,-10.196836416125507,0.7101937943953359,0.033890785435325366,2.7080502011022096,2.7080502011022096,0,1,0,0,0,0,0,0,0,0,0.0
1852_2010,0.06386799356301963,0.03897019759899773,0.2636988973759246,0.24921896062292845,0.26488666803398403,0.3093555235739093,1.4042120659425783,1.2643937562846448,0.13526869102768255,0.135724161990887,-10.196836416125507,-10.492764623405169,0.033890785435325366,-0.17483725768663005,2.7080502011022096,2.7080502011022096,0,1,0,0,0,0,0,0,0,0,0.0
1856_2008,0.011464652201539815,-0.004612788008732839,0.8707968191344583,0.9378075069417359,0.054416270764457056,0.062344184585558814,1.9054799800930744,1.0660745677950292,0.04523618175898186,0.08565865896445937,-7.802942892240845,-8.632215409242004,-0.0067725354104307,-0.8933548543960157,2.7080502011022096,2.7080502011022096,0,0,0,0,0,1,0,0,0,0,0.0
1856_2009,-0.004612788008732839,-0.006481371275835415,0.9378075069417359,0.9267370958796552,0.062344184585558814,0.0517460311468516,1.0660745677950292,0.8805843780787072,0.08565865896445937,0.20194479634072304,-8.632215409242004,-8.193783111253666,-0.8933548543960157,-0.29724221410333324,2.7080502011022096,2.3580197998821464,0,0,0,0,0,1,0,0,0,0,0.0
1856_2010,-0.006481371275835415,-0.010482875746161474,0.9267370958796552,0.8844426473797842,0.0517460311468516,0.056637644711251926,0.8805843780787072,1.301645267168952,0.20194479634072304,0.08409394311277046,-8.193783111253666,-8.113222482781358,-0.29724221410333324,0.0451638432922144,2.3580197998821464,2.5952547069568657,0,0,0,0,0,1,0,0,0,0,0.0
1868_2008,0.05977417526531239,0.05070283922104028,0.3041449241720898,0.2791636108313806,0.11385654750192642,0.12225392290347785,1.824720732895246,1.6805444060646269,0.2501887507215749,0.08413040822837614,-9.02005954074299,-9.163957545198123,-0.4859261815680481,-0.1587616467615614,2.7080502011022096,2.7080502011022096,1,0,0,0,0,0,0,0,0,0,0.0
1868_2009,0.05070283922104028,0.013469614926178822,0.2791636108313806,0.3871196851836732,0.12225392290347785,0.05731128972507767,1.6805444060646269,1.5131559314654406,0.08413040822837614,0.1161125244174986,-9.163957545198123,-9.2167009686881,-0.1587616467615614,0.16661736647856007,2.7080502011022096,2.7080502011022096,1,0,0,0,0,0,0,0,0,0,0.0
1868_2010,0.013469614926178822,0.05588557906349067,0.3871196851836732,0.3381720871527502,0.05731128972507767,0.06690850748947863,1.5131559314654406,1.5692989309176983,0.1161125244174986,0.1371527865128176,-9.2167009686881,-9.101732072189908,0.16661736647856007,0.19095695726671147,2.7080502011022096,2.7080502011022096,1,0,0,0,0,0,0,0,0,0,0.0
18709_2008,0.003632548113184125,-0.004557613888231371,0.030219811343722213,0.03375593111833186,0.09248896556262433,0.0574568682619268,4.521734820500447,3.8162228603216137,0.11622841108369372,0.0710714672471115,-10.337328712877179,-10.016307625188636,-0.2465032711926346,0.22811998478028225,2.5416019934645457,2.7080502011022096,0,0,0,0,1,0,0,0,0,0,0.0
18709_2009,-0.004557613888231371,0.003457029474201309,0.03375593111833186,0.025728124817649328,0.0574568682619268,0.13810024186766895,3.8162228603216137,3.297872120524537,0.0710714672471115,0.13564688315328635,-10.016307625188636,-9.117545822482477,0.22811998478028225,0.775677043247822,2.7080502011022096,2.7080502011022096,0,0,0,0,1,0,0,0,0,0,0.0
18709_2010,0.003457029474201309,0.02781178843965184,0.025728124817649328,0.045924198012905836,0.13810024186766895,0.15585833541842006,3.297872120524537,2.360219269369871,0.13564688315328635,0.11474251399586136,-9.117545822482477,-9.67455673762381,0.775677043247822,-0.6073866335489929,2.7080502011022096,2.703372611551099,0,0,0,0,1,0,0,0,0,0,0.0
1892_2008,0.04100800177331672,0.04739401208234383,0.17763106166590914,0.20277582120224902,0.13936395461265988,0.1103205155194054,2.5096400744042415,2.6700796485235916,0.0637856635795259,0.0619761476369605,-6.691183715493096,-6.690797593283034,-0.029975883462649764,0.08745284266400365,2.7080502011022096,2.7080502011022096,0,0,1,0,0,0,0,0,0,0,0.0
1892_2009,0.04739401208234383,0.08786659542839281,0.20277582120224902,0.2886785663660848,0.1103205155194054,0.15955919500750546,2.6700796485235916,1.6546399466343362,0.0619761476369605,0.11887715792359894,-6.690797593283034,-6.721453323032797,0.08745284266400365,0.06554874955279,2.7080502011022096,2.594508159703081,0,0,1,0,0,0,0,0,0,0,0.0
1892_2010,0.08786659542839281,0.06890911000945467,0.2886785663660848,0.19347076803017493,0.15955919500750546,0.16201769876088665,1.6546399466343362,2.266117657476455,0.11887715792359894,0.11674263605576947,-6.721453323032797,-6.5320055897251645,0.06554874955279,0.3224113854368565,2.594508159703081,2.7080502011022096,0,0,1,0,0,0,0,0,0,0,0.0
1940_2008,0.010149447794814359,0.010249773472436614,0.8424348099862587,0.8649443908983999,0.02643410820109269,0.030331215764355036,1.9785575784097,1.7188074584199546,0.04644480237049863,0.04662294439961735,-10.784208133241684,-10.928959079343569,-0.19603793279471926,-0.15415745458616692,2.7080502011022096,2.7080502011022096,0,0,0,0,0,1,0,0,0,0,0.0
1940_2009,0.010249773472436614,0.011326137335497512,0.8649443908983999,0.8530675726542032,0.030331215764355036,0.03233078239850535,1.7188074584199546,1.8973590190077687,0.04662294439961735,0.13240565734771084,-10.928959079343569,-10.284551812810252,-0.15415745458616692,0.5536229773911506,2.7080502011022096,2.7080502011022096,0,0,0,0,0,1,0,0,0,0,0.0
1940_2010,0.011326137335497512,0.011041001472336193,0.8530675726542032,0.8617214883059217,0.03233078239850535,0.034004582177740265,1.8973590190077687,1.7719100401418697,0.13240565734771084,0.05424816916231618,-10.284551812810252,-10.49196586485624,0.5536229773911506,-0.2365212918253073,2.7080502011022096,2.7080502011022096,0,0,0,0,0,1,0,0,0,0,0.0
194_2008,0.05610699264853947,0.05749877343283905,0.10467137456277732,0.09523751695414237,0.07018957356894351,0.07966799481007636,2.8789920519477636,2.7656347122009937,0.04587014481986016,0.05121252940171557,-6.204426545502213,-6.273490691550291,-0.1370337807113209,-0.015277647273979381,2.7080502011022096,2.7080502011022096,0,0,0,0,0,0,1,0,0,0,0.0
194_2009,0.05749877343283905,0.04655344501894113,0.09523751695414237,0.16752816943363422,0.07966799481007636,0.10178895591659924,2.7656347122009937,2.0183239934344326,0.05121252940171557,0.11368237890458226,-6.273490691550291,-6.368368087358872,-0.015277647273979381,-0.1502108616988273,2.7080502011022096,2.315501318260592,0,0,0,0,0,0,1,0,0,0,0.0
194_2010,0.04655344501894113,-0.016207329392308508,0.16752816943363422,0.13162367303807695,0.10178895591659924,0.11756201916315108,2.0183239934344326,2.03952785357603,0.11368237890458226,0.1055272348979254,-6.368368087358872,-6.273853417276964,-0.1502108616988273,0.10055329422066966,2.315501318260592,2.6347624053323777,0,0,0,0,0,0,1,0,0,0,0.0
20000_2008,0.032596449454248416,0.0492974341506886,0.3186239030441783,0.5095819821105894,0.046297960777013564,0.07376180411919346,2.1609279040994704,1.2428320601265033,0.0764908101167115,0.06783694358188491,-9.377038382600967,-9.101597200503145,0.09784984413022567,0.2272342904630906,2.7080502011022096,2.7080502011022096,0,1,0,0,0,0,0,0,0,0,0.0
20000_2009,0.0492974341506886,0.06086545631718913,0.5095819821105894,0.5576613351320079,0.07376180411919346,0.08706396820085392,1.2428320601265033,0.8815941909755829,0.06783694358188491,0.16611524990439094,-9.101597200503145,-9.308302521427928,0.2272342904630906,-0.05332287324764945,2.7080502011022096,2.7080502011022096,0,1,0,0,0,0,0,0,0,0,0.0
20000_2010,0.06086545631718913,0.029120534792605256,0.5576613351320079,0.49244946320025196,0.08706396820085392,0.051790285168259384,0.8815941909755829,1.0371146154244923,0.16611524990439094,0.16758974954097428,-9.308302521427928,-9.314384881720763,-0.05332287324764945,-0.0601911871277584,2.7080502011022096,2.7080502011022096,0,1,0,0,0,0,0,0,0,0,0.0
20015_2008,0.0,0.0,0.0,0.0,0.0,0.0,0.0,0.0,0.0,0.0,0.0,0.0,0.0,0.0,0.0,0.0,0,0,0,0,0,1,0,0,0,0,0.0
20015_2009,0.0,0.0,0.0,0.0,0.0,0.0,0.0,0.0,0.0,0.0,0.0,0.0,0.0,0.0,0.0,0.0,0,0,0,0,0,1,0,0,0,0,0.0
20015_2010,0.0,0.12609254871621292,0.0,0.0029805135148203658,0.0,0.010842802572409457,0.0,0.8982624746914752,0.0,0.09711105518943372,0.0,-9.89247261147856,0.0,0.13811745927135294,0.0,2.7080502011022096,0,0,0,0,0,1,0,0,0,0,0.0
20017_2008,0.017697940918739268,0.033096735679971165,0.22807505853486065,0.2013107029190105,0.014158672312431687,0.025887974707118133,3.718543163578066,3.5228890971869933,0.0408318153664775,0.0402703173328313,-5.137319864332327,-4.999259956513996,0.01617088066386729,0.04076650288044345,2.7080502011022096,2.7080502011022096,0,0,0,0,1,0,0,0,0,0,0.0
20017_2009,0.033096735679971165,0.04527862570284735,0.2013107029190105,0.231366160056724,0.025887974707118133,0.04712388463376522,3.5228890971869933,3.449789226648569,0.0402703173328313,0.044855405940083415,-4.999259956513996,-4.55198149737582,0.04076650288044345,0.3688931962571209,2.7080502011022096,2.7080502011022096,0,0,0,0,1,0,0,0,0,0,0.0
20017_2010,0.04527862570284735,0.05072895381482613,0.231366160056724,0.2606080925770851,0.04712388463376522,0.08768823699495815,3.449789226648569,2.893352224860744,0.044855405940083415,0.07807722343532379,-4.55198149737582,-4.778123368297106,0.3688931962571209,-0.32319852551282946,2.7080502011022096,2.7080502011022096,0,0,0,0,1,0,0,0,0,0,0.0
20018_2008,-0.061338801120250974,-0.08995436348991281,0.03099390374025665,0.053706688995919856,0.16593662617893656,0.08417205392866288,2.8613701741301933,3.3825562143658168,0.09727690037744342,0.09992288470330876,-10.426168770593693,-10.142328844993024,0.14780429149646573,0.03792154557426836,2.6461747973841225,2.7080502011022096,0,0,0,0,1,0,0,0,0,0,0.0
20018_2009,-0.08995436348991281,-0.1581934990317238,0.053706688995919856,0.10000680897422803,0.08417205392866288,0.2862723069004949,3.3825562143658168,1.469108907719169,0.09992288470330876,0.10465863326517563,-10.142328844993024,-9.475338049392494,0.03792154557426836,0.5040105877907686,2.7080502011022096,2.7080502011022096,0,0,0,0,1,0,0,0,0,0,0.0
20018_2010,-0.1581934990317238,-0.04663629816048437,0.10000680897422803,0.05298554186504989,0.2862723069004949,0.14283346889826648,1.469108907719169,2.84487087018708,0.10465863326517563,0.2888404125977848,-9.475338049392494,-10.319986088106287,0.5040105877907686,-0.731879315229531,2.7080502011022096,2.166765369851511,0,0,0,0,1,0,0,0,0,0,0.0
2002_2008,0.05296926720754034,0.058764349177027664,0.06387428847945847,0.11229113675541708,0.002076456390472266,0.0018924738062323675,4.704736267324293,5.118284500423712,0.06819553382363468,0.024777468524864447,-8.471754303783023,-8.610887275521437,-0.11906636774153068,-0.10699441640960658,2.7080502011022096,2.7080502011022096,0,1,0,0,0,0,0,0,0,0,0.0
2002_2009,0.058764349177027664,0.06625210526739836,0.11229113675541708,0.2259298788450093,0.0018924738062323675,0.006642256005886885,5.118284500423712,4.835004079224771,0.024777468524864447,0.13046578253143867,-8.610887275521437,-8.623325775762801,-0.10699441640960658,0.05413502957098998,2.7080502011022096,2.7080502011022096,0,1,0,0,0,0,0,0,0,0,0.0
2002_2010,0.06625210526739836,0.02471893050985501,0.2259298788450093,0.13467266284271284,0.006642256005886885,0.0027320205836448078,4.835004079224771,4.760189048916577,0.13046578253143867,0.13259801463794169,-8.623325775762801,-8.664590685830282,0.05413502957098998,-0.001636427830841447,2.7080502011022096,2.7080502011022096,0,1,0,0,0,0,0,0,0,0,0.0
20030_2008,0.03529185242313327,0.0369332129321053,0.29655596257188305,0.2491672320118259,0.0017172701206722301,0.001508569821386688,2.4549180973238234,2.985693798603335,0.030959480850071764,0.03090923615623275,-6.727307016771437,-6.410011991276815,0.025334370472202102,0.2614627367275775,2.7080502011022096,2.7080502011022096,1,0,0,0,0,0,0,0,0,0,0.0
20030_2009,0.0369332129321053,0.04184115005770786,0.2491672320118259,0.34056129656732115,0.001508569821386688,0.004760425449019196,2.985693798603335,2.405045352848039,0.03090923615623275,0.11089561820119946,-6.410011991276815,-6.613722759587134,0.2614627367275775,-0.1585225596721071,2.7080502011022096,2.7080502011022096,1,0,0,0,0,0,0,0,0,0,0.0
20030_2010,0.04184115005770786,0.025779288747095855,0.34056129656732115,0.3307287145439633,0.004760425449019196,0.019935765509792803,2.405045352848039,2.7537757215330405,0.11089561820119946,0.08497689781698528,-6.613722759587134,-6.360437547772879,-0.1585225596721071,0.18048852923309167,2.7080502011022096,2.7080502011022096,1,0,0,0,0,0,0,0,0,0,0.0
20035_2008,-0.010996792323486326,0.028289788370882744,0.6672502353543528,0.7846229384241071,0.23523936734575696,0.2115397215221128,1.6646733492219996,0.9359635562003452,0.057553422926515975,0.1010773293903144,-8.993646308126532,-9.45431757418216,0.10772361555523846,-0.5553981649061479,2.7080502011022096,2.7080502011022096,0,1,0,0,0,0,0,0,0,0,0.0
20035_2009,0.028289788370882744,-0.025961301232378574,0.7846229384241071,0.7973118686797531,0.2115397215221128,0.20581829247803296,0.9359635562003452,1.5118227267451965,0.1010773293903144,0.15780333582637818,-9.45431757418216,-8.910824815795102,-0.5553981649061479,0.565280405531756,2.7080502011022096,2.7080502011022096,0,1,0,0,0,0,0,0,0,0,0.0
20035_2010,-0.025961301232378574,0.02275906923642013,0.7973118686797531,0.7697843409742791,0.20581829247803296,0.2231174871442141,1.5118227267451965,1.3548134828737983,0.15780333582637818,0.14647780033988453,-8.910824815795102,-9.005294489173158,0.565280405531756,-0.02584678055982892,2.7080502011022096,2.7080502011022096,0,1,0,0,0,0,0,0,0,0,0.0
20041_2008,-0.02122803787170512,0.03599276877161979,0.4016986393762819,0.4391192708836661,0.17529784876684135,0.17792183713241438,8.962517060041762,5.943827308754653,0.08518885984468416,0.08147799563130924,-8.705554808253794,-8.884867070782676,0.4256090518590051,-0.22020657017147532,2.7080502011022096,2.7080502011022096,0,0,0,0,0,0,0,0,0,1,0.0
20041_2009,0.03599276877161979,0.028039143950468685,0.4391192708836661,0.5229468681597893,0.17792183713241438,0.19148896131452306,5.943827308754653,4.460595911464881,0.08147799563130924,0.1842807393520336,-8.884867070782676,-8.709881257529528,-0.22020657017147532,0.10285764321447582,2.7080502011022096,2.7080502011022096,0,0,0,0,0,0,0,0,0,1,0.0
20041_2010,0.028039143950468685,0.0,0.5229468681597893,0.0,0.19148896131452306,0.0,4.460595911464881,0.0,0.1842807393520336,0.0,-8.709881257529528,0.0,0.10285764321447582,0.0,2.7080502011022096,0.0,0,0,0,0,0,0,0,0,0,1,0.0
20043_2008,0.0,0.0,0.0,0.0,0.0,0.0,0.0,0.0,0.0,0.0,0.0,0.0,0.0,0.0,0.0,0.0,0,0,0,0,0,1,0,0,0,0,0.0
20043_2009,0.0,0.0,0.0,0.0,0.0,0.0,0.0,0.0,0.0,0.0,0.0,0.0,0.0,0.0,0.0,0.0,0,0,0,0,0,1,0,0,0,0,0.0
20043_2010,0.0,0.04577214945286878,0.0,0.5869749209920803,0.0,0.09867717999955747,0.0,0.9089527361749964,0.0,0.044921003371527914,0.0,-8.305610265728932,0.0,-0.2836768128073963,0.0,2.7080502011022096,0,0,0,0,0,1,0,0,0,0,0.0
20048_2008,0.04712440991537628,0.057422429755025886,0.001282669725508679,0.0011867595251801699,0.0,0.0,3.292340234119433,3.168447596818147,0.04910055793809627,0.05616024958193228,-7.532976375220352,-7.587849693389111,0.18033198915523485,-0.19696153178625034,2.7080502011022096,2.7080502011022096,0,0,0,0,0,1,0,0,0,0,0.0
20048_2009,0.057422429755025886,0.12995752268970215,0.0011867595251801699,0.0028075701905823465,0.0,0.0,3.168447596818147,1.156072951249662,0.05616024958193228,0.1856941312944428,-7.587849693389111,-8.369053185622855,-0.19696153178625034,-0.7408691132737812,2.7080502011022096,2.7080502011022096,0,0,0,0,0,1,0,0,0,0,0.0
20048_2010,0.12995752268970215,0.05865922160126213,0.0028075701905823465,0.0007659180972166543,0.0,0.0,1.156072951249662,1.4212204396962231,0.1856941312944428,0.15991683359294853,-8.369053185622855,-8.245116066387988,-0.7408691132737812,0.20116537311789892,2.7080502011022096,2.7080502011022096,0,0,0,0,0,1,0,0,0,0,0.0
2004_2008,0.0701148418065069,0.0752193062552503,0.2217970625033469,0.11094772623454674,0.1831797403280221,0.1840856681554759,1.8815798146822853,2.891598438385603,0.1364589514283835,0.2106942326058264,-12.434002084768489,-11.045499399905495,-0.7655662235260592,1.2879923844661003,2.5742140001235794,2.7080502011022096,0,1,0,0,0,0,0,0,0,0,0.0
2004_2009,0.0752193062552503,0.15301849502757786,0.11094772623454674,0.22613307449171965,0.1840856681554759,0.4048108797577915,2.891598438385603,1.3838582714171042,0.2106942326058264,0.4594150609640084,-11.045499399905495,-11.17975797532607,1.2879923844661003,-0.6467974821407491,2.7080502011022096,2.381396273418336,0,1,0,0,0,0,0,0,0,0,0.0
2004_2010,0.15301849502757786,0.029298984599724093,0.22613307449171965,0.18380380136016194,0.4048108797577915,0.3435641033317749,1.3838582714171042,2.2181588310952693,0.4594150609640084,0.15215315195602866,-11.17975797532607,-10.793728276343208,-0.6467974821407491,0.4348606138134389,2.381396273418336,2.7080502011022096,0,1,0,0,0,0,0,0,0,0,0.0
20058_2008,-0.07343471398015282,0.03099605680692763,0.3010654997795759,0.2169783119004427,0.14261839173377966,0.13644663140338747,1.13366777792683,1.7066351390687688,0.15069242392090387,0.08829182841992685,-9.308254468526448,-9.14245656255137,0.18831676036231115,0.24058406624786485,1.9572739077056285,2.1400661634962708,0,0,0,0,0,0,1,0,0,0,0.0
20058_2009,0.03099605680692763,0.0662235259663623,0.2169783119004427,0.17413042024430864,0.13644663140338747,0.13784845189398295,1.7066351390687688,1.4008379290025308,0.08829182841992685,0.1336507486569994,-9.14245656255137,-9.053701031478832,0.24058406624786485,0.04652763691608541,2.1400661634962708,1.7119945007591924,0,0,0,0,0,0,1,0,0,0,0.0
20058_2010,0.0662235259663623,0.036753020051944085,0.17413042024430864,0.09856998529233088,0.13784845189398295,0.14580180592463932,1.4008379290025308,1.8702201125569669,0.1336507486569994,0.1866565003021455,-9.053701031478832,-8.292988070095442,0.04652763691608541,0.8925860740545549,1.7119945007591924,2.6525374911719517,0,0,0,0,0,0,1,0,0,0,0.0
20064_2008,0.06406217952714978,0.03762369714599613,0.4778918225373442,0.3359229335245953,0.012805748830322731,0.012465930222499809,1.7621780259175652,2.687884851118832,0.3206181277201113,0.09749209759604507,-6.817098667970897,-5.989911457138295,-1.2437791987482916,0.6079663076664967,2.7080502011022096,2.7080502011022096,0,0,0,0,0,0,0,0,0,0,0.0
20064_2009,0.03762369714599613,0.06987256585186599,0.3359229335245953,0.482061490339018,0.012465930222499809,0.02688317364131116,2.687884851118832,1.3639649229256576,0.09749209759604507,0.15206674005822904,-5.989911457138295,-6.106859615306531,0.6079663076664967,-0.1042849980658474,2.7080502011022096,2.7080502011022096,0,0,0,0,0,0,0,0,0,0,0.0
20064_2010,0.06987256585186599,0.02070836343217001,0.482061490339018,0.4459853892141804,0.02688317364131116,0.03811458242515616,1.3639649229256576,1.4115423171571986,0.15206674005822904,0.09607062447343527,-6.106859615306531,-6.218005050957612,-0.1042849980658474,-0.21241569102405414,2.7080502011022096,2.7080502011022096,0,0,0,0,0,0,0,0,0,0,0.0
20065_2008,0.04469134483556789,0.02590772639340528,0.2128625607606431,0.15310794873957914,0.09475396019918214,0.05413070983715955,1.7188648213598348,2.1036444809265507,0.07620852637668947,0.08255248064780255,-6.174715812014843,-5.8639985726962065,-0.12948529266212747,0.33344131282741746,2.7080502011022096,2.7080502011022096,1,0,0,0,0,0,0,0,0,0,0.0
20065_2009,0.02590772639340528,0.019243680222201017,0.15310794873957914,0.21332293667973665,0.05413070983715955,0.037997075597976535,2.1036444809265507,1.892318039007696,0.08255248064780255,0.21225763855802834,-5.8639985726962065,-5.5004426327532165,0.33344131282741746,0.08447144297118181,2.7080502011022096,2.7080502011022096,1,0,0,0,0,0,0,0,0,0,0.0
20065_2010,0.019243680222201017,-0.08498566118504379,0.21332293667973665,0.2292266500096361,0.037997075597976535,0.05098344297577265,1.892318039007696,2.2235342702087983,0.21225763855802834,0.1349316781492296,-5.5004426327532165,-5.546824221554872,0.08447144297118181,-0.24751217239821866,2.7080502011022096,2.7080502011022096,1,0,0,0,0,0,0,0,0,0,0.0
20068_2008,0.06468445361329002,0.031004600493838724,0.329669673800336,0.30443809807942346,0.09299695798116492,0.08052209287675217,1.654740824751053,1.7748931398966024,0.05809678040651268,0.10355003745130184,-9.351738575425543,-9.442415209089233,0.06756254824013844,-0.2538473590799241,2.7080502011022096,2.7080502011022096,0,1,0,0,0,0,0,0,0,0,0.0
20068_2009,0.031004600493838724,0.026140221454865508,0.30443809807942346,0.5211831070904474,0.08052209287675217,0.0004084948988192656,1.7748931398966024,1.2554915871094066,0.10355003745130184,0.12509972575889694,-9.442415209089233,-8.997622822448895,-0.2538473590799241,0.3361729117687929,2.7080502011022096,2.7080502011022096,0,1,0,0,0,0,0,0,0,0,0.0
20068_2010,0.026140221454865508,0.030082497619131524,0.5211831070904474,0.4621572120091073,0.0004084948988192656,0.01892338867231869,1.2554915871094066,1.3568355689912373,0.12509972575889694,0.15551997698300427,-8.997622822448895,-9.136975038605998,0.3361729117687929,0.03350358358140654,2.7080502011022096,2.7080502011022096,0,1,0,0,0,0,0,0,0,0,0.0
20077_2008,0.022134408209561703,0.02234505129581745,0.6280005131218334,0.6184995608675626,0.015989632199146068,0.011111138144348791,1.6624688898340807,1.7048970208244318,0.047954363977940784,0.042712471190110624,-6.627681262772027,-6.53802116003132,0.02682423386104316,0.05032318310708947,2.7080502011022096,2.7080502011022096,0,0,0,0,0,0,0,0,1,0,0.0
20077_2009,0.02234505129581745,0.0288635868048028,0.6184995608675626,0.717958242712958,0.011111138144348791,0.01540226107154336,1.7048970208244318,1.2313361716583744,0.042712471190110624,0.056569017289862765,-6.53802116003132,-6.370991220607077,0.05032318310708947,0.17026059388443945,2.7080502011022096,2.7080502011022096,0,0,0,0,0,0,0,0,1,0,0.0
20077_2010,0.0288635868048028,0.026265728712601702,0.717958242712958,0.6787952698983913,0.01540226107154336,0.01647401955283033,1.2313361716583744,1.232953808081606,0.056569017289862765,0.06944238993645861,-6.370991220607077,-6.392600704300668,0.17026059388443945,-0.19258029277645652,2.7080502011022096,2.7080502011022096,0,0,0,0,0,0,0,0,1,0,0.0
20097_2008,0.11502487677381967,0.024606429529573374,0.23641488202604066,0.2702354501044683,0.3655615461630709,0.2601162306409493,2.0318869737921017,3.0519332613976653,0.11132345973690486,0.1418753341738044,-7.783373176732036,-7.249393373225084,0.8028962928103731,0.16859628770337326,2.7080502011022096,2.7080502011022096,0,1,0,0,0,0,0,0,0,0,0.0
20097_2009,0.024606429529573374,-0.0029756086178386546,0.2702354501044683,0.8631340997744544,0.2601162306409493,0.4538841145210171,3.0519332613976653,0.839490608784313,0.1418753341738044,0.1517643869345043,-7.249393373225084,-8.286507486107531,0.16859628770337326,-1.0424899113302364,2.7080502011022096,2.7080502011022096,0,1,0,0,0,0,0,0,0,0,0.0
20097_2010,-0.0029756086178386546,0.016546104957798523,0.8631340997744544,0.7887683795053101,0.4538841145210171,0.3679740606853996,0.839490608784313,1.1138624297936592,0.1517643869345043,0.15008219559588762,-8.286507486107531,-8.108700038613055,-1.0424899113302364,-0.1383647269385648,2.7080502011022096,2.7080502011022096,0,1,0,0,0,0,0,0,0,0,0.0
20098_2008,0.009788288005504095,0.016337356760585453,0.9401640890442045,0.9369328331788699,0.016535809057515068,0.01677466798175766,0.5398757629966451,0.5730906387009527,0.0593415883317987,0.08687384039364086,-11.90794745706192,-11.73953714010556,-0.13691871541163636,0.210009157073045,2.063058062429312,2.2823823856765264,0,0,0,0,0,0,0,0,0,1,0.0
20098_2009,0.016337356760585453,0.013758047764994988,0.9369328331788699,0.9388679255375599,0.01677466798175766,0.005524129101717524,0.5730906387009527,0.5036461704768611,0.08687384039364086,0.10394714025215787,-11.73953714010556,-11.265662195895116,0.210009157073045,0.4371070383899681,2.2823823856765264,2.191653532286764,0,0,0,0,0,0,0,0,0,1,0.0
20098_2010,0.013758047764994988,0.0,0.9388679255375599,0.0,0.005524129101717524,0.0,0.5036461704768611,0.0,0.10394714025215787,0.0,-11.265662195895116,0.0,0.4371070383899681,0.0,2.191653532286764,0.0,0,0,0,0,0,0,0,0,0,1,0.0
20192_2008,0.02916631162139445,0.06487561827054576,0.4225599798579749,0.3582901584393206,0.0983326372692688,0.11844831663389617,2.0698038460542585,1.8677582367123131,0.14797287251834346,0.11450222569893632,-10.562302236746492,-10.40911086437072,0.4385843969638342,0.2285185105909285,2.7080502011022096,2.7080502011022096,1,0,0,0,0,0,0,0,0,0,0.0
20192_2009,0.06487561827054576,0.02226314273427509,0.3582901584393206,0.6090169003367178,0.11844831663389617,0.14447938680842842,1.8677582367123131,1.4474499612937834,0.11450222569893632,0.20575123236573764,-10.40911086437072,-10.478818089535912,0.2285185105909285,-0.16012926354905893,2.7080502011022096,2.7080502011022096,1,0,0,0,0,0,0,0,0,0,0.0
20192_2010,0.02226314273427509,0.04495359110602044,0.6090169003367178,0.4752847017457462,0.14447938680842842,0.1079149310501537,1.4474499612937834,1.6687880164126352,0.20575123236573764,0.2588640445387801,-10.478818089535912,-10.334952718490843,-0.16012926354905893,0.2370134132965587,2.7080502011022096,2.7080502011022096,1,0,0,0,0,0,0,0,0,0,0.0
20193_2008,0.0,0.0,0.0,0.0,0.0,0.0,0.0,0.0,0.0,0.0,0.0,0.0,0.0,0.0,0.0,0.0,0,1,0,0,0,0,0,0,0,0,0.0
20193_2009,0.0,0.0,0.0,0.0,0.0,0.0,0.0,0.0,0.0,0.0,0.0,0.0,0.0,0.0,0.0,0.0,0,1,0,0,0,0,0,0,0,0,0.0
20193_2010,0.0,0.0,0.0,0.0,0.0,0.0,0.0,0.0,0.0,0.0,0.0,0.0,0.0,0.0,0.0,0.0,0,1,0,0,0,0,0,0,0,0,0.0
20201_2008,0.0736754043442126,0.07029242748299619,0.4046085671144501,0.4221408862082461,0.0822848804772947,0.05793316663990487,2.0581619748740287,1.5847791613680255,0.20309371968995998,0.06403715171557764,-7.264542240255847,-7.414303191340122,-1.1087248435791308,-0.1172777100461481,2.7080502011022096,2.7080502011022096,0,0,0,0,0,0,0,0,0,0,0.0
20201_2009,0.07029242748299619,0.060155155297780365,0.4221408862082461,0.6303790928505272,0.05793316663990487,0.06376464142284127,1.5847791613680255,0.7424324938639426,0.06403715171557764,0.2290307072418099,-7.414303191340122,-7.742863777529255,-0.1172777100461481,-0.3983999072494762,2.7080502011022096,2.482403519569882,0,0,0,0,0,0,0,0,0,0,0.0
20201_2010,0.060155155297780365,-0.007317604415827742,0.6303790928505272,0.4672802718536318,0.06376464142284127,0.09331138913111202,0.7424324938639426,1.180911027822219,0.2290307072418099,0.15237230983419126,-7.742863777529255,-7.378324669227762,-0.3983999072494762,0.3959944404108844,2.482403519569882,2.7080502011022096,0,0,0,0,0,0,0,0,0,0,0.0
20203_2008,0.02425233421980106,0.0,0.6433605327752782,0.0,0.15918962711497195,0.0,1.8397722017205809,0.0,0.07075747347604656,0.0,-7.058859212379893,0.0,-0.07282585119764412,0.0,2.7080502011022096,0.0,0,0,0,0,0,1,0,0,0,0,0.0
20203_2009,0.0,0.048636824902906,0.0,0.5865028885350428,0.0,0.04211642977228385,0.0,2.0640361047001234,0.0,0.06153155488035194,0.0,-6.456985831482316,0.0,0.4730205571833019,0.0,2.7080502011022096,0,0,0,0,0,1,0,0,0,0,0.0
20203_2010,0.048636824902906,0.0,0.5865028885350428,0.0,0.04211642977228385,0.0,2.0640361047001234,0.0,0.06153155488035194,0.0,-6.456985831482316,0.0,0.4730205571833019,0.0,2.7080502011022096,0.0,0,0,0,0,0,1,0,0,0,0,0.0
20204_2008,0.07707969718672489,0.0573252862899023,0.33571825564834634,0.2702154269304732,0.004243586798519277,0.002564694643019977,1.5731324837838412,2.065723211193073,0.07264741261081269,0.07863713400368033,-6.3647366739420645,-5.885297771409125,-0.23220866565417386,0.3708462088521165,2.7080502011022096,2.7080502011022096,0,0,0,0,0,0,0,0,0,0,0.0
20204_2009,0.0573252862899023,0.018923019116224463,0.2702154269304732,0.3369621780662547,0.002564694643019977,0.05245228364739021,2.065723211193073,1.4449773595490805,0.07863713400368033,0.12405238461657565,-5.885297771409125,-5.751913921705192,0.3708462088521165,0.1737477531639279,2.7080502011022096,2.7080502011022096,0,0,0,0,0,0,0,0,0,0,0.0
20204_2010,0.018923019116224463,-0.006035953571585543,0.3369621780662547,0.26332397678252856,0.05245228364739021,0.043468446055088525,1.4449773595490805,1.9641601705980556,0.12405238461657565,0.11776831493283185,-5.751913921705192,-5.6568186925290105,0.1737477531639279,0.022193984714596604,2.7080502011022096,2.7080502011022096,0,0,0,0,0,0,0,0,0,0,0.0
20207_2008,0.034054242212223286,0.061522053322717325,0.29749543269248985,0.3945436028304698,0.060565534790693376,0.059387847032613815,2.3469180715810114,1.7361238776058232,0.10221599556722737,0.08562137376097563,-6.4068577703730885,-6.066321516435231,-0.09053347455866044,0.3552416344802169,2.7080502011022096,2.7080502011022096,0,0,0,1,0,0,0,0,0,0,0.0
20207_2009,0.061522053322717325,0.03977837133838105,0.3945436028304698,0.5202092669036004,0.059387847032613815,0.0728460740381007,1.7361238776058232,1.5183904432568374,0.08562137376097563,0.12841377154529895,-6.066321516435231,-6.051075457415275,0.3552416344802169,-0.002113245888939297,2.7080502011022096,2.7080502011022096,0,0,0,1,0,0,0,0,0,0,0.0
20207_2010,0.03977837133838105,0.0483948612425487,0.5202092669036004,0.5127530523917608,0.0728460740381007,0.1129780445527572,1.5183904432568374,1.2393041285620274,0.12841377154529895,0.06737670281738381,-6.051075457415275,-6.201751713327164,-0.002113245888939297,-0.16257129938336592,2.7080502011022096,2.7080502011022096,0,0,0,1,0,0,0,0,0,0,0.0
20217_2008,0.05153468675735277,0.043695224395451635,0.4874387427495734,0.4830356445803154,0.044819521899000465,0.04797471876299672,1.2527247225190474,1.3113517342318233,0.07637559455419646,0.06427886569037755,-8.10189862053053,-7.88945873000277,-0.19035055775397952,0.09128168947610074,2.7080502011022096,2.7080502011022096,0,0,0,0,0,0,1,0,0,0,0.0
20217_2009,0.043695224395451635,-0.09174867924755076,0.4830356445803154,0.6639788917000408,0.04797471876299672,0.06746126607792682,1.3113517342318233,0.8534280830649513,0.06427886569037755,0.19381894383801146,-7.88945873000277,-8.158653788639905,0.09128168947610074,-0.17662277172846536,2.7080502011022096,2.7080502011022096,0,0,0,0,0,0,1,0,0,0,0.0
20217_2010,-0.09174867924755076,0.014715764155121203,0.6639788917000408,0.5772628790667218,0.06746126607792682,0.13546802622192092,0.8534280830649513,1.1906101172879655,0.19381894383801146,0.11345441295782067,-8.158653788639905,-7.937098563822935,-0.17662277172846536,0.14329970763979472,2.7080502011022096,2.7080502011022096,0,0,0,0,0,0,1,0,0,0,0.0
20222_2008,0.05239943042977833,0.03636231409766918,0.4498368794143624,0.4003016491099929,0.2792490530766319,0.1663180627423825,1.3296902100552443,1.1787820901867447,0.07484715368248587,0.05953143047397887,-7.971854304859071,-8.36961630291064,-0.05676113171734065,-0.3997592432318484,2.7080502011022096,2.7080502011022096,1,0,0,0,0,0,0,0,0,0,0.0
20222_2009,0.03636231409766918,0.03785886577558534,0.4003016491099929,0.5823917735178368,0.1663180627423825,0.20085601842615936,1.1787820901867447,0.6008195662639284,0.05953143047397887,0.26863699609162844,-8.36961630291064,-9.224962377866703,-0.3997592432318484,-1.045839036870466,2.7080502011022096,2.35232718488886,1,0,0,0,0,0,0,0,0,0,0.0
20222_2010,0.03785886577558534,0.007798341479488166,0.5823917735178368,0.6439672689329452,0.20085601842615936,0.03866220001098358,0.6008195662639284,0.9131628987956898,0.26863699609162844,0.3116391367334391,-9.224962377866703,-8.075129034516847,-1.045839036870466,1.3006996045306043,2.35232718488886,2.7080502011022096,1,0,0,0,0,0,0,0,0,0,0.0
20232_2008,0.0067921565397756406,0.026854430901788608,0.21147064763536486,0.3474516049210388,0.3616892759575009,0.12480569003039167,0.8563890804734733,0.5120214710731952,0.0926539243583544,0.09796018175350607,-10.719754871926542,-10.827546266604436,-0.1649456962608895,-0.23493716027607905,2.645465325910589,2.5176964726109907,0,0,1,0,0,0,0,0,0,0,0.0
20232_2009,0.026854430901788608,-0.3843227859059821,0.3474516049210388,0.6535905982166046,0.12480569003039167,0.37607133581508095,0.5120214710731952,0.20463858541044708,0.09796018175350607,0.15690464443896046,-10.827546266604436,-11.239339475492008,-0.23493716027607905,-0.2966116970584849,2.5176964726109907,1.6114359150967734,0,0,1,0,0,0,0,0,0,0,0.0
20232_2010,-0.3843227859059821,0.07754429834015952,0.6535905982166046,0.43014442767837896,0.37607133581508095,0.2397447725802975,0.20463858541044708,0.4797973161435183,0.15690464443896046,0.2391117815315128,-11.239339475492008,-11.125733390339676,-0.2966116970584849,0.15569217216807169,1.6114359150967734,1.958685340544036,0,0,1,0,0,0,0,0,0,0,0.0
20235_2008,0.033107510568731215,0.023987162244345658,0.4575930925035349,0.4529270004528638,0.04832972183086663,0.03826528516453315,3.19987999581217,3.5919432514972125,0.0384885893033022,0.05833508331957728,-6.1514705952490365,-6.308418927327697,0.00905325103648666,-0.08615574264799117,2.7080502011022096,2.7080502011022096,0,0,0,0,0,0,1,0,0,0,0.0
20235_2009,0.023987162244345658,0.03087029653921417,0.4529270004528638,0.4658449410261669,0.03826528516453315,0.039566541764835636,3.5919432514972125,3.1833743583284315,0.05833508331957728,0.08901000886933842,-6.308418927327697,-5.981442541259838,-0.08615574264799117,0.3965919726979166,2.7080502011022096,2.7080502011022096,0,0,0,0,0,0,1,0,0,0,0.0
20235_2010,0.03087029653921417,0.03524525204719214,0.4658449410261669,0.5297393649845535,0.039566541764835636,0.06072836802158028,3.1833743583284315,2.706951964665544,0.08901000886933842,0.05495128737158675,-5.981442541259838,-6.133429062366163,0.3965919726979166,-0.13233457793295114,2.7080502011022096,2.7080502011022096,0,0,0,0,0,0,1,0,0,0,0.0
20238_2008,0.0395199824579494,0.032002327534026535,0.2812354742943017,0.4487074286270067,0.006296075636683115,0.007539263323502134,3.063079432898064,2.2601094307077614,0.04414644051676496,0.04447433425676997,-7.442527128080265,-7.72934600464055,0.023444900790099785,-0.26882618266760944,2.7080502011022096,2.7080502011022096,1,0,0,0,0,0,0,0,0,0,0.0
20238_2009,0.032002327534026535,0.035455172397344865,0.4487074286270067,0.5710268032442722,0.007539263323502134,0.014056823329274264,2.2601094307077614,1.6972208500085868,0.04447433425676997,0.09660249213632344,-7.72934600464055,-7.721834959832822,-0.26882618266760944,-0.03792711604502436,2.7080502011022096,2.7080502011022096,1,0,0,0,0,0,0,0,0,0,0.0
20238_2010,0.035455172397344865,-0.09978474318137256,0.5710268032442722,0.4864556342960122,0.014056823329274264,0.01845489893310238,1.6972208500085868,2.385964507731781,0.09660249213632344,0.15195432703065284,-7.721834959832822,-7.788658806755789,-0.03792711604502436,0.1127507007585446,2.7080502011022096,2.7080502011022096,1,0,0,0,0,0,0,0,0,0,0.0
20239_2008,0.03236225064267025,0.03973269889917133,0.5354777186789533,0.39973318733600544,0.04377994036620049,0.0563390458406662,1.033207640606828,1.6249702127139771,0.09179117025734987,0.10559648680371456,-8.131109637206368,-7.804843369293863,-0.06180703429263569,0.1019234779439099,2.7080502011022096,2.7080502011022096,0,0,0,0,0,0,1,0,0,0,0.0
20239_2009,0.03973269889917133,0.06109956195785925,0.39973318733600544,0.4977078712000603,0.0563390458406662,0.07840641770844611,1.6249702127139771,0.9930713788817138,0.10559648680371456,0.16812458480931172,-7.804843369293863,-7.959330462976293,0.1019234779439099,-0.25045037596280456,2.7080502011022096,2.7080502011022096,0,0,0,0,0,0,1,0,0,0,0.0
20239_2010,0.06109956195785925,-0.1677921453576134,0.4977078712000603,0.5250926886787517,0.07840641770844611,0.14110279870330025,0.9930713788817138,1.1336229973524736,0.16812458480931172,0.1034032295012737,-7.959330462976293,-7.685209773057481,-0.25045037596280456,0.12312899937653606,2.7080502011022096,2.7080502011022096,0,0,0,0,0,0,1,0,0,0,0.0
20242_2008,0.05616379221371319,0.005344459550461863,0.6905807032171077,0.7237017648628388,0.237474059322295,0.16567295189933462,0.7792825513017402,0.8051954183230973,0.053117936560431664,0.08510137598244577,-11.720360231705868,-11.626472796559172,-0.3488351159048737,-0.14116344712310425,2.6979998652487085,2.7080502011022096,0,1,0,0,0,0,0,0,0,0,0.0
20242_2009,0.005344459550461863,0.06973273878463288,0.7237017648628388,0.9389591295385068,0.16567295189933462,0.13501295538906824,0.8051954183230973,0.10812673114692194,0.08510137598244577,0.27113045004729225,-11.626472796559172,-13.155458737264745,-0.14116344712310425,-1.2459910186653442,2.7080502011022096,0.9162907318741552,0,1,0,0,0,0,0,0,0,0,0.0
20242_2010,0.06973273878463288,-0.5108791112836637,0.9389591295385068,0.8929668066411254,0.13501295538906824,0.038333613570907435,0.10812673114692194,0.2254893807802757,0.27113045004729225,0.313151864853804,-13.155458737264745,-13.395495385306122,-1.2459910186653442,-0.6043969542036502,0.9162907318741552,1.0006318803079057,0,1,0,0,0,0,0,0,0,0,1.0
20247_2008,0.0,0.0,0.0,0.0,0.0,0.0,0.0,0.0,0.0,0.0,0.0,0.0,0.0,0.0,0.0,0.0,0,0,0,0,0,0,0,0,0,1,0.0
20247_2009,0.0,-0.0014289247341375618,0.0,0.4568547168255888,0.0,0.19655958890934572,0.0,0.5552833615016721,0.0,0.24587817543108045,0.0,-12.108082583449313,0.0,-1.0244855195073972,0.0,1.308332819650179,0,0,0,0,0,0,0,0,0,1,0.0
20247_2010,-0.0014289247341375618,0.0,0.4568547168255888,0.0,0.19655958890934572,0.0,0.5552833615016721,0.0,0.24587817543108045,0.0,-12.108082583449313,0.0,-1.0244855195073972,0.0,1.308332819650179,0.0,0,0,0,0,0,0,0,0,0,1,0.0
20250_2008,0.016421911721128613,0.02314900450278169,0.14699656114551315,0.08205187644505449,0.0065313432679952425,0.012195531934077734,3.7755383861588885,4.408443232412022,0.2504410869118386,0.09868354080118938,-10.391864982821874,-9.893236378899699,-0.7325319958800975,0.42301229214673824,2.7080502011022096,2.7080502011022096,0,0,0,0,0,0,1,0,0,0,0.0
20250_2009,0.02314900450278169,0.04879555665529063,0.08205187644505449,0.164055703656671,0.012195531934077734,0.012093843714158102,4.408443232412022,3.0073316130780463,0.09868354080118938,0.2256732110575812,-9.893236378899699,-9.814459333761693,0.42301229214673824,0.149289390735712,2.7080502011022096,2.7080502011022096,0,0,0,0,0,0,1,0,0,0,0.0
20250_2010,0.04879555665529063,0.05315972076911553,0.164055703656671,0.07242759146637909,0.012093843714158102,0.020736491604669036,3.0073316130780463,3.1440260805108107,0.2256732110575812,0.12993280987247569,-9.814459333761693,-9.721811982102194,0.149289390735712,0.22685039035508925,2.7080502011022096,2.7080502011022096,0,0,0,0,0,0,1,0,0,0,0.0
20257_2008,0.03576826211781189,0.030619086804512426,0.5072777344348048,0.5090844969239411,0.016440812229516082,0.016501434623405913,3.0210801094515225,2.7181306342955707,0.04441132121259032,0.058547052815948776,-7.938175953521236,-7.9534322434787965,-0.031275873382651836,-0.04587960824630687,2.7080502011022096,2.7080502011022096,1,0,0,0,0,0,0,0,0,0,0.0
20257_2009,0.030619086804512426,0.034805006286742775,0.5090844969239411,0.575333834750558,0.016501434623405913,0.013878428171928105,2.7181306342955707,2.851622059357988,0.058547052815948776,0.10220805185396174,-7.9534322434787965,-7.598849106312222,-0.04587960824630687,0.32334430431683603,2.7080502011022096,2.7080502011022096,1,0,0,0,0,0,0,0,0,0,0.0
20257_2010,0.034805006286742775,0.039718889787914026,0.575333834750558,0.5022765405430645,0.013878428171928105,0.021564316033345438,2.851622059357988,2.5459344474651715,0.10220805185396174,0.07145704964627977,-7.598849106312222,-7.620977980130408,0.32334430431683603,0.0022680290355076016,2.7080502011022096,2.7080502011022096,1,0,0,0,0,0,0,0,0,0,0.0
20265_2008,0.02477470577021312,0.009097352920109363,0.7551471841490698,0.7506900053296524,0.17382611560993766,0.22332908308782454,2.219187341282033,1.7434395171216652,0.047760513210350165,0.04163130227673995,-6.063837717336905,-5.445705473645075,0.10819234956944623,0.18081261699204024,2.7080502011022096,2.7080502011022096,0,0,0,0,0,1,0,0,0,0,0.0
20265_2009,0.009097352920109363,0.005863683125297783,0.7506900053296524,0.8655523571466697,0.22332908308782454,0.4102718668746937,1.7434395171216652,1.2518106637941784,0.04163130227673995,0.05464300072638433,-5.445705473645075,-5.486121191432716,0.18081261699204024,-0.07575578622067353,2.7080502011022096,2.7080502011022096,0,0,0,0,0,1,0,0,0,0,0.0
20265_2010,0.005863683125297783,-0.004995296288004085,0.8655523571466697,0.8443202778453841,0.4102718668746937,0.3268647241738171,1.2518106637941784,1.146839130507326,0.05464300072638433,0.10964581580100098,-5.486121191432716,-5.686085918347996,-0.07575578622067353,-0.2136097098154897,2.7080502011022096,2.7080502011022096,0,0,0,0,0,1,0,0,0,0,0.0
20270_2008,0.03774242010868304,0.037660752792130985,0.4173955425049314,0.32904446148118915,0.018072611213257938,0.007655757596118873,1.959240025886333,2.347439876603584,0.2350670679233001,0.08958070925011942,-9.32503074001534,-8.877158785511671,-0.6595765340041574,0.4269631241840736,2.7080502011022096,2.7080502011022096,0,1,0,0,0,0,0,0,0,0,0.0
20270_2009,0.037660752792130985,0.0536420324507808,0.32904446148118915,0.5329870222779192,0.007655757596118873,0.012925300544998951,2.347439876603584,1.2604105861786066,0.08958070925011942,0.17572170046945268,-8.877158785511671,-9.21886658316221,0.4269631241840736,-0.1880599686582946,2.7080502011022096,2.6741486494265287,0,1,0,0,0,0,0,0,0,0,0.0
20270_2010,0.0536420324507808,0.02447871404435856,0.5329870222779192,0.4188118989609869,0.012925300544998951,0.0109379387618532,1.2604105861786066,1.3063379110365894,0.17572170046945268,0.17311013876366482,-9.21886658316221,-9.281410725621877,-0.1880599686582946,0.1058148813493554,2.6741486494265287,2.7080502011022096,0,1,0,0,0,0,0,0,0,0,0.0
20271_2008,0.06863919754461408,0.016999180500257453,0.2529947876977475,0.3348297060195761,0.0561418646583398,0.048865391728129134,2.5912641187623078,2.1872195518234445,0.07228709136323985,0.06692748442873342,-11.083086442681733,-11.752130828043788,-0.09930697389134137,-0.5451186721751836,2.7080502011022096,2.514465452029545,0,0,0,0,0,0,0,0,0,0,0.0
20271_2009,0.016999180500257453,0.07921439200996054,0.3348297060195761,0.4728488822749358,0.048865391728129134,0.09194865243706468,2.1872195518234445,1.2403443390366249,0.06692748442873342,0.23969834784369756,-11.752130828043788,-12.27435618219259,-0.5451186721751836,-0.5883266279736971,2.514465452029545,1.4929040961781488,0,0,0,0,0,0,0,0,0,0,0.0
20271_2010,0.07921439200996054,-0.2745694707420431,0.4728488822749358,0.5960238030835813,0.09194865243706468,0.07752907763051121,1.2403443390366249,1.0971332023286993,0.23969834784369756,0.2045007798107696,-12.27435618219259,-12.474991299275374,-0.5883266279736971,-0.44581551268794345,1.4929040961781488,1.5223538055269867,0,0,0,0,0,0,0,0,0,0,0.0
20277_2008,0.0362013502828971,0.037798363022648426,0.2180373380674991,0.18551534001391246,0.06439538686685704,0.056221466733745964,3.483540134424703,3.7144215789614745,0.04592446522072875,0.04337568800378908,-6.038511465949931,-5.85677371254135,0.12519725050315952,0.1391366633119932,2.7080502011022096,2.7080502011022096,0,0,0,0,1,0,0,0,0,0,0.0
20277_2009,0.037798363022648426,0.047739751622303546,0.18551534001391246,0.21750742844402052,0.056221466733745964,0.050513113558653865,3.7144215789614745,3.70610751384972,0.04337568800378908,0.061316523512720475,-5.85677371254135,-5.464902892322217,0.1391366633119932,0.2979331019649307,2.7080502011022096,2.7080502011022096,0,0,0,0,1,0,0,0,0,0,0.0
20277_2010,0.047739751622303546,0.048784225203736084,0.21750742844402052,0.21978344361628768,0.050513113558653865,0.06163848136853005,3.70610751384972,3.527066725661417,0.061316523512720475,0.06521969275223342,-5.464902892322217,-5.637038420616514,0.2979331019649307,-0.2961846366860809,2.7080502011022096,2.7080502011022096,0,0,0,0,1,0,0,0,0,0,0.0
20283_2008,0.052121744815040234,0.05382066535361145,0.22770164149000174,0.20420719911306207,0.07672599976728725,0.07486979981330256,2.2296422303415504,2.386000969090951,0.16933633160604936,0.08757400671783608,-9.319684215998912,-9.234543523362197,-0.5845860305033168,0.15152787163614428,2.7080502011022096,2.7080502011022096,0,1,0,0,0,0,0,0,0,0,0.0
20283_2009,0.05382066535361145,0.07237846622344563,0.20420719911306207,0.22496649152102985,0.07486979981330256,0.0772114818925313,2.386000969090951,1.8447603545198143,0.08757400671783608,0.13133746584953873,-9.234543523362197,-9.190592253066557,0.15152787163614428,-0.04576013196209711,2.7080502011022096,2.7080502011022096,0,1,0,0,0,0,0,0,0,0,0.0
20283_2010,0.07237846622344563,0.03725905925900847,0.22496649152102985,0.2655796825450565,0.0772114818925313,0.0243709161390798,1.8447603545198143,1.5408957391987532,0.13133746584953873,0.11706731658928145,-9.190592253066557,-9.271275794930592,-0.04576013196209711,0.03814637713971697,2.7080502011022096,2.7080502011022096,0,1,0,0,0,0,0,0,0,0,0.0
20284_2008,0.036993353991611314,0.0387404865761378,0.14695062555639646,0.12916243531411073,0.05442072104624136,0.029142299278149163,3.344168193233005,3.3758567990086883,0.04028219001279939,0.0352096289001205,-6.605884080065567,-6.446741479318964,-0.02570084643490597,0.06581009494373345,2.7080502011022096,2.7080502011022096,0,0,0,0,1,0,0,0,0,0,0.0
20284_2009,0.0387404865761378,0.05011825860890877,0.12916243531411073,0.13240583837537998,0.029142299278149163,0.04582341544915258,3.3758567990086883,3.0517004739222617,0.0352096289001205,0.06950574062812548,-6.446741479318964,-6.166299316292392,0.06581009494373345,0.18598131105868465,2.7080502011022096,2.7080502011022096,0,0,0,0,1,0,0,0,0,0,0.0
20284_2010,0.05011825860890877,0.059502381864978186,0.13240583837537998,0.2010742724014436,0.04582341544915258,0.09400759184963328,3.0517004739222617,2.632320680334336,0.06950574062812548,0.08797293217914921,-6.166299316292392,-6.275399483445589,0.18598131105868465,-0.21495053104044085,2.7080502011022096,2.7080502011022096,0,0,0,0,1,0,0,0,0,0,0.0
20288_2008,0.028122617272450818,0.024027493552412942,0.5079588182249419,0.4530015946152261,0.025653889856570036,0.014783806483888204,1.9885657018334784,2.1636196783863606,0.04650723505261227,0.05294786821840766,-4.7628450309130566,-4.623998343992079,0.05729834833085318,0.1089733912815328,2.7080502011022096,2.7080502011022096,0,0,0,0,0,0,0,1,0,0,0.0
20288_2009,0.024027493552412942,0.02925266965196805,0.4530015946152261,0.561785051419804,0.014783806483888204,0.046832486525887236,2.1636196783863606,2.041643427919455,0.05294786821840766,0.0675854388352885,-4.623998343992079,-4.401115868735523,0.1089733912815328,0.2844270982301937,2.7080502011022096,2.7080502011022096,0,0,0,0,0,0,0,1,0,0,0.0
20288_2010,0.02925266965196805,0.015416142046330876,0.561785051419804,0.6033196494516408,0.046832486525887236,0.010551886873125405,2.041643427919455,2.0056734590328102,0.0675854388352885,0.056824433283476375,-4.401115868735523,-4.658598998251071,0.2844270982301937,-0.19311143077759135,2.7080502011022096,2.7080502011022096,0,0,0,0,0,0,0,1,0,0,0.0
20289_2008,-0.05030132108343447,-0.2344934713400286,0.4322470937207677,0.8802694514080066,0.0632374368408058,0.006290275449470171,1.6580430325267568,1.5315155807365437,0.08288578024435989,0.2111207594891606,-12.876015790249305,-14.318043705164024,0.2667956993341875,-1.624181482163876,1.3350010667323402,-0.10536051565782628,0,0,0,0,0,0,1,0,0,0,0.0
20289_2009,-0.2344934713400286,0.0,0.8802694514080066,0.0,0.006290275449470171,0.0,1.5315155807365437,0.0,0.2111207594891606,0.0,-14.318043705164024,0.0,-1.624181482163876,0.0,-0.10536051565782628,0.0,0,0,0,0,0,0,1,0,0,0,0.0
20289_2010,0.0,0.0,0.0,0.0,0.0,0.0,0.0,0.0,0.0,0.0,0.0,0.0,0.0,0.0,0.0,0.0,0,0,0,0,0,0,1,0,0,0,0.0
20309_2008,-0.032379137613003636,-0.02623329649898488,0.4543422001007752,0.3940010850057502,0.09366731019804142,0.08039425479357913,3.64697536877137,4.450537784662243,0.05599784134490423,0.07843312919034834,-7.446674233528925,-7.664765342842825,-0.16483834405648293,-0.2981673323255895,2.7080502011022096,2.7080502011022096,0,0,1,0,0,0,0,0,0,0,0.0
20309_2009,-0.02623329649898488,0.05389081048240195,0.3940010850057502,0.4387249890489716,0.08039425479357913,0.1893350337604141,4.450537784662243,2.8560184169470886,0.07843312919034834,0.09905692156745506,-7.664765342842825,-6.927177176109264,-0.2981673323255895,0.5864593762027552,2.7080502011022096,2.7080502011022096,0,0,1,0,0,0,0,0,0,0,0.0
20309_2010,0.05389081048240195,0.049338127620929095,0.4387249890489716,0.39056147561771976,0.1893350337604141,0.1892633932912348,2.8560184169470886,3.1345547306274306,0.09905692156745506,0.09907780851182184,-6.927177176109264,-7.176247063409224,0.5864593762027552,-0.20944347062109114,2.7080502011022096,2.7080502011022096,0,0,1,0,0,0,0,0,0,0,0.0
20312_2008,0.03821706777895874,0.05326480858383874,0.387922442513104,0.5005705169800782,0.06605407267624551,0.0590671231974692,2.225498895155893,1.590818571367245,0.0656629457426737,0.1104080885400361,-7.600854708680853,-7.934263474250777,0.22569236217820646,-0.2651730006157434,2.7080502011022096,2.7080502011022096,0,1,0,0,0,0,0,0,0,0,0.0
20312_2009,0.05326480858383874,0.03226521374841836,0.5005705169800782,0.6093983541409815,0.0590671231974692,0.1288250197173031,1.590818571367245,1.0598206627428346,0.1104080885400361,0.12852755185165618,-7.934263474250777,-7.993959903412672,-0.2651730006157434,-0.07550227809187537,2.7080502011022096,2.7080502011022096,0,1,0,0,0,0,0,0,0,0,0.0
20312_2010,0.03226521374841836,-0.0011549036197152438,0.6093983541409815,0.4616225087803118,0.1288250197173031,0.12736578397424858,1.0598206627428346,1.5815524937395251,0.12852755185165618,0.1348179267234093,-7.993959903412672,-7.74862021533541,-0.07550227809187537,0.3544719077571087,2.7080502011022096,2.7080502011022096,0,1,0,0,0,0,0,0,0,0,0.0
20315_2008,0.019365078914899737,0.03560811555032425,0.4113877148264592,0.436859310612741,0.055830877630045024,0.081355017069813,6.121830769170086,4.429218306443002,0.05004448916560405,0.059571674689266926,-5.199596318627295,-5.246116648093164,0.1577497806573216,-0.04069551049766643,2.7080502011022096,2.7080502011022096,0,1,0,0,0,0,0,0,0,0,0.0
20315_2009,0.03560811555032425,0.03148620972654386,0.436859310612741,0.6489670764483345,0.081355017069813,0.0386389527295424,4.429218306443002,16.418810520995933,0.059571674689266926,0.1050135440721278,-5.246116648093164,-5.564802210998142,-0.04069551049766643,-0.247305609527492,2.7080502011022096,2.7080502011022096,0,1,0,0,0,0,0,0,0,0,0.0
20315_2010,0.03148620972654386,0.013233526213121028,0.6489670764483345,0.6034568645416196,0.0386389527295424,0.1132011163794644,16.418810520995933,6.7242573759600095,0.1050135440721278,0.12883338177569362,-5.564802210998142,-5.531062384383632,-0.247305609527492,-0.050330918784467084,2.7080502011022096,2.7080502011022096,0,1,0,0,0,0,0,0,0,0,0.0
20330_2008,0.040138425131754085,5.5992331965190114e-05,0.3753173745973255,0.3992767171342941,0.03729313294318906,0.01130163034713827,1.5202135280633529,1.7061406771180416,0.07625349422897762,0.07789303156034176,-9.16583198621892,-9.346658994074126,-0.3603777414339917,-0.2854918095799128,2.7080502011022096,2.7080502011022096,0,1,0,0,0,0,0,0,0,0,0.0
20330_2009,5.5992331965190114e-05,0.013899421082961707,0.3992767171342941,0.6124177181947726,0.01130163034713827,0.019968424943433663,1.7061406771180416,0.7715517679384782,0.07789303156034176,0.12022508096570958,-9.346658994074126,-9.100674144683753,-0.2854918095799128,0.2501818380920213,2.7080502011022096,2.7080502011022096,0,1,0,0,0,0,0,0,0,0,0.0
20330_2010,0.013899421082961707,0.02012296964730864,0.6124177181947726,0.5817729776311654,0.019968424943433663,0.010065261184779177,0.7715517679384782,0.9607140487601212,0.12022508096570958,0.1545852661227285,-9.100674144683753,-9.269704543791452,0.2501818380920213,-0.061589151298087515,2.7080502011022096,2.7080502011022096,0,1,0,0,0,0,0,0,0,0,0.0
20331_2008,0.02353187804875152,0.03179471394156352,0.2313695820263367,0.22924502754171205,0.05957944896507245,0.032675860748258116,3.65384143065686,3.5571842093063166,0.06371391618853364,0.06721940925503928,-5.504945635261179,-5.5022435245548,0.03897621357437653,-0.09909720405830952,2.7080502011022096,2.7080502011022096,0,0,0,0,1,0,0,0,0,0,0.0
20331_2009,0.03179471394156352,0.08286121496618512,0.22924502754171205,0.2733772617266306,0.032675860748258116,0.1305218108815552,3.5571842093063166,2.9460576927694357,0.06721940925503928,0.06801847048923085,-5.5022435245548,-5.139299345368722,-0.09909720405830952,0.4301469563269938,2.7080502011022096,2.7080502011022096,0,0,0,0,1,0,0,0,0,0,0.0
20331_2010,0.08286121496618512,0.1776425804391486,0.2733772617266306,0.2726485886910414,0.1305218108815552,0.14308882969336909,2.9460576927694357,2.446972416893063,0.06801847048923085,0.0987911717090549,-5.139299345368722,-5.29065258224782,0.4301469563269938,-0.13172796174159998,2.7080502011022096,2.7080502011022096,0,0,0,0,1,0,0,0,0,0,0.0
20342_2008,0.03065894093207977,0.04802325194194676,0.2684836324284697,0.4285010494034625,0.02503788624454149,0.04752574990286392,2.4962325564221715,1.2514296367596254,0.13052338785103645,0.16515775813206082,-9.135515756028001,-9.861202948049536,-0.04636826419304936,-1.2930930849586644,2.7080502011022096,2.7080502011022096,0,0,1,0,0,0,0,0,0,0,0.0
20342_2009,0.04802325194194676,-0.1620285441570285,0.4285010494034625,0.758613611210053,0.04752574990286392,0.10567766318351954,1.2514296367596254,0.5299654573790161,0.16515775813206082,0.2800079892078332,-9.861202948049536,-9.994399440121773,-1.2930930849586644,-0.2875920831434298,2.7080502011022096,2.136530508663963,0,0,1,0,0,0,0,0,0,0,0.0
20342_2010,-0.1620285441570285,0.008229739680339588,0.758613611210053,0.5448286914713909,0.10567766318351954,0.10900766665222854,0.5299654573790161,1.2676268032114135,0.2800079892078332,0.27969932530342906,-9.994399440121773,-10.063106903067679,-0.2875920831434298,0.4473712561258246,2.136530508663963,2.28949985344539,0,0,1,0,0,0,0,0,0,0,0.0
20344_2008,0.02444698822142647,0.028155835891137126,0.4707734064895306,0.6238435072402757,0.051742169245349225,0.08360971338998963,1.4680568494156705,0.8047443893981571,0.05997498388843009,0.07707462576755274,-8.377095819308636,-9.05748302956063,-0.2691630974104349,-0.7104086574529154,2.7080502011022096,2.7080502011022096,0,0,1,0,0,0,0,0,0,0,0.0
20344_2009,0.028155835891137126,-0.2752316166077013,0.6238435072402757,0.8709905491937662,0.08360971338998963,0.11088191634684072,0.8047443893981571,0.5324005965837173,0.07707462576755274,0.4245454208152651,-9.05748302956063,-9.96509274635367,-0.7104086574529154,-1.0825516883420772,2.7080502011022096,1.43746264769429,0,0,1,0,0,0,0,0,0,0,0.0
20344_2010,-0.2752316166077013,-0.1618924369746971,0.8709905491937662,0.6901831955705654,0.11088191634684072,0.14543254403083505,0.5324005965837173,3.7213941032854057,0.4245454208152651,0.2969988434435321,-9.96509274635367,-9.087707820986784,-1.0825516883420772,1.2232421426374396,1.43746264769429,2.5423890852013633,0,0,1,0,0,0,0,0,0,0,0.0
20345_2008,0.055950475093449116,0.0558148996295487,0.2341724156250751,0.20618255415935965,0.017645893037959763,0.033236497424145264,2.058693261159924,1.922826554253277,0.1598406219997017,0.16296878707897106,-9.83741850619368,-9.743445400111725,0.3450944733960577,0.09525892045994387,2.7080502011022096,2.7080502011022096,1,0,0,0,0,0,0,0,0,0,0.0
20345_2009,0.0558148996295487,0.03728121883204199,0.20618255415935965,0.4768551605253287,0.033236497424145264,0.03766505880367439,1.922826554253277,0.7617782430855353,0.16296878707897106,0.2239150327254161,-9.743445400111725,-10.3228583446757,0.09525892045994387,-0.3896762208348792,2.7080502011022096,2.543175557911976,1,0,0,0,0,0,0,0,0,0,0.0
20345_2010,0.03728121883204199,-0.01879852545309696,0.4768551605253287,0.4292149930526858,0.03766505880367439,0.018643329208967788,0.7617782430855353,1.092465543389623,0.2239150327254161,0.13835622329043312,-10.3228583446757,-10.183728477388255,-0.3896762208348792,0.09271738423627897,2.543175557911976,2.7080502011022096,1,0,0,0,0,0,0,0,0,0,0.0
20357_2008,0.0226253620772933,0.022149708381111147,0.7457358518792023,0.7015795972158766,0.0384729100604364,0.052424287370181455,2.4985428462789847,2.60106568202224,0.10991418475385993,0.345579614462435,-6.849336170265076,-6.754475165092758,-0.02622891377430137,-0.918824327985361,2.7080502011022096,2.7080502011022096,0,0,0,0,1,0,0,0,0,0,0.0
20357_2009,0.022149708381111147,0.006890862514771284,0.7015795972158766,0.8922251025975093,0.052424287370181455,0.054560527856682216,2.60106568202224,1.237826798256757,0.345579614462435,0.2587308444282389,-6.754475165092758,-7.447123120242639,-0.918824327985361,-0.6511344664215124,2.7080502011022096,2.7080502011022096,0,0,0,0,1,0,0,0,0,0,0.0
20357_2010,0.006890862514771284,0.02755144796994541,0.8922251025975093,0.7953100003858896,0.054560527856682216,0.043527902053899926,1.237826798256757,1.6556048761021378,0.2587308444282389,0.07989251687051821,-7.447123120242639,-6.936721696478826,-0.6511344664215124,0.4121680201543793,2.7080502011022096,2.7080502011022096,0,0,0,0,1,0,0,0,0,0,0.0
20361_2008,-0.004495266605757829,-0.013626559841261454,0.7739755651886553,0.7497166891067746,0.02563516902202437,0.024438243471182515,1.5615887346831885,1.6949127723230304,0.0484170197951796,0.034699194383464936,-8.139357625380537,-8.098417625729484,0.038300129154169776,0.023542117411615344,2.7080502011022096,2.7080502011022096,0,0,0,0,0,0,0,0,1,0,0.0
20361_2009,-0.013626559841261454,0.020850848045691716,0.7497166891067746,0.8409147016827468,0.024438243471182515,0.01723670105110515,1.6949127723230304,0.9359310537038418,0.034699194383464936,0.07668810399440043,-8.098417625729484,-8.141280659271196,0.023542117411615344,-0.018017795748184462,2.7080502011022096,2.31352503303238,0,0,0,0,0,0,0,0,1,0,0.0
20361_2010,0.020850848045691716,0.014414379029180873,0.8409147016827468,0.7753551130194322,0.01723670105110515,0.0076792761640177565,0.9359310537038418,1.322460952741762,0.07668810399440043,0.062027807970183785,-8.141280659271196,-7.9233468463574175,-0.018017795748184462,-0.009439564888888363,2.31352503303238,2.7080502011022096,0,0,0,0,0,0,0,0,1,0,0.0
20363_2008,0.0181309079667928,0.015385326700433943,0.821127221817385,0.8343873065551438,0.12097635613582955,0.13787132951528702,1.105905546487386,0.9113921263341448,0.02435186336071024,0.07138474278827385,-7.060693160204457,-7.2476148173181025,0.13802674235664014,-0.20387596761205176,2.7080502011022096,2.7080502011022096,0,0,0,0,0,1,0,0,0,0,0.0
20363_2009,0.015385326700433943,-0.0061278334174349434,0.8343873065551438,0.9093581824916585,0.13787132951528702,0.12966823422110665,0.9113921263341448,0.8031769712640967,0.07138474278827385,0.19083331146038165,-7.2476148173181025,-7.481761223586306,-0.20387596761205176,-0.3061437464926257,2.7080502011022096,2.7080502011022096,0,0,0,0,0,1,0,0,0,0,0.0
20363_2010,-0.0061278334174349434,0.008291669179893364,0.9093581824916585,0.8722281880023386,0.12966823422110665,0.10848432086915374,0.8031769712640967,0.6913147461138005,0.19083331146038165,0.22151012059060274,-7.481761223586306,-7.33796011204553,-0.3061437464926257,0.4277698489559951,2.7080502011022096,2.7080502011022096,0,0,0,0,0,1,0,0,0,0,0.0
20370_2008,0.042027301416228624,0.03842850572248342,0.5164545787774415,0.4840380945343945,0.028873718530233405,0.020537390034321232,1.5774129423853884,1.8665270672119976,0.2220761724623147,0.06456752197344676,-6.7447086571557024,-6.545241420914557,-0.5463450166800046,0.16154065125804531,2.7080502011022096,2.7080502011022096,0,1,0,0,0,0,0,0,0,0,0.0
20370_2009,0.03842850572248342,0.0441756447974204,0.4840380945343945,0.5896234963840309,0.020537390034321232,0.024110516757566442,1.8665270672119976,1.4898395884578914,0.06456752197344676,0.1286247412077935,-6.545241420914557,-6.418403479460666,0.16154065125804531,0.019783098313739863,2.7080502011022096,2.7080502011022096,0,1,0,0,0,0,0,0,0,0,0.0
20370_2010,0.0441756447974204,0.03092212730900718,0.5896234963840309,0.4878824530976689,0.024110516757566442,0.029257915596196032,1.4898395884578914,1.9331563015743285,0.1286247412077935,0.0943271772053112,-6.418403479460666,-6.256781253191247,0.019783098313739863,0.21874600873836791,2.7080502011022096,2.7080502011022096,0,1,0,0,0,0,0,0,0,0,0.0
20371_2008,0.031374512775742575,0.045363747204038685,0.2707489363434644,0.3917380570277927,0.05008874771777228,0.0943763020298724,1.6379790810775343,1.0455418153208953,0.05530467892977112,0.06442800945946464,-10.027653008085222,-10.513579133221127,0.1382177225327531,-0.4622478106200066,2.7080502011022096,2.295560478057081,0,0,0,0,0,0,1,0,0,0,0.0
20371_2009,0.045363747204038685,0.07527388981339199,0.3917380570277927,0.5321435326943725,0.0943763020298724,0.11240457587472588,1.0455418153208953,0.6930167573692008,0.06442800945946464,0.20990580210550844,-10.513579133221127,-10.65187180553342,-0.4622478106200066,-0.23408415036583316,2.295560478057081,1.7065646231648233,0,0,0,0,0,0,1,0,0,0,0.0
20371_2010,0.07527388981339199,-0.07002517410150297,0.5321435326943725,0.32946381693342386,0.11240457587472588,0.10522696279740393,0.6930167573692008,1.2770593129619734,0.20990580210550844,0.2332350070389909,-10.65187180553342,-10.323772920639046,-0.23408415036583316,0.3300951703491639,1.7065646231648233,2.263844264677615,0,0,0,0,0,0,1,0,0,0,0.0
20374_2008,0.024244377150379824,0.03500299994703422,0.3498904429657089,0.3706519219197577,0.052345814301956436,0.042329209238273935,1.8205221663849291,1.7345967344746829,0.06764373366381894,0.06837525175557997,-8.424650469285629,-8.684569169454967,0.00015096973600348118,-0.31107834349122243,2.7080502011022096,2.7080502011022096,1,0,0,0,0,0,0,0,0,0,0.0
20374_2009,0.03500299994703422,0.024065807334519317,0.3706519219197577,0.4194726185400517,0.042329209238273935,0.036378545970785006,1.7345967344746829,1.5270173979459387,0.06837525175557997,0.15712905108367733,-8.684569169454967,-8.967549200560182,-0.31107834349122243,-0.2417412807240313,2.7080502011022096,2.7080502011022096,1,0,0,0,0,0,0,0,0,0,0.0
20374_2010,0.024065807334519317,-0.026116824967413323,0.4194726185400517,0.4880793653001009,0.036378545970785006,0.10344976123455928,1.5270173979459387,1.2640320072601243,0.15712905108367733,0.1953102297799404,-8.967549200560182,-8.66453177546232,-0.2417412807240313,0.37794261090890535,2.7080502011022096,2.7080502011022096,1,0,0,0,0,0,0,0,0,0,0.0
20376_2008,0.007600922988644847,-0.010193774017349196,0.5257418378460698,0.6217410913272478,0.04757715480727785,0.016866542002832628,0.7872145986805088,0.6637776984800288,0.15424310371076252,0.10853154268972216,-12.709574542048152,-12.723798852333706,-0.2316366738967096,-0.1296015397387927,2.0980179272527715,2.1065702090680887,0,0,0,1,0,0,0,0,0,0,0.0
20376_2009,-0.010193774017349196,-0.1708311782506079,0.6217410913272478,0.8793926531000494,0.016866542002832628,0.018518848799395984,0.6637776984800288,0.2741756957105228,0.10853154268972216,0.16031870395488754,-12.723798852333706,-13.754600461825893,-0.1296015397387927,-1.132337134910515,2.1065702090680887,0.5822156198526637,0,0,0,1,0,0,0,0,0,0,0.0
20376_2010,-0.1708311782506079,0.031683865706367866,0.8793926531000494,0.6529598875016703,0.018518848799395984,0.023378871345021937,0.2741756957105228,0.8035868946305601,0.16031870395488754,0.2256141356562071,-13.754600461825893,-13.30057997528874,-1.132337134910515,0.29109065004074164,0.5822156198526637,1.2809338454620642,0,0,0,1,0,0,0,0,0,0,1.0
20378_2008,0.0,0.0,0.0,0.0,0.0,0.0,0.0,0.0,0.0,0.0,0.0,0.0,0.0,0.0,0.0,0.0,0,0,0,0,0,1,0,0,0,0,0.0
20378_2009,0.0,-0.022863036432803657,0.0,0.968427886308348,0.0,0.025511410339172258,0.0,0.21518386320893146,0.0,0.2596891923191448,0.0,-11.499975438247352,0.0,-1.6547122068458489,0.0,1.2809338454620642,0,0,0,0,0,1,0,0,0,0,0.0
20378_2010,-0.022863036432803657,0.0,0.968427886308348,0.0,0.025511410339172258,0.0,0.21518386320893146,0.0,0.2596891923191448,0.0,-11.499975438247352,0.0,-1.6547122068458489,0.0,1.2809338454620642,0.0,0,0,0,0,0,1,0,0,0,0,0.0
20384_2008,0.03674326149689937,0.044691988987140316,0.2926989316632897,0.2695125799575793,0.03151478172775833,0.0037156103256287625,4.809729213474349,5.449677651338724,0.031951504727871095,0.03121563920584948,-6.73530073873366,-6.8446488885266135,0.15684477667790125,-0.09111621851407413,2.7080502011022096,2.7080502011022096,0,0,0,1,0,0,0,0,0,0,0.0
20384_2009,0.044691988987140316,0.06433876319358844,0.2695125799575793,0.2847473502370317,0.0037156103256287625,0.004473338900155076,5.449677651338724,5.219495366997028,0.03121563920584948,0.0742024832901551,-6.8446488885266135,-6.590466513110354,-0.09111621851407413,0.36984539106196734,2.7080502011022096,2.7080502011022096,0,0,0,1,0,0,0,0,0,0,0.0
20384_2010,0.06433876319358844,0.046082689626198006,0.2847473502370317,0.3335986009896508,0.004473338900155076,0.003193229851815351,5.219495366997028,6.18965425997468,0.0742024832901551,0.06328305428611479,-6.590466513110354,-6.7528502057669035,0.36984539106196734,-0.18969049143006173,2.7080502011022096,2.7080502011022096,0,0,0,1,0,0,0,0,0,0,0.0
20392_2008,0.06443246576085196,0.06924614389082617,0.2794928365636596,0.2793451556295339,0.043025576691763365,0.02839857137219129,2.214430984208432,1.8224182283035344,0.04875386532914937,0.21887400347211436,-8.567263143219781,-8.631170075039256,0.018036625811723314,-0.8051064226285781,2.7080502011022096,2.7080502011022096,0,1,0,0,0,0,0,0,0,0,0.0
20392_2009,0.06924614389082617,0.024968307476741777,0.2793451556295339,0.4393169225925641,0.02839857137219129,0.019106572208904552,1.8224182283035344,1.12886545235124,0.21887400347211436,0.11602586392344635,-8.631170075039256,-8.735171093993499,-0.8051064226285781,-0.055218469127709724,2.7080502011022096,2.7080502011022096,0,1,0,0,0,0,0,0,0,0,0.0
20392_2010,0.024968307476741777,0.05214132824083957,0.4393169225925641,0.2507904134958777,0.019106572208904552,0.03472482648404461,1.12886545235124,1.5927259302550565,0.11602586392344635,0.09731860052562484,-8.735171093993499,-8.461605833874561,-0.055218469127709724,0.3103645204809651,2.7080502011022096,2.7080502011022096,0,1,0,0,0,0,0,0,0,0,0.0
20394_2008,0.04447691903561393,0.04842396873838669,0.24086622849387765,0.2859185994694277,0.02269708505415489,0.018963373139658908,1.9181632291368635,1.6502475828673435,0.07407650437613543,0.055877489740155,-6.032920271078572,-6.1388309023959495,-0.1588085138064201,-0.16444999800492308,2.7080502011022096,2.7080502011022096,0,0,1,0,0,0,0,0,0,0,0.0
20394_2009,0.04842396873838669,0.07568129405268458,0.2859185994694277,0.4645467242667359,0.018963373139658908,0.021112807353753208,1.6502475828673435,0.8751532911815764,0.055877489740155,0.13662876324212875,-6.1388309023959495,-6.248341755747381,-0.16444999800492308,-0.1817351847528476,2.7080502011022096,2.7080502011022096,0,0,1,0,0,0,0,0,0,0,0.0
20394_2010,0.07568129405268458,0.04474148793192096,0.4645467242667359,0.3699296208896257,0.021112807353753208,0.013447441624230987,0.8751532911815764,1.1277431844590575,0.13662876324212875,0.1338559535931049,-6.248341755747381,-6.218243149782261,-0.1817351847528476,0.25843316631142105,2.7080502011022096,2.7080502011022096,0,0,1,0,0,0,0,0,0,0,0.0
20397_2008,0.019112023906430745,0.016645309589547803,0.5794524656184397,0.5841380768062142,0.011246304785570456,0.00845476042643698,1.4418979995978811,1.4245761388757523,0.019758474446973182,0.039796973961182334,-6.92783222421837,-6.9325153735371146,0.012904809444080692,0.0015797297312030026,2.7080502011022096,2.7080502011022096,0,0,0,0,0,0,0,0,1,0,0.0
20397_2009,0.016645309589547803,0.026259673367629098,0.5841380768062142,0.6671538943411985,0.00845476042643698,0.005694868923100287,1.4245761388757523,1.18601992708284,0.039796973961182334,0.04033262141103781,-6.9325153735371146,-6.618653441100798,0.0015797297312030026,0.29489448315707634,2.7080502011022096,2.7080502011022096,0,0,0,0,0,0,0,0,1,0,0.0
20397_2010,0.026259673367629098,0.02279309679297816,0.6671538943411985,0.6530207176302647,0.005694868923100287,0.021829584114807357,1.18601992708284,1.1933757235166724,0.04033262141103781,0.048601785087262435,-6.618653441100798,-6.7635567532796035,0.29489448315707634,-0.23923633786578574,2.7080502011022096,2.7080502011022096,0,0,0,0,0,0,0,0,1,0,0.0
20398_2008,0.05446876622586742,0.052086702902077585,0.2421519843166986,0.21962615044097855,0.12719665616295575,0.15440314438622033,2.6074853159743254,2.615761442918621,0.1249544460775846,0.20809939385676804,-8.488001797818654,-8.155654141255281,0.01901423741585032,-0.460244320166181,2.7080502011022096,2.7080502011022096,1,0,0,0,0,0,0,0,0,0,0.0
20398_2009,0.052086702902077585,0.09743277103712816,0.21962615044097855,0.3062974761087969,0.15440314438622033,0.143359849642674,2.615761442918621,2.0746868216925414,0.20809939385676804,0.17583028054611458,-8.155654141255281,-9.067789512962412,-0.460244320166181,-0.6769454286646217,2.7080502011022096,2.7080502011022096,1,0,0,0,0,0,0,0,0,0,0.0
20398_2010,0.09743277103712816,0.02666082614608852,0.3062974761087969,0.4900248713782116,0.143359849642674,0.1976463332875999,2.0746868216925414,1.4163070226062755,0.17583028054611458,0.16961816566392132,-9.067789512962412,-9.031744079496137,-0.6769454286646217,0.1939269015870938,2.7080502011022096,2.7080502011022096,1,0,0,0,0,0,0,0,0,0,0.0
20408_2008,0.04229474795873313,0.03827053219158779,0.5263824724748183,0.5106592418865664,0.006337635402354696,0.013153131227665165,3.908429855032472,3.6156550402413417,0.06752179974902861,0.043185781256028434,-5.765338585187283,-5.630693036362596,-0.2067979645519053,0.1074693054040643,2.7080502011022096,2.7080502011022096,0,1,0,0,0,0,0,0,0,0,0.0
20408_2009,0.03827053219158779,0.04040153418561958,0.5106592418865664,0.6947996198112273,0.013153131227665165,0.03165562996213713,3.6156550402413417,3.290772124943412,0.043185781256028434,0.14947181144924854,-5.630693036362596,-5.674653305775107,0.1074693054040643,-0.04303165909990203,2.7080502011022096,2.7080502011022096,0,1,0,0,0,0,0,0,0,0,0.0
20408_2010,0.04040153418561958,0.010365879191170206,0.6947996198112273,0.5876469032420044,0.03165562996213713,0.056867560702397436,3.290772124943412,3.115879600525468,0.14947181144924854,0.18357021605399373,-5.674653305775107,-5.633840048518282,-0.04303165909990203,0.3170430486341339,2.7080502011022096,2.7080502011022096,0,1,0,0,0,0,0,0,0,0,0.0
20409_2008,0.02426448597607186,-0.0013692756973656185,0.5825856566007018,0.6505129737881423,0.008377748093045012,0.0016772179049673276,2.8937135756994725,3.087912081399359,0.03515064786452149,0.05441002315449853,-9.043440559922137,-9.326351298604877,-0.1171783944196919,-0.31933143945814196,2.7080502011022096,2.7080502011022096,0,0,1,0,0,0,0,0,0,0,0.0
20409_2009,-0.0013692756973656185,0.002060374609035252,0.6505129737881423,0.7508115568600021,0.0016772179049673276,0.005009389581343506,3.087912081399359,4.1794586077816165,0.05441002315449853,0.117758888981376,-9.326351298604877,-9.33963870828808,-0.31933143945814196,-0.1381556403271132,2.7080502011022096,2.528125768907977,0,0,1,0,0,0,0,0,0,0,0.0
20409_2010,0.002060374609035252,0.013380558002768264,0.7508115568600021,0.7619832926007277,0.005009389581343506,0.0045048772434169715,4.1794586077816165,3.5386171832901465,0.117758888981376,0.18453442516781834,-9.33963870828808,-9.665209541360467,-0.1381556403271132,-0.2352494076300003,2.528125768907977,2.4344901638739844,0,0,1,0,0,0,0,0,0,0,0.0
20421_2008,0.04028381863954357,0.045152998751307016,0.461687462269336,0.514540421485333,0.002794404345736404,0.003712870098339901,1.4717952475702103,1.2808402227104891,0.04132835149256347,0.040520374895862576,-7.839890680721423,-7.941557266963587,0.1658439045102526,-0.09533975594821256,2.7080502011022096,2.7080502011022096,0,0,0,0,0,0,0,1,0,0,0.0
20421_2009,0.045152998751307016,0.04669996984240133,0.514540421485333,0.6500591825955132,0.003712870098339901,0.031070192276973267,1.2808402227104891,0.8781738544356931,0.040520374895862576,0.1237575819524284,-7.941557266963587,-7.961007638281907,-0.09533975594821256,0.12214905172240992,2.7080502011022096,2.7080502011022096,0,0,0,0,0,0,0,1,0,0,0.0
20421_2010,0.04669996984240133,0.02704650231462432,0.6500591825955132,0.5472699027939235,0.031070192276973267,0.00676180318323146,0.8781738544356931,1.1287391264789297,0.1237575819524284,0.051489815269419946,-7.961007638281907,-6.825992109859568,0.12214905172240992,-0.008369345490550628,2.7080502011022096,2.7080502011022096,0,0,0,0,0,0,0,1,0,0,0.0
20426_2008,0.11388764229985385,0.005025939283550679,0.4107729995676967,0.4908376190437256,0.057811721596640386,0.09462630513167827,2.085346342486951,2.0198398026532,0.19551996207136646,0.13523665840650778,-9.786227487112315,-9.781655843052544,-0.4867112527098696,0.12051390037204793,2.2364452904895007,2.242835088588272,0,0,1,0,0,0,0,0,0,0,1.0
20426_2009,0.005025939283550679,-0.3314705219572216,0.4908376190437256,0.9276155859280744,0.09462630513167827,0.08772352573225638,2.0198398026532,0.5279843794358008,0.13523665840650778,0.41423192884444415,-9.781655843052544,-12.102104795438342,0.12051390037204793,-2.4368805526753325,2.242835088588272,-0.579818495252942,0,0,1,0,0,0,0,0,0,0,1.0
20426_2010,-0.3314705219572216,0.0,0.9276155859280744,0.0,0.08772352573225638,0.0,0.5279843794358008,0.0,0.41423192884444415,0.0,-12.102104795438342,0.0,-2.4368805526753325,0.0,-0.579818495252942,0.0,0,0,1,0,0,0,0,0,0,0,1.0
20435_2008,0.03817037517384511,0.036621318191148666,0.2802818297152577,0.23352787693093935,0.02206076015950607,0.0028552447032863825,2.011767965943549,2.8994298480842144,0.14246065406091524,0.11341382622262802,-9.48059643924196,-9.172028447649684,-0.4679600575112129,0.4089260090484284,2.7080502011022096,2.7080502011022096,0,0,0,0,1,0,0,0,0,0,0.0
20435_2009,0.036621318191148666,0.055448389672328485,0.23352787693093935,0.3039811939100074,0.0028552447032863825,0.0028326563742654253,2.8994298480842144,2.1045619871095065,0.11341382622262802,0.09813734910535993,-9.172028447649684,-9.085426987570482,0.4089260090484284,0.1658222854057873,2.7080502011022096,2.7080502011022096,0,0,0,0,1,0,0,0,0,0,0.0
20435_2010,0.055448389672328485,0.05169852105262236,0.3039811939100074,0.2398462721522424,0.0028326563742654253,0.07876695411812311,2.1045619871095065,2.016767832901667,0.09813734910535993,0.05488005228288512,-9.085426987570482,-9.124160102973924,0.1658222854057873,-0.1182443836262303,2.7080502011022096,2.7080502011022096,0,0,0,0,1,0,0,0,0,0,0.0
20436_2008,0.0102956005103063,0.009688430003367629,0.8808212696345059,0.9073175288659788,0.13862636901453199,0.14030221248026814,1.3826018873477697,1.1702958787879572,0.04241378332710697,0.04960921705833903,-4.33036016857892,-4.474627539501227,0.08979066993303897,-0.17121712336278894,2.7080502011022096,2.7080502011022096,0,0,0,0,0,1,0,0,0,0,0.0
20436_2009,0.009688430003367629,0.0026365760313895423,0.9073175288659788,0.9446365059417436,0.14030221248026814,0.1731762407457678,1.1702958787879572,0.8834649186408272,0.04960921705833903,0.15112458487487976,-4.474627539501227,-4.200525664251799,-0.17121712336278894,0.012522472443303678,2.7080502011022096,2.7080502011022096,0,0,0,0,0,1,0,0,0,0,0.0
20436_2010,0.0026365760313895423,0.005774821079561228,0.9446365059417436,0.9191183170885828,0.1731762407457678,0.14025409586478685,0.8834649186408272,1.040170181047714,0.15112458487487976,0.12478064469464865,-4.200525664251799,-4.061099299467696,0.012522472443303678,0.1940148984192646,2.7080502011022096,2.7080502011022096,0,0,0,0,0,1,0,0,0,0,0.0
20439_2008,-0.032509752925877766,-0.014964553317738015,0.7233420026007803,0.9002868366961743,0.006403436182369863,0.009654550527572914,1.3809636208066562,0.3920950039121805,0.09641126452226696,0.06675658848597191,-10.538068378232248,-11.734801154655162,-0.011481950405119887,-1.2358581557810595,2.7080502011022096,1.6467336971777973,1,0,0,0,0,0,0,0,0,0,1.0
20439_2009,-0.014964553317738015,0.0,0.9002868366961743,0.0,0.009654550527572914,0.0,0.3920950039121805,0.0,0.06675658848597191,0.0,-11.734801154655162,0.0,-1.2358581557810595,0.0,1.6467336971777973,0.0,1,0,0,0,0,0,0,0,0,0,1.0
20439_2010,0.0,0.0,0.0,0.0,0.0,0.0,0.0,0.0,0.0,0.0,0.0,0.0,0.0,0.0,0.0,0.0,1,0,0,0,0,0,0,0,0,0,1.0
20440_2008,0.07697491902695976,0.07009904804937599,0.2851368747524515,0.26817537142776576,0.051409436525999615,0.03036074994176205,2.041624731031298,2.1948691197725445,0.036771590776346605,0.044629992216020535,-4.3746354251026665,-4.178974505499801,0.10870496724736996,0.2303590818740657,2.7080502011022096,2.7080502011022096,0,0,0,0,0,0,0,0,0,0,0.0
20440_2009,0.07009904804937599,0.10765131774619087,0.26817537142776576,0.3330978553537228,0.03036074994176205,0.04300474688285423,2.1948691197725445,1.5974079362410496,0.044629992216020535,0.08034308046949129,-4.178974505499801,-3.9559280676145487,0.2303590818740657,0.3020167043265881,2.7080502011022096,2.7080502011022096,0,0,0,0,0,0,0,0,0,0,0.0
20440_2010,0.10765131774619087,0.04625509012491252,0.3330978553537228,0.3179568629591907,0.04300474688285423,0.038926109423063834,1.5974079362410496,1.5743984053278717,0.08034308046949129,0.06414122226402734,-3.9559280676145487,-4.163118586614967,0.3020167043265881,-0.20891682910108866,2.7080502011022096,2.7080502011022096,0,0,0,0,0,0,0,0,0,0,0.0
20442_2008,0.046324802572039005,0.05569573512216136,0.16128965605590384,0.14647055203397133,0.2385252100319439,0.33166876203370754,0.8588129705694798,0.8070356571052356,0.05211769749162325,0.05598083434483793,-13.348994198811097,-13.404114140154574,-0.04318602611536885,-0.1255325979249631,2.7080502011022096,2.7080502011022096,0,1,0,0,0,0,0,0,0,0,0.0
20442_2009,0.05569573512216136,-0.0585841801410281,0.14647055203397133,0.17752781860917605,0.33166876203370754,0.5361340121997117,0.8070356571052356,0.5318756649995661,0.05598083434483793,0.10455106066889176,-13.404114140154574,-13.426779098022315,-0.1255325979249631,-0.17533556090790509,2.7080502011022096,2.4840729690394228,0,1,0,0,0,0,0,0,0,0,0.0
20442_2010,-0.0585841801410281,-0.07928464609262027,0.17752781860917605,0.15232786642112936,0.5361340121997117,0.4325122665644967,0.5318756649995661,0.6718347771913533,0.10455106066889176,0.1010486317890218,-13.426779098022315,-13.492175168868025,-0.17533556090790509,-0.12418532863168205,2.4840729690394228,2.653241964607215,0,1,0,0,0,0,0,0,0,0,0.0
20448_2008,0.021923880186375845,0.018929912722240927,0.7126912337758842,0.6949243369836859,0.02017098594204221,0.006749600028012134,1130.947,1179.6958,0.09561925510853332,0.08311219006425738,-9.329625615584213,-9.298189422614557,0.16171918678559832,-0.03986208461773945,1.5195132049061133,1.5581446180465501,0,0,0,0,0,0,0,1,0,0,0.0
20448_2009,0.018929912722240927,0.03170764880274421,0.6949243369836859,0.8640797860864797,0.006749600028012134,0.002070577455929691,1179.6958,439.8123,0.08311219006425738,0.14739723472700436,-9.298189422614557,-9.77891935028523,-0.03986208461773945,-0.27810992313102284,1.5581446180465501,0.6575200029167941,0,0,0,0,0,0,0,1,0,0,0.0
20448_2010,0.03170764880274421,0.026273927748106225,0.8640797860864797,0.7972788186866743,0.002070577455929691,0.006744423417482625,439.8123,691.3248,0.14739723472700436,0.16779862507560406,-9.77891935028523,-9.559358785532162,-0.27810992313102284,0.6123744690392906,0.6575200029167941,1.2383742310432684,0,0,0,0,0,0,0,1,0,0,0.0
20450_2008,-0.05562910492349808,-0.13012400623579334,0.9413509493099749,0.9745107837842479,0.053947620643694606,0.060953610268890575,41.8552,17.0615,0.12068612893143983,0.7854611689159142,-12.633765674659331,-13.522182281806257,-0.6356593006873175,1.2454878329491408,-0.2231435513142097,1.1346227261911428,0,1,0,0,0,0,0,0,0,0,1.0
20450_2009,-0.13012400623579334,0.0,0.9745107837842479,0.0,0.060953610268890575,0.0,17.0615,0.0,0.7854611689159142,0.0,-13.522182281806257,0.0,1.2454878329491408,0.0,1.1346227261911428,0.0,0,1,0,0,0,0,0,0,0,0,1.0
20450_2010,0.0,0.0,0.0,0.0,0.0,0.0,0.0,0.0,0.0,0.0,0.0,0.0,0.0,0.0,0.0,0.0,0,1,0,0,0,0,0,0,0,0,1.0
20462_2008,0.09601547107123444,0.04460695916143675,0.32078285551039337,0.2741841089789645,0.12055923304445965,0.025954641793561897,2.279181804460185,2.9551322379251075,0.2583466168094784,0.11040280716363048,-8.760879841765508,-8.023418653068225,-0.9054465037754208,0.5950379103854595,2.7080502011022096,2.7080502011022096,1,0,0,0,0,0,0,0,0,0,0.0
20462_2009,0.04460695916143675,0.09798510295892024,0.2741841089789645,0.44777178399470896,0.025954641793561897,0.03400413615674045,2.9551322379251075,1.5577369848043283,0.11040280716363048,0.3077573736207634,-8.023418653068225,-7.901457264169105,0.5950379103854595,-0.961784685485472,2.7080502011022096,2.7080502011022096,1,0,0,0,0,0,0,0,0,0,0.0
20462_2010,0.09798510295892024,0.025200419513877886,0.44777178399470896,0.2583073717407386,0.03400413615674045,0.061766215941620725,1.5577369848043283,2.08717437987138,0.3077573736207634,0.19204661525587596,-7.901457264169105,-7.40522321667892,-0.961784685485472,0.39104165342675457,2.7080502011022096,2.7080502011022096,1,0,0,0,0,0,0,0,0,0,0.0
20463_2008,0.034162678257335,0.03887337781627148,0.29022887924925145,0.2711825458440495,0.014773050057225947,0.014121666192737341,11.795249700245085,8.592206057564447,0.033177909346916834,0.03486634310933807,-7.175501329685749,-7.262336844046898,-0.03564839056748372,-0.020797046517835684,2.7080502011022096,2.7080502011022096,0,0,0,1,0,0,0,0,0,0,0.0
20463_2009,0.03887337781627148,0.03752976452246395,0.2711825458440495,0.4133972760196788,0.014121666192737341,0.017421626047304302,8.592206057564447,18.592254338159552,0.03486634310933807,0.06088050551018191,-7.262336844046898,-6.926390054007977,-0.020797046517835684,0.32123658678740263,2.7080502011022096,2.7080502011022096,0,0,0,1,0,0,0,0,0,0,0.0
20463_2010,0.03752976452246395,0.04289071913606814,0.4133972760196788,0.3794670514254371,0.017421626047304302,0.01645342298329616,18.592254338159552,12.54270489007031,0.06088050551018191,0.05959680027502385,-6.926390054007977,-7.059681771763284,0.32123658678740263,-0.1008406650960106,2.7080502011022096,2.7080502011022096,0,0,0,1,0,0,0,0,0,0,0.0
20468_2008,0.04079387449459361,0.036598351783039135,0.1018642318826614,0.12952304166386716,0.020798451760038868,0.02636109337591249,4.234515293035266,4.209349348957185,0.021642571239089168,0.03671611930692014,-4.723478324920607,-4.5078957362256835,0.048567105842450775,0.2312549709593463,2.7080502011022096,2.7080502011022096,0,0,0,1,0,0,0,0,0,0,0.0
20468_2009,0.036598351783039135,0.046707007193216916,0.12952304166386716,0.15816197510718402,0.02636109337591249,0.04004721694765405,4.209349348957185,3.6227000974413546,0.03671611930692014,0.06436203945837342,-4.5078957362256835,-4.317075479276434,0.2312549709593463,0.15531234512951292,2.7080502011022096,2.7080502011022096,0,0,0,1,0,0,0,0,0,0,0.0
20468_2010,0.046707007193216916,0.04414085746073637,0.15816197510718402,0.1508771248932702,0.04004721694765405,0.05959403865559265,3.6227000974413546,3.7033871049647074,0.06436203945837342,0.06113649716154505,-4.317075479276434,-4.3196677812334,0.15531234512951292,-0.008311941678766588,2.7080502011022096,2.7080502011022096,0,0,0,1,0,0,0,0,0,0,0.0
20469_2008,-0.04011332832961383,0.022927062539022363,0.6562372059802705,0.5912666929894712,0.006457438681232673,0.0054818574284582295,1.9385338119412128,1.98436187058834,0.03753821322079711,0.03916181586313229,-7.1735916731587865,-6.926711950448934,-0.0711632708939629,0.22088143395201845,2.7080502011022096,2.7080502011022096,0,0,0,1,0,0,0,0,0,0,0.0
20469_2009,0.022927062539022363,-0.20469379645821872,0.5912666929894712,0.7266303680371633,0.0054818574284582295,0.03363425604069957,1.98436187058834,10.49917610000655,0.03916181586313229,0.17929416471357332,-6.926711950448934,-7.198678990960184,0.22088143395201845,-0.23005701186870514,2.7080502011022096,2.4874035299865875,0,0,0,1,0,0,0,0,0,0,0.0
20469_2010,-0.20469379645821872,0.02816939010334028,0.7266303680371633,0.5986091735503254,0.03363425604069957,0.03992269240363957,10.49917610000655,5.7398277600956655,0.17929416471357332,0.0990021595486608,-7.198678990960184,-6.864605177083873,-0.23005701186870514,0.33871639806623743,2.4874035299865875,2.7080502011022096,0,0,0,1,0,0,0,0,0,0,0.0
20470_2008,0.03450738997976123,0.0194823192702311,0.1068556138669706,0.13897697066785186,0.2886824894658878,0.4154290786679837,1.5769951246138767,1.2142311429452541,0.13424528672299418,0.06695137267851849,-10.233335901207862,-10.504940855879124,-0.4459576365957404,-0.28484770990748803,2.7080502011022096,2.7080502011022096,0,0,0,0,0,0,1,0,0,0,0.0
20470_2009,0.0194823192702311,-0.015903133177272457,0.13897697066785186,0.17130271875500352,0.4154290786679837,0.2582396520068393,1.2142311429452541,0.9939776706384476,0.06695137267851849,0.10139893380014543,-10.504940855879124,-10.228591460725132,-0.28484770990748803,0.2128230975372271,2.7080502011022096,2.4973291697865574,0,0,0,0,0,0,1,0,0,0,0.0
20470_2010,-0.015903133177272457,-0.0701831843900718,0.17130271875500352,0.1815598716032428,0.2582396520068393,0.2115511734529763,0.9939776706384476,1.2424934893865718,0.10139893380014543,0.1798535105904918,-10.228591460725132,-10.31634775662546,0.2128230975372271,0.038200403082624464,2.4973291697865574,2.6354795082673745,0,0,0,0,0,0,1,0,0,0,0.0
20473_2008,0.0329605779505589,0.036653800733947736,0.1854623091967572,0.16278177799186566,0.011921237554897723,0.00952104309383597,7.207809207071347,6.564524589863035,0.01937697057820064,0.036039939453937436,-5.938482851312144,-5.7801026856816975,0.06771054556586811,0.11531784331072882,2.7080502011022096,2.7080502011022096,0,0,0,1,0,0,0,0,0,0,0.0
20473_2009,0.036653800733947736,0.0462663895883887,0.16278177799186566,0.18759966675528952,0.00952104309383597,0.013405717114027809,6.564524589863035,6.644821174395922,0.036039939453937436,0.07397117829599514,-5.7801026856816975,-5.424849192314974,0.11531784331072882,0.3103320032013378,2.7080502011022096,2.7080502011022096,0,0,0,1,0,0,0,0,0,0,0.0
20473_2010,0.0462663895883887,0.04726376158790462,0.18759966675528952,0.16250399390132025,0.013405717114027809,0.01322395075418894,6.644821174395922,5.9423648823753945,0.07397117829599514,0.054643764549104884,-5.424849192314974,-5.4933045861172785,0.3103320032013378,-0.06315163561765552,2.7080502011022096,2.7080502011022096,0,0,0,1,0,0,0,0,0,0,0.0
20484_2008,0.08560311414908033,0.06647835021335277,0.3886176279087287,0.3593325863993081,0.043413047355267895,0.07841946899877468,1.8816008307800507,1.9728591454765372,0.2728302271341423,0.06715444410787143,-8.335371991532368,-8.226050107289266,-0.7118009016157321,0.06582298183513469,2.7080502011022096,2.7080502011022096,1,0,0,0,0,0,0,0,0,0,0.0
20484_2009,0.06647835021335277,0.0382406063554356,0.3593325863993081,0.5117648066374585,0.07841946899877468,0.036107390943524637,1.9728591454765372,1.6725616309600944,0.06715444410787143,0.19279856009634128,-8.226050107289266,-8.682248666251713,0.06582298183513469,-0.4507602654549851,2.7080502011022096,2.4740142086215764,1,0,0,0,0,0,0,0,0,0,0.0
20484_2010,0.0382406063554356,0.005121917240828451,0.5117648066374585,0.5307302969554755,0.036107390943524637,0.09986852219169996,1.6725616309600944,1.2160172526778148,0.19279856009634128,0.1181221985941066,-8.682248666251713,-8.634614326881763,-0.4507602654549851,0.011427866755580496,2.4740142086215764,2.7080502011022096,1,0,0,0,0,0,0,0,0,0,0.0
20493_2008,0.02305157170379365,0.0330520081055225,0.4757802624853982,0.6259004032175056,0.060927398555634824,0.04241654143398765,1.5340957594932574,1.1142503908296717,0.0702048925698732,0.050776832359314815,-7.2362814117796335,-7.309688610823317,-0.05370816987643125,-0.07565281395099721,2.7080502011022096,2.7080502011022096,0,0,0,0,0,0,1,0,0,0,0.0
20493_2009,0.0330520081055225,0.07107701408625068,0.6259004032175056,0.6442820301247227,0.04241654143398765,0.14641788420045168,1.1142503908296717,1.011635037874855,0.050776832359314815,0.13748904858666422,-7.309688610823317,-7.296447132101017,-0.07565281395099721,0.23428552279627224,2.7080502011022096,2.7080502011022096,0,0,0,0,0,0,1,0,0,0,0.0
20493_2010,0.07107701408625068,0.04455779807687561,0.6442820301247227,0.5424925550436741,0.14641788420045168,0.15183465097432278,1.011635037874855,1.263311735101636,0.13748904858666422,0.05518938584278121,-7.296447132101017,-7.031885830432758,0.23428552279627224,0.1490263246267185,2.7080502011022096,2.7080502011022096,0,0,0,0,0,0,1,0,0,0,0.0
20495_2008,0.038729681638319226,0.04707943632447552,0.3673697214884567,0.4221820374719328,0.04205761792348476,0.0071281888868671844,2.3242312346625384,1.9209314416645984,0.0391023903551241,0.0469557807856856,-6.8300560449713865,-7.012189586127447,0.15922388993149372,-0.09458296171481873,2.7080502011022096,2.7080502011022096,0,0,0,1,0,0,0,0,0,0,0.0
20495_2009,0.04707943632447552,0.06718486541973277,0.4221820374719328,0.4362072149349045,0.0071281888868671844,0.016700081020113458,1.9209314416645984,1.6194567920146663,0.0469557807856856,0.10527295990270072,-7.012189586127447,-6.9701000652169345,-0.09458296171481873,0.15644333885323594,2.7080502011022096,2.7080502011022096,0,0,0,1,0,0,0,0,0,0,0.0
20495_2010,0.06718486541973277,0.041466730239083406,0.4362072149349045,0.3890205468048262,0.016700081020113458,0.05445864875157661,1.6194567920146663,1.94405496102882,0.10527295990270072,0.05802163671805082,-6.9701000652169345,-6.879750432942938,0.15644333885323594,0.0018912910726658907,2.7080502011022096,2.7080502011022096,0,0,0,1,0,0,0,0,0,0,0.0
20499_2008,0.024272388192951168,0.029102688598324825,0.5984052281633857,0.5885863967476098,0.0036343682855755756,0.006532624781113338,1.4661331457446387,1.3991873765147442,0.02905256310576412,0.03807002911902999,-6.938468779935647,-6.87746706246358,-0.08273311275531678,-0.005231282492425807,2.7080502011022096,2.7080502011022096,0,0,0,0,0,0,0,0,1,0,0.0
20499_2009,0.029102688598324825,0.0352480824729202,0.5885863967476098,0.6888123622939261,0.006532624781113338,0.002161025768845149,1.3991873765147442,1.0880350601409836,0.03807002911902999,0.051191306717314165,-6.87746706246358,-6.602718631809579,-0.005231282492425807,0.3076015490803786,2.7080502011022096,2.7080502011022096,0,0,0,0,0,0,0,0,1,0,0.0
20499_2010,0.0352480824729202,0.024293536697928463,0.6888123622939261,0.647026152030948,0.002161025768845149,0.007185801526122186,1.0880350601409836,1.2161854791954014,0.051191306717314165,0.060885894540664565,-6.602718631809579,-6.657712149947478,0.3076015490803786,-0.18797917477693715,2.7080502011022096,2.7080502011022096,0,0,0,0,0,0,0,0,1,0,0.0
20505_2008,0.036126735190725255,0.07071978099588586,0.17207066843153584,0.3594114041286863,0.08202948811813537,0.01657124584697962,2.185057272418136,1.9986254015134368,0.05889863014714725,0.14544225604129754,-8.531530756779347,-9.093946224546274,0.43396545110754,-0.500405337456597,2.7080502011022096,2.7080502011022096,0,0,1,0,0,0,0,0,0,0,0.0
20505_2009,0.07071978099588586,0.0865340131940859,0.3594114041286863,0.3754999572317658,0.01657124584697962,0.019855538155146246,1.9986254015134368,1.3557050211075792,0.14544225604129754,0.1680062317200517,-9.093946224546274,-8.794656806380631,-0.500405337456597,0.23949527468775197,2.7080502011022096,2.673458756332591,0,0,1,0,0,0,0,0,0,0,0.0
20505_2010,0.0865340131940859,0.06689033662328471,0.3754999572317658,0.22302932580199866,0.019855538155146246,0.09472022059866766,1.3557050211075792,2.0523642094540158,0.1680062317200517,0.15718596901355486,-8.794656806380631,-8.329459747522566,0.23949527468775197,0.4709308159833109,2.673458756332591,2.7080502011022096,0,0,1,0,0,0,0,0,0,0,0.0
20518_2008,-0.032666176812011484,0.04972267249072456,0.6348000402757055,0.5886470792244312,0.09222429240827916,0.211200554904526,1.3225352819368146,1.2182494305596865,0.09321070488435558,0.17179364904220396,-9.58270957294642,-9.42448167940076,-0.15215482447379178,0.01926535810939901,2.660259537265861,2.7080502011022096,0,0,1,0,0,0,0,0,0,0,0.0
20518_2009,0.04972267249072456,-0.10834533685877937,0.5886470792244312,0.8207784013388241,0.211200554904526,0.12231792447118063,1.2182494305596865,1.2056463131206985,0.17179364904220396,0.2030215279597105,-9.42448167940076,-9.982172989213096,0.01926535810939901,-0.5990405316735556,2.7080502011022096,1.8180767775454283,0,0,1,0,0,0,0,0,0,0,0.0
20518_2010,-0.10834533685877937,0.01816529885069491,0.8207784013388241,0.5741816316534833,0.12231792447118063,0.14982976546001436,1.2056463131206985,2.8956244719630924,0.2030215279597105,0.27225222922006703,-9.982172989213096,-9.009986228313908,-0.5990405316735556,1.160374067210395,1.8180767775454283,2.7080502011022096,0,0,1,0,0,0,0,0,0,0,0.0
20523_2008,0.052916618528233365,0.049665829816684576,0.16471188969381104,0.13104848955816353,0.0903433589643747,0.08122095703975023,3.098693425006469,3.0562416477305225,0.14024817043191745,0.05179631201751419,-6.075148131518347,-5.830065498677385,-0.3685047588677476,0.12379459521455025,2.7080502011022096,2.7080502011022096,0,0,0,0,0,0,1,0,0,0,0.0
20523_2009,0.049665829816684576,0.2562210490197607,0.13104848955816353,0.2809804731974359,0.08122095703975023,0.13724909150459316,3.0562416477305225,1.0868204554254828,0.05179631201751419,0.14756835625264708,-5.830065498677385,-6.273017971124166,0.12379459521455025,-0.5100484278131385,2.7080502011022096,2.254444717666111,0,0,0,0,0,0,1,0,0,0,0.0
20523_2010,0.2562210490197607,0.05626473341640414,0.2809804731974359,0.1597156277258484,0.13724909150459316,0.100396683182757,1.0868204554254828,1.7653188574710303,0.14756835625264708,0.09176081919920376,-6.273017971124166,-5.800268478040496,-0.5100484278131385,0.3504020485466657,2.254444717666111,2.7080502011022096,0,0,0,0,0,0,1,0,0,0,0.0
20531_2008,0.04459833045070401,-0.0136565112930183,0.4043060037955374,0.4346318015771253,0.037264166503588166,0.06207445390110353,2.1136100051227893,2.4477182521363847,0.0519638166134575,0.04340464773940658,-8.646977112813435,-8.515078021075897,-0.1234198857983606,0.08271041743850849,2.7080502011022096,2.7080502011022096,0,1,0,0,0,0,0,0,0,0,0.0
20531_2009,-0.0136565112930183,0.0445032796136073,0.4346318015771253,0.6679762555224099,0.06207445390110353,0.07633762223189687,2.4477182521363847,1.3179681161714605,0.04340464773940658,0.19428439430641506,-8.515078021075897,-8.937588007981862,0.08271041743850849,-0.4429588047532738,2.7080502011022096,2.7080502011022096,0,1,0,0,0,0,0,0,0,0,0.0
20531_2010,0.0445032796136073,0.03706595148047678,0.6679762555224099,0.5037520220944705,0.07633762223189687,0.10320791776307693,1.3179681161714605,1.8354209488497528,0.19428439430641506,0.1142564576009766,-8.937588007981862,-8.620384889118288,-0.4429588047532738,0.2673384039438035,2.7080502011022096,2.7080502011022096,0,1,0,0,0,0,0,0,0,0,0.0
20537_2008,0.030813985532644327,0.04916518951499816,0.6605561170493074,0.618382620396028,0.040586705863385884,0.04255396137945863,3403.9141,9.681100280567973,0.05598692313292316,0.04127327913493466,-8.224681660003995,-8.051851002188053,0.0066164492855768356,0.13335608659624662,2.7080502011022096,2.7080502011022096,1,0,0,0,0,0,0,0,0,0,0.0
20537_2009,0.04916518951499816,0.02307425155295839,0.618382620396028,0.6879394113443966,0.04255396137945863,0.06085068108656284,9.681100280567973,150.21916063129586,0.04127327913493466,0.12244503015891466,-8.051851002188053,-7.838996118974125,0.13335608659624662,0.17766762916652062,2.7080502011022096,2.7080502011022096,1,0,0,0,0,0,0,0,0,0,0.0
20537_2010,0.02307425155295839,0.032491109620130194,0.6879394113443966,0.5981671648328759,0.06085068108656284,0.044650956034849566,150.21916063129586,10.132458937545387,0.12244503015891466,0.05451804636308178,-7.838996118974125,-7.789712113237419,0.17766762916652062,0.013921028872899257,2.7080502011022096,2.7080502011022096,1,0,0,0,0,0,0,0,0,0,0.0
20541_2008,0.032278187606449266,0.031113821851111532,0.3002434540135137,0.15696371715077415,0.06855286237023789,0.07538888162322782,1.5243162746725756,2.464678621930024,0.08413040195943611,0.1432969086796448,-9.99667665968353,-9.416153414985123,-0.1318569364765107,0.6119593230737648,2.7080502011022096,2.7080502011022096,0,1,0,0,0,0,0,0,0,0,0.0
20541_2009,0.031113821851111532,0.040515957871934884,0.15696371715077415,0.27747945316319433,0.07538888162322782,0.12389391621901485,2.464678621930024,1.5810322292060577,0.1432969086796448,0.1482985929611942,-9.416153414985123,-9.287369358583552,0.6119593230737648,0.4070567547438588,2.7080502011022096,2.7080502011022096,0,1,0,0,0,0,0,0,0,0,0.0
20541_2010,0.040515957871934884,0.040045103417130384,0.27747945316319433,0.2412443135320319,0.12389391621901485,0.18136363047989976,1.5810322292060577,2.178760394216717,0.1482985929611942,0.11472686343459805,-9.287369358583552,-9.205971012407025,0.4070567547438588,0.02055200909789689,2.7080502011022096,2.7080502011022096,0,1,0,0,0,0,0,0,0,0,0.0
20543_2008,0.0691379971215386,0.04358299518915094,0.4263348661662429,0.2649775336736876,0.09041122700508894,0.04110601846662815,1.9044991569353515,2.8887237783278383,0.058251511998144836,0.15792436169117124,-7.6271414085421325,-6.896929137016582,0.08937884710042207,-0.0718822243748566,2.7080502011022096,2.7080502011022096,0,1,0,0,0,0,0,0,0,0,0.0
20543_2009,0.04358299518915094,0.07341911149066467,0.2649775336736876,0.4900117917900124,0.04110601846662815,0.04891365970835012,2.8887237783278383,1.5283443762107518,0.15792436169117124,0.34007283964379514,-6.896929137016582,-7.285320148334267,-0.0718822243748566,-0.17247446416111073,2.7080502011022096,2.7080502011022096,0,1,0,0,0,0,0,0,0,0,0.0
20543_2010,0.07341911149066467,0.030813450618349638,0.4900117917900124,0.3452834326299179,0.04891365970835012,0.08063332872091494,1.5283443762107518,2.1123853041592167,0.34007283964379514,0.1307451529252325,-7.285320148334267,-6.977989991767702,-0.17247446416111073,0.3516771129690127,2.7080502011022096,2.7080502011022096,0,1,0,0,0,0,0,0,0,0,0.0
20549_2008,0.023919272933605268,0.03673405013091515,0.4929837541874576,0.4423654098272064,0.046656289540263005,0.02846971694095724,3.1587302464994167,3.000540303072158,0.02755874197702265,0.04944714050387871,-8.307661715256264,-8.248510696724429,-0.024868344351418745,0.016293844960427958,2.7080502011022096,2.7080502011022096,0,0,0,0,0,0,0,0,1,0,0.0
20549_2009,0.03673405013091515,0.04591400905146333,0.4423654098272064,0.502631642646817,0.02846971694095724,0.015398563362862959,3.000540303072158,2.317419341674655,0.04944714050387871,0.06355820827235464,-8.248510696724429,-7.9944846862729255,0.016293844960427958,0.2251224767365708,2.7080502011022096,2.7080502011022096,0,0,0,0,0,0,0,0,1,0,0.0
20549_2010,0.04591400905146333,0.03948373542402154,0.502631642646817,0.4341142783045302,0.015398563362862959,0.01290847570169888,2.317419341674655,2.4907771532469507,0.06355820827235464,0.054961467528322185,-7.9944846862729255,-8.007470076925715,0.2251224767365708,-0.04925605868802985,2.7080502011022096,2.7080502011022096,0,0,0,0,0,0,0,0,1,0,0.0
20557_2008,0.03930249816790115,0.03775279277804715,0.21785669856374276,0.2311141840424727,0.011132267475030204,0.006589509028058388,2.7187119458884403,2.5439622757454727,0.0224241031251878,0.02593131273982102,-6.347192414478396,-6.138667763421081,0.14101213400460114,0.1525340555007144,2.7080502011022096,2.7080502011022096,0,0,0,0,1,0,0,0,0,0,0.0
20557_2009,0.03775279277804715,0.051259600746744884,0.2311141840424727,0.29883480752181,0.006589509028058388,0.015283140114160725,2.5439622757454727,1.6955219736784464,0.02593131273982102,0.07814992988336124,-6.138667763421081,-6.0729734717295365,0.1525340555007144,0.13943623770576702,2.7080502011022096,2.7080502011022096,0,0,0,0,1,0,0,0,0,0,0.0
20557_2010,0.051259600746744884,0.035728462887882194,0.29883480752181,0.24709988386506115,0.015283140114160725,0.05341785286488726,1.6955219736784464,1.882227050743169,0.07814992988336124,0.05247033916756201,-6.0729734717295365,-6.018501515237534,0.13943623770576702,-0.0006456927390798284,2.7080502011022096,2.7080502011022096,0,0,0,0,1,0,0,0,0,0,0.0
20561_2008,0.03742368800425348,0.038176295963978944,0.2916012948332861,0.3919870782149091,0.010916920827936159,0.03282973854396224,2.727053687417794,2.477617632132716,0.059318901614382975,0.06999125090794599,-5.559835827571278,-5.7357762498261655,-0.06388034201367268,-0.2217034163827415,2.7080502011022096,2.7080502011022096,0,0,1,0,0,0,0,0,0,0,0.0
20561_2009,0.038176295963978944,0.04109237077930497,0.3919870782149091,0.5641199265881641,0.03282973854396224,0.016574294085781094,2.477617632132716,1.5987607338820704,0.06999125090794599,0.10756358292172984,-5.7357762498261655,-5.710659090453372,-0.2217034163827415,-0.052906800445566386,2.7080502011022096,2.7080502011022096,0,0,1,0,0,0,0,0,0,0,0.0
20561_2010,0.04109237077930497,0.0369337297508136,0.5641199265881641,0.4332587767312081,0.016574294085781094,0.03265844270570334,1.5987607338820704,2.1654965093629284,0.10756358292172984,0.0970681506305192,-5.710659090453372,-5.608793441113567,-0.052906800445566386,0.14176567715807775,2.7080502011022096,2.7080502011022096,0,0,1,0,0,0,0,0,0,0,0.0
20566_2008,0.03636828566709952,0.027825082012508492,0.5846495005824691,0.4799150762061897,0.05319543496294666,0.0385155222060391,2.2295064721109847,3.4585184012528862,0.07110645922036711,0.19729620628070865,-6.377496918687383,-5.754011336018479,0.17625519499525116,-0.09104555405885176,2.7080502011022096,2.7080502011022096,0,1,0,0,0,0,0,0,0,0,0.0
20566_2009,0.027825082012508492,0.042338314241031946,0.4799150762061897,0.6641534301238731,0.0385155222060391,0.0561073412223808,3.4585184012528862,2.168907865032555,0.19729620628070865,0.12368123714412214,-5.754011336018479,-6.184553763550237,-0.09104555405885176,-0.40614709196463744,2.7080502011022096,2.7080502011022096,0,1,0,0,0,0,0,0,0,0,0.0
20566_2010,0.042338314241031946,0.015712530492674747,0.6641534301238731,0.6532149525563155,0.0561073412223808,0.08417851052841445,2.168907865032555,3.0773510907265207,0.12368123714412214,0.1300536702244116,-6.184553763550237,-6.073660342137178,-0.40614709196463744,0.1460615502089993,2.7080502011022096,2.7080502011022096,0,1,0,0,0,0,0,0,0,0,0.0
20569_2008,0.0,0.06046229251311298,0.0,0.8367951277714333,0.0,0.12400021032776147,0.0,0.4562572264423475,0.0,0.13762659830815135,0.0,-8.074413866214611,0.0,0.9991761970231252,0.0,2.700689846695917,0,1,0,0,0,0,0,0,0,0,0.0
20569_2009,0.06046229251311298,-0.171227031832986,0.8367951277714333,0.8471151294673842,0.12400021032776147,0.09396184127485983,0.4562572264423475,5.031662759727788,0.13762659830815135,0.2570687173663125,-8.074413866214611,-6.920468419792254,0.9991761970231252,0.036499284329156716,2.700689846695917,2.438862711286593,0,1,0,0,0,0,0,0,0,0,0.0
20569_2010,-0.171227031832986,-0.0236903253225376,0.8471151294673842,0.8291422348536321,0.09396184127485983,0.0976914708732937,5.031662759727788,8.018228326861898,0.2570687173663125,0.2414369698586656,-6.920468419792254,-7.020287348687859,0.036499284329156716,0.2036400022335937,2.438862711286593,2.431857428698185,0,1,0,0,0,0,0,0,0,0,0.0
20574_2008,0.016358604425317582,0.03879549582455585,0.6760297172901449,0.7133017373386155,0.011069448260087877,0.010507945830955913,1.4008127769916048,1.1988901509265284,0.040836607312165374,0.05307438332983352,-7.298107963202241,-7.4888413778974146,0.03225513328448959,-0.07034083361983566,2.7080502011022096,2.7080502011022096,0,0,0,0,0,0,0,0,1,0,0.0
20574_2009,0.03879549582455585,0.022407424648447825,0.7133017373386155,0.7613599671758315,0.010507945830955913,0.007058749156653893,1.1988901509265284,0.9728845327581598,0.05307438332983352,0.05995185913701286,-7.4888413778974146,-7.208047059642054,-0.07034083361983566,0.2419569961810463,2.7080502011022096,2.7080502011022096,0,0,0,0,0,0,0,0,1,0,0.0
20574_2010,0.022407424648447825,0.021204692805781838,0.7613599671758315,0.7126291403657395,0.007058749156653893,0.0054207485368164094,0.9728845327581598,1.1316251595897813,0.05995185913701286,0.09196505053422988,-7.208047059642054,-7.2304889074254195,0.2419569961810463,-0.06282757264839015,2.7080502011022096,2.7080502011022096,0,0,0,0,0,0,0,0,1,0,0.0
20582_2008,0.01943871444798673,0.011581236025215292,0.3134395283193592,0.4400802324459893,0.07937132546710794,0.09118015697655024,2.3733851962748584,1.6003872584577,0.0261923110711404,0.08750817088564826,-8.335949078106452,-8.817107924794154,0.07019130273903035,-0.4865836198712147,2.7080502011022096,2.7080502011022096,0,0,0,0,0,0,1,0,0,0,0.0
20582_2009,0.011581236025215292,0.02581956113245925,0.4400802324459893,0.4586847964485986,0.09118015697655024,0.10575314257546324,1.6003872584577,1.789771299779193,0.08750817088564826,0.1596538414525716,-8.817107924794154,-8.349663105839722,-0.4865836198712147,0.5033082677490792,2.7080502011022096,2.7080502011022096,0,0,0,0,0,0,1,0,0,0,0.0
20582_2010,0.02581956113245925,0.007723145215130812,0.4586847964485986,0.4400284687489187,0.10575314257546324,0.15011496287127465,1.789771299779193,1.6692831896019358,0.1596538414525716,0.11987084215591293,-8.349663105839722,-8.568351893547865,0.5033082677490792,-0.158584730490034,2.7080502011022096,2.7080502011022096,0,0,0,0,0,0,1,0,0,0,0.0
20584_2008,0.04407678165819068,0.012458197107165891,0.5061891250751842,0.6544181261171557,0.03480875398337055,0.02060384332866453,1.0570819854167215,0.6183246206932959,0.07691665550491647,0.09206433221295568,-8.472980725389583,-9.172589440534246,0.1952165327446453,-0.6204866464410995,2.7080502011022096,2.7080502011022096,0,0,1,0,0,0,0,0,0,0,0.0
20584_2009,0.012458197107165891,-0.08565858254651437,0.6544181261171557,0.8864619500038714,0.02060384332866453,0.034404500603161636,0.6183246206932959,0.15526323281578047,0.09206433221295568,0.2963388499691862,-9.172589440534246,-10.256973855213321,-0.6204866464410995,-1.1887287795702626,2.7080502011022096,1.3787660946990992,0,0,1,0,0,0,0,0,0,0,0.0
20584_2010,-0.08565858254651437,0.019442069817998724,0.8864619500038714,0.6531350738304168,0.034404500603161636,0.09693743214488973,0.15526323281578047,0.5567764170259885,0.2963388499691862,0.17525575124126655,-10.256973855213321,-8.949826494101076,-1.1887287795702626,1.1481925105245658,1.3787660946990992,2.7080502011022096,0,0,1,0,0,0,0,0,0,0,0.0
20585_2008,0.038691411660691184,0.0387994081589516,0.2597362831057575,0.21436547810675904,0.2731665259294663,0.24691543501942995,2.581114388494108,2.6640443159047567,0.11717037670065725,0.15469589389695573,-9.533836699561792,-9.247281606292155,-0.14806030196174708,-0.21539924983468384,2.7080502011022096,2.7080502011022096,0,0,0,0,0,0,1,0,0,0,0.0
20585_2009,0.0387994081589516,0.05107324578306653,0.21436547810675904,0.6714058095997261,0.24691543501942995,0.13562223593493916,2.6640443159047567,0.6962176774482337,0.15469589389695573,0.3010967289349503,-9.247281606292155,-10.351777316449404,-0.21539924983468384,-0.9200797528636548,2.7080502011022096,1.8017098000812233,0,0,0,0,0,0,1,0,0,0,0.0
20585_2010,0.05107324578306653,0.0051336438574034575,0.6714058095997261,0.3901473669422445,0.13562223593493916,0.3679940503575409,0.6962176774482337,1.8371128457079984,0.3010967289349503,0.13938765239727946,-10.351777316449404,-9.316789214317119,-0.9200797528636548,0.8506084515961926,1.8017098000812233,2.7080502011022096,0,0,0,0,0,0,1,0,0,0,0.0
20592_2008,0.0213664225139647,0.04497396174836936,0.5521597841072998,0.5180718756078305,0.00211215351499078,0.004981460342382986,2.011323289511563,2.4438099072011603,0.047416374141285536,0.19649089518819696,-6.061991062823862,-6.155417117526469,-0.0006507573777715798,-0.5756503036172217,2.7080502011022096,2.7080502011022096,0,0,0,0,0,0,0,0,1,0,0.0
20592_2009,0.04497396174836936,0.03518093759574499,0.5180718756078305,0.602865564343293,0.004981460342382986,0.0012544256517121387,2.4438099072011603,1.8724927796714548,0.19649089518819696,0.06839439633446047,-6.155417117526469,-5.931858530398142,-0.5756503036172217,0.2380697000005324,2.7080502011022096,2.7080502011022096,0,0,0,0,0,0,0,0,1,0,0.0
20592_2010,0.03518093759574499,0.023647186186956454,0.602865564343293,0.5716482180641719,0.0012544256517121387,0.0008819463379750658,1.8724927796714548,1.880419506415973,0.06839439633446047,0.06125306855282889,-5.931858530398142,-6.056996714361992,0.2380697000005324,-0.19566549685298512,2.7080502011022096,2.7080502011022096,0,0,0,0,0,0,0,0,1,0,0.0
20594_2008,0.0301491986454385,-0.002994953411631664,0.41476597267817306,0.5009595487750518,0.01590998650435771,0.02712607087958413,1.7319421168462557,1.8811723736975443,0.05128744358899509,0.07579660619482925,-7.409767176606391,-7.370746140312983,-0.01868451527130384,0.0001353055751279926,2.7080502011022096,2.7080502011022096,0,1,0,0,0,0,0,0,0,0,0.0
20594_2009,-0.002994953411631664,-0.01904606399397266,0.5009595487750518,0.7196985045178989,0.02712607087958413,0.03328798651711177,1.8811723736975443,1.1811558334330745,0.07579660619482925,0.1349965461722324,-7.370746140312983,-7.944652521023163,0.0001353055751279926,-0.5225366903739597,2.7080502011022096,2.60859812213055,0,1,0,0,0,0,0,0,0,0,0.0
20594_2010,-0.01904606399397266,-0.002444585149870531,0.7196985045178989,0.5897987013969684,0.03328798651711177,0.04470098559763256,1.1811558334330745,1.9258211407529149,0.1349965461722324,0.2208421810236021,-7.944652521023163,-7.682265702185737,-0.5225366903739597,0.5282520659828978,2.60859812213055,2.7080502011022096,0,1,0,0,0,0,0,0,0,0,0.0
20596_2008,0.04061699231541359,0.050592129880990114,0.27587152683855204,0.3155768666437665,0.02701253902922408,0.046102296463161815,2.260097634313932,2.0115825400607568,0.0463907400013363,0.038553265088823084,-7.148254196392591,-7.247769833999518,-0.03992116986288255,-0.09036309175035163,2.7080502011022096,2.7080502011022096,0,1,0,0,0,0,0,0,0,0,0.0
20596_2009,0.050592129880990114,0.0579390403444811,0.3155768666437665,0.3995542340586172,0.046102296463161815,0.08108578654573091,2.0115825400607568,1.5209144058466977,0.038553265088823084,0.12477029410026022,-7.247769833999518,-7.156621762519642,-0.09036309175035163,0.21818230419297832,2.7080502011022096,2.7080502011022096,0,1,0,0,0,0,0,0,0,0,0.0
20596_2010,0.0579390403444811,0.03079456346249642,0.3995542340586172,0.3281979859288687,0.08108578654573091,0.08105381239335906,1.5209144058466977,1.7462818051975766,0.12477029410026022,0.08845507475587383,-7.156621762519642,-7.155787331590857,0.21818230419297832,0.08948966710510038,2.7080502011022096,2.7080502011022096,0,1,0,0,0,0,0,0,0,0,0.0
20597_2008,0.056961723843111024,0.044369467609006126,0.4152974661826819,0.4302931604146012,0.04451090665506258,0.026695450376461257,1.9929090660371949,1.7521019190507985,0.05402791063650648,0.04261003504904971,-5.811112577608684,-5.845421521263013,-0.1634418117815616,-0.06935178147527891,2.7080502011022096,2.7080502011022096,1,0,0,0,0,0,0,0,0,0,0.0
20597_2009,0.044369467609006126,0.012769510245239415,0.4302931604146012,0.6923765192384218,0.026695450376461257,0.06175238115141686,1.7521019190507985,1.0290409882364004,0.04261003504904971,0.1230682274189005,-5.845421521263013,-6.333754401457945,-0.06935178147527891,-0.5200505089771947,2.7080502011022096,2.7080502011022096,1,0,0,0,0,0,0,0,0,0,0.0
20597_2010,0.012769510245239415,0.008460248407228655,0.6923765192384218,0.5850757899276818,0.06175238115141686,0.03715720210952586,1.0290409882364004,1.758009047461846,0.1230682274189005,0.2829360954312523,-6.333754401457945,-5.74987691700728,-0.5200505089771947,0.5720634667222874,2.7080502011022096,2.7080502011022096,1,0,0,0,0,0,0,0,0,0,0.0
20608_2008,0.0223012361923566,0.027892166652348692,0.5002874740671817,0.5266784855074161,0.029471628290704214,0.02073317721157919,1.5088744980941975,1.17711283201494,0.02474419837428121,0.1576326690220075,-5.721440282441923,-6.226369962216488,0.0531929555897471,0.007117194563199397,2.7080502011022096,2.7080502011022096,0,0,0,0,0,0,0,0,1,0,0.0
20608_2009,0.027892166652348692,0.02669608332000489,0.5266784855074161,0.6257703054878679,0.02073317721157919,0.020325872542470685,1.17711283201494,0.9179866674821112,0.1576326690220075,0.03744382954002602,-6.226369962216488,-6.024488143079773,0.007117194563199397,0.2030757271429112,2.7080502011022096,2.7080502011022096,0,0,0,0,0,0,0,0,1,0,0.0
20608_2010,0.02669608332000489,0.01863669862412622,0.6257703054878679,0.609446049704682,0.020325872542470685,0.026732827235723382,0.9179866674821112,1.0320738394530018,0.03744382954002602,0.049082366663052455,-6.024488143079773,-6.091678720019914,0.2030757271429112,-0.1692059365933075,2.7080502011022096,2.7080502011022096,0,0,0,0,0,0,0,0,1,0,0.0
20609_2008,0.02030196743822868,0.0,0.4552877825539124,0.0,0.0068104828191068905,0.0,2.721894998689061,0.0,0.05886624991993385,0.0,-7.741331148092143,0.0,0.014832388176672984,0.0,2.7080502011022096,0.0,0,0,0,0,0,0,0,0,0,1,0.0
20609_2009,0.0,0.01770377354575791,0.0,0.7473733200858905,0.0,0.003499258092678841,0.0,0.9101404931925856,0.0,0.2464725327474201,0.0,-8.483526602848565,0.0,-0.34594138600199026,0.0,2.394252281519869,0,0,0,0,0,0,0,0,0,1,0.0
20609_2010,0.01770377354575791,0.0,0.7473733200858905,0.0,0.003499258092678841,0.0,0.9101404931925856,0.0,0.2464725327474201,0.0,-8.483526602848565,0.0,-0.34594138600199026,0.0,2.394252281519869,0.0,0,0,0,0,0,0,0,0,0,1,0.0
20610_2008,0.03664910544657382,0.06114126343335222,0.06466945878177101,0.21773785361254527,0.02350423462451047,0.038436631752114515,9.273824866946336,46.67719125857154,0.08344287547071955,0.0940318151025848,-6.490350514705161,-7.240583049755945,-0.018256592676112186,-0.7123538346068118,2.7080502011022096,2.7080502011022096,0,0,0,0,0,1,0,0,0,0,0.0
20610_2009,0.06114126343335222,0.0610795998127622,0.21773785361254527,0.3694408137276294,0.038436631752114515,0.03376997105032525,46.67719125857154,4724.0631,0.0940318151025848,0.12333134607483233,-7.240583049755945,-7.396233200871862,-0.7123538346068118,-0.1286151025119288,2.7080502011022096,2.7080502011022096,0,0,0,0,0,1,0,0,0,0,0.0
20610_2010,0.0610795998127622,0.04493042021477277,0.3694408137276294,0.29052769727930433,0.03376997105032525,0.05408415507942423,4724.0631,71.16589885103447,0.12333134607483233,0.16873580984432887,-7.396233200871862,-7.356475593256822,-0.1286151025119288,-0.07261919236416914,2.7080502011022096,2.7080502011022096,0,0,0,0,0,1,0,0,0,0,0.0
20616_2008,0.03256129316335918,0.029701677073621324,0.2539357727586987,0.309918187201222,0.052023515972155265,0.04586498663158384,1.6174940569627536,1.77499100237815,0.06782031680785937,0.04907991035061923,-8.446026249835722,-8.336160325459192,-0.12771380997143178,0.06927476798173364,2.7080502011022096,2.7080502011022096,0,0,0,0,1,0,0,0,0,0,0.0
20616_2009,0.029701677073621324,0.04223697136500473,0.309918187201222,0.4556937815733548,0.04586498663158384,0.059845928226518665,1.77499100237815,1.0349266909940793,0.04907991035061923,0.12764876366644348,-8.336160325459192,-8.472061623106399,0.06927476798173364,-0.1588365462537445,2.7080502011022096,2.632608005935352,0,0,0,0,1,0,0,0,0,0,0.0
20616_2010,0.04223697136500473,0.022263642791699914,0.4556937815733548,0.3733066104076568,0.059845928226518665,0.046740411163308175,1.0349266909940793,1.4115331819115986,0.12764876366644348,0.06345200284400751,-8.472061623106399,-8.325865363959169,-0.1588365462537445,0.1928266490652536,2.632608005935352,2.7080502011022096,0,0,0,0,1,0,0,0,0,0,0.0
20622_2008,0.06206578369055912,0.06996302321320505,0.3154630484009017,0.2604961885038837,0.019926078809858555,0.05697811929177795,1.7872857017747834,1.4323725878078541,0.16568381181602618,0.14107081016109765,-11.691328399025206,-11.714047326062493,-0.10554532065730927,-0.1091010017081287,2.7080502011022096,2.7080502011022096,0,1,0,0,0,0,0,0,0,0,0.0
20622_2009,0.06996302321320505,0.047545672341189005,0.2604961885038837,0.4585914660531287,0.05697811929177795,0.0946480775928486,1.4323725878078541,0.8359828367585397,0.14107081016109765,0.1070986605696638,-11.714047326062493,-11.939763564741568,-0.1091010017081287,-0.2770034613117601,2.7080502011022096,2.151762203259462,0,1,0,0,0,0,0,0,0,0,0.0
20622_2010,0.047545672341189005,0.00895202543896032,0.4585914660531287,0.2961686022397345,0.0946480775928486,0.14471000967786532,0.8359828367585397,1.1963849794220551,0.1070986605696638,0.11715803178193908,-11.939763564741568,-11.72107533390077,-0.2770034613117601,-0.1034437510467768,2.151762203259462,2.5974910105351463,0,1,0,0,0,0,0,0,0,0,0.0
20642_2008,0.09345806407679692,-0.2062134683593175,0.4826029045844317,0.7269147730574559,0.02351858326808112,0.01975887278832627,1.21018726821949,0.5500733046066401,0.11414937981141855,0.14493822431912176,-9.231311083154084,-10.423649997168976,-0.3423238174322276,-1.1323686065046872,2.7080502011022096,2.6789646202071133,0,0,1,0,0,0,0,0,0,0,0.0
20642_2009,-0.2062134683593175,-0.24895583691365206,0.7269147730574559,0.6814065418500531,0.01975887278832627,0.17560666862407714,0.5500733046066401,0.7298982990686221,0.14493822431912176,0.22398027390762285,-10.423649997168976,-9.953089209401467,-1.1323686065046872,0.1440935321484325,2.6789646202071133,2.498973906999436,0,0,1,0,0,0,0,0,0,0,0.0
20642_2010,-0.24895583691365206,-0.04842593133713604,0.6814065418500531,0.5517959115444138,0.17560666862407714,0.1935980650613784,0.7298982990686221,1.2341337283755938,0.22398027390762285,0.19991023405749367,-9.953089209401467,-9.690047077490274,0.1440935321484325,0.2652504746340937,2.498973906999436,2.7080502011022096,0,0,1,0,0,0,0,0,0,0,0.0
20643_2008,0.04185303991695232,0.04054865404238616,0.2346038692797403,0.20344565794581107,0.0183745053293937,0.019135319885171,3.149614595950564,3.4704319588230623,0.20150326444197564,0.04547267861943072,-5.887715645513071,-5.662555995171022,-0.6684306171181784,0.2141046288678676,2.7080502011022096,2.7080502011022096,0,1,0,0,0,0,0,0,0,0,0.0
20643_2009,0.04054865404238616,0.05583733940392936,0.20344565794581107,0.2717556083178801,0.019135319885171,0.04113721066367432,3.4704319588230623,2.7722342503642605,0.04547267861943072,0.1011138967631407,-5.662555995171022,-5.637029841296669,0.2141046288678676,0.0930240784429775,2.7080502011022096,2.7080502011022096,0,1,0,0,0,0,0,0,0,0,0.0
20643_2010,0.05583733940392936,0.04185271602933631,0.2717556083178801,0.2684254530953432,0.04113721066367432,0.037871367172717316,2.7722342503642605,2.8129422351967888,0.1011138967631407,0.10583913581395844,-5.637029841296669,-5.735865498944523,0.0930240784429775,-0.032216839489260414,2.7080502011022096,2.7080502011022096,0,1,0,0,0,0,0,0,0,0,0.0
20653_2008,0.05062725170242211,0.07765350237497116,0.1969364920733746,0.2867415221584156,0.004359193663567606,0.0059089108221187965,1.8813515078031344,1.1550472781553447,0.03261695638819928,0.0678873091963292,-9.921216145125433,-10.235171247676162,0.13449701990008592,-0.35304359722024103,2.7080502011022096,2.7080502011022096,0,1,0,0,0,0,0,0,0,0,0.0
20653_2009,0.07765350237497116,-0.09237424763391068,0.2867415221584156,0.40699583825372976,0.0059089108221187965,0.02617758982936079,1.1550472781553447,0.7411079910945946,0.0678873091963292,0.13082509335959566,-10.235171247676162,-10.129802416347836,-0.35304359722024103,0.1516983987660861,2.7080502011022096,2.494031557565001,0,1,0,0,0,0,0,0,0,0,0.0
20653_2010,-0.09237424763391068,0.06831001875100896,0.40699583825372976,0.23174687069254554,0.02617758982936079,0.04086842938568715,0.7411079910945946,1.2314504094285097,0.13082509335959566,0.14949581045829688,-10.129802416347836,-10.038854103280725,0.1516983987660861,0.10906693390423816,2.494031557565001,2.7080502011022096,0,1,0,0,0,0,0,0,0,0,0.0
20659_2008,0.04563348250799625,0.0398649707510695,0.15834569066982307,0.31060177247817145,0.011271220816182679,0.011928792127932786,4.016287843931167,2.7245802282460163,0.060587025102747764,0.056299776142182574,-7.826303980767076,-7.895191759959768,-0.04723493612011995,-0.14991505308527092,2.7080502011022096,2.7080502011022096,0,1,0,0,0,0,0,0,0,0,0.0
20659_2009,0.0398649707510695,0.051497194082504236,0.31060177247817145,0.36771035320128304,0.011928792127932786,0.010986571464815787,2.7245802282460163,2.209260081540387,0.056299776142182574,0.0990178448143186,-7.895191759959768,-7.759638088372995,-0.14991505308527092,0.08475700140352728,2.7080502011022096,2.7080502011022096,0,1,0,0,0,0,0,0,0,0,0.0
20659_2010,0.051497194082504236,0.0400938116341648,0.36771035320128304,0.33177243445030336,0.010986571464815787,0.017672817355632274,2.209260081540387,2.1291675546577395,0.0990178448143186,0.0926680912912851,-7.759638088372995,-7.840380148900984,0.08475700140352728,-0.07387614052037708,2.7080502011022096,2.7080502011022096,0,1,0,0,0,0,0,0,0,0,0.0
20662_2008,0.02981852063854999,0.0275444239590735,0.3127733862414016,0.3037573909243144,0.0,0.009375457254254302,3.7348333611935742,3.9720193497897647,0.05939079246734835,0.058426228276478163,-7.834211436016076,-7.593426556743901,0.018456850625235888,0.19159552810235855,2.7080502011022096,2.7080502011022096,0,0,0,0,0,0,0,0,0,0,0.0
20662_2009,0.0275444239590735,0.033324627258599616,0.3037573909243144,0.4275770899276157,0.009375457254254302,0.0005780871866818622,3.9720193497897647,1.9221921477261328,0.058426228276478163,0.13259988178833487,-7.593426556743901,-7.489760763177638,0.19159552810235855,-0.08763531933517238,2.7080502011022096,2.7080502011022096,0,0,0,0,0,0,0,0,0,0,0.0
20662_2010,0.033324627258599616,0.016420807292965113,0.4275770899276157,0.3982776929712208,0.0005780871866818622,0.0,1.9221921477261328,2.290141209835164,0.13259988178833487,0.06457929209811257,-7.489760763177638,-7.453877080152905,-0.08763531933517238,-0.047428670202196134,2.7080502011022096,2.7080502011022096,0,0,0,0,0,0,0,0,0,0,0.0
20666_2008,0.043082708846058124,0.04893186262163269,0.06255012028869286,0.042164076514436336,0.30442717694881505,0.29639826883107645,1.1505202641706658,1.5127056023558054,0.24245027458180776,0.07347529338994854,-12.590399110310745,-12.59588285099165,0.02089805611914261,0.008923149180854878,2.7080502011022096,2.7080502011022096,0,1,0,0,0,0,0,0,0,0,0.0
20666_2009,0.04893186262163269,0.0825652656468658,0.042164076514436336,0.037349804564976115,0.29639826883107645,0.34232495295082754,1.5127056023558054,1.2749408832364033,0.07347529338994854,0.10434824559652958,-12.59588285099165,-12.103482442966802,0.008923149180854878,0.383990301804081,2.7080502011022096,2.7080502011022096,0,1,0,0,0,0,0,0,0,0,0.0
20666_2010,0.0825652656468658,0.07893231979575216,0.037349804564976115,0.06324982815685957,0.34232495295082754,0.2635409506535816,1.2749408832364033,1.12592538079207,0.10434824559652958,0.07441359190417286,-12.103482442966802,-12.312078889961505,0.383990301804081,-0.17209059640593322,2.7080502011022096,2.7080502011022096,0,1,0,0,0,0,0,0,0,0,0.0
20672_2008,0.03928117672807779,0.07216927651664996,0.30278711155104376,0.34367645305203864,0.04134213760157556,0.054559461234595,2.734563292592858,2.330338700947208,0.12503478016788958,0.09595172455529097,-9.43193003304251,-9.566604198430737,0.621696556916205,-0.017147814083548017,2.7080502011022096,2.7080502011022096,1,0,0,0,0,0,0,0,0,0,0.0
20672_2009,0.07216927651664996,0.06967854352461131,0.34367645305203864,0.4951147373730656,0.054559461234595,0.020706498772844258,2.330338700947208,1.6840588108543737,0.09595172455529097,0.1744292953087253,-9.566604198430737,-9.603310920275122,-0.017147814083548017,-0.016375799660160006,2.7080502011022096,2.7080502011022096,1,0,0,0,0,0,0,0,0,0,0.0
20672_2010,0.06967854352461131,0.0701716167629923,0.4951147373730656,0.24517539055806198,0.020706498772844258,0.0657818639646222,1.6840588108543737,2.974199194260552,0.1744292953087253,0.123848182384326,-9.603310920275122,-8.646073957826916,-0.016375799660160006,0.996246564999612,2.7080502011022096,2.7080502011022096,1,0,0,0,0,0,0,0,0,0,0.0
20678_2008,0.07309667320015217,0.06547068813933271,0.1875845689184766,0.1870743095373526,0.06078682332350883,0.055620259561856164,2.9995250713327337,3.1513051847750435,0.05183411944918007,0.03805580343180327,-3.3492136774593835,-3.224383099602361,0.09479901734527246,0.2176076629091689,2.7080502011022096,2.7080502011022096,0,0,0,0,0,0,0,0,0,0,0.0
20678_2009,0.06547068813933271,0.08905728238453256,0.1870743095373526,0.2176782920097302,0.055620259561856164,0.0630353037877429,3.1513051847750435,2.809454130854504,0.03805580343180327,0.055849896146505186,-3.224383099602361,-2.961986705602478,0.2176076629091689,0.3411169254350625,2.7080502011022096,2.7080502011022096,0,0,0,0,0,0,0,0,0,0,0.0
20678_2010,0.08905728238453256,0.04379179427632618,0.2176782920097302,0.2678635939212356,0.0630353037877429,0.024671497377046412,2.809454130854504,2.446642186591964,0.055849896146505186,0.051979255239343096,-2.961986705602478,-3.426446092674811,0.3411169254350625,-0.4114273570719618,2.7080502011022096,2.7080502011022096,0,0,0,0,0,0,0,0,0,0,0.0
20681_2008,0.028759780858313436,0.02319128351055076,0.36091346205906216,0.2821314225864359,0.03605866463674904,0.013224636745064824,2.422417359278477,2.996511709056377,0.037013024529090166,0.17039042688384198,-8.374259431675402,-8.045523022924401,0.20008936690469534,-0.3726344507528144,2.7080502011022096,2.7080502011022096,1,0,0,0,0,0,0,0,0,0,0.0
20681_2009,0.02319128351055076,0.057789296090516175,0.2821314225864359,0.3846611878644831,0.013224636745064824,0.009941428480443359,2.996511709056377,2.852702583214878,0.17039042688384198,0.1362638515571649,-8.045523022924401,-7.771267368118411,-0.3726344507528144,0.2475434111870772,2.7080502011022096,2.7080502011022096,1,0,0,0,0,0,0,0,0,0,0.0
20681_2010,0.057789296090516175,0.03778883611608559,0.3846611878644831,0.3312683484644684,0.009941428480443359,0.012667942435414248,2.852702583214878,2.944856900744297,0.1362638515571649,0.09624167260669032,-7.771267368118411,-7.808944793088632,0.2475434111870772,-0.07382143741349534,2.7080502011022096,2.7080502011022096,1,0,0,0,0,0,0,0,0,0,0.0
20684_2008,0.02661924066934885,0.023018414480697875,0.5415488142731463,0.5155984487490466,0.0128836293637754,0.005087911737349378,1.9798683262014898,2.222570235449384,0.040885550619953435,0.05569225455490843,-6.359407354995718,-6.144970530998624,0.15904360727012926,0.1624069139530031,2.7080502011022096,2.7080502011022096,0,0,0,0,0,0,0,0,1,0,0.0
20684_2009,0.023018414480697875,0.030509659108635463,0.5155984487490466,0.6168945105919336,0.005087911737349378,0.009958918623014016,2.222570235449384,1.6371603233265422,0.05569225455490843,0.06617721097165934,-6.144970530998624,-5.9446118499887035,0.1624069139530031,0.17446961433349809,2.7080502011022096,2.7080502011022096,0,0,0,0,0,0,0,0,1,0,0.0
20684_2010,0.030509659108635463,0.028166059552921095,0.6168945105919336,0.6189731390667014,0.009958918623014016,0.004150787723588373,1.6371603233265422,1.576862717376855,0.06617721097165934,0.06955806635149027,-5.9446118499887035,-6.1196483479361525,0.17446961433349809,-0.2723583184553601,2.7080502011022096,2.7080502011022096,0,0,0,0,0,0,0,0,1,0,0.0
20697_2008,0.01802867347586544,0.0,0.28586864971140336,0.0,0.0017457342274165473,0.0,3.9988861285415145,0.0,0.05102420469055824,0.0,-7.904176038675039,0.0,0.13561776993655902,0.0,2.7080502011022096,0.0,0,0,0,0,0,0,0,0,0,1,0.0
20697_2009,0.0,0.023144538262921864,0.0,0.3469927784125925,0.0,0.002714673318409853,0.0,2.6918850600022597,0.0,0.12766102371995108,0.0,-7.670740077604608,0.0,0.2465930944849397,0.0,2.7080502011022096,0,0,0,0,0,0,0,0,0,1,0.0
20697_2010,0.023144538262921864,0.0,0.3469927784125925,0.0,0.002714673318409853,0.0,2.6918850600022597,0.0,0.12766102371995108,0.0,-7.670740077604608,0.0,0.2465930944849397,0.0,2.7080502011022096,0.0,0,0,0,0,0,0,0,0,0,1,0.0
20698_2008,0.01591302933605514,0.04325429903611459,0.4647726189341215,0.576566412288318,0.01352958000818785,0.01260598879012447,1.8002482372514328,1.182445945535647,0.08354359196249635,0.08911021963884393,-9.720160250903877,-10.083095132486351,-0.20520356727289524,-0.3977704686816188,2.7080502011022096,2.4176979000945504,0,1,0,0,0,0,0,0,0,0,0.0
20698_2009,0.04325429903611459,-0.10184796527794053,0.576566412288318,0.5854127292910913,0.01260598879012447,0.035582866530159143,1.182445945535647,1.3193208423767668,0.08911021963884393,0.1876995259752982,-10.083095132486351,-9.912306567395714,-0.3977704686816188,0.07541549370004175,2.4176979000945504,2.105352923464337,0,1,0,0,0,0,0,0,0,0,0.0
20698_2010,-0.10184796527794053,0.032536311086571935,0.5854127292910913,0.5862169988844693,0.035582866530159143,0.029719314455699912,1.3193208423767668,0.9033491222222358,0.1876995259752982,0.17609408073455168,-9.912306567395714,-10.428992207141537,0.07541549370004175,-0.4111512604250863,2.105352923464337,1.7950872593207297,0,1,0,0,0,0,0,0,0,0,0.0
20699_2008,0.009707058935570013,-0.04627550941191032,0.5714800230514867,0.5576125659517479,0.008206789249410486,0.0058898062074981905,1.5815008900342502,1.7403612778319837,0.06026277364474605,0.07068513885099346,-9.573165946672988,-9.565554877760821,-0.054475190268663265,-0.04456278441472433,2.7080502011022096,2.7080502011022096,1,0,0,0,0,0,0,0,0,0,0.0
20699_2009,-0.04627550941191032,-0.026319059021706427,0.5576125659517479,0.7948524221980691,0.0058898062074981905,0.0067564494556453785,1.7403612778319837,0.9585684229622032,0.07068513885099346,0.2798309472843229,-9.565554877760821,-10.144901405465683,-0.04456278441472433,-0.4992012127979551,2.7080502011022096,1.9530276168241771,1,0,0,0,0,0,0,0,0,0,0.0
20699_2010,-0.026319059021706427,-0.0257664677604547,0.7948524221980691,0.5742357176702155,0.0067564494556453785,0.011111474015349407,0.9585684229622032,1.2526417211574004,0.2798309472843229,0.4951783854762688,-10.144901405465683,-9.611334631698227,-0.4992012127979551,0.4360603037936137,1.9530276168241771,2.10900034392138,1,0,0,0,0,0,0,0,0,0,0.0
20707_2008,0.032627038246628784,0.0,0.697187270625972,0.0,0.0969457287651984,0.0,1.3481282080798802,0.0,0.07783859159720065,0.0,-7.619663858979976,0.0,-0.017748226429524797,0.0,2.7080502011022096,0.0,0,0,0,0,0,1,0,0,0,0,0.0
20707_2009,0.0,0.0,0.0,0.0,0.0,0.0,0.0,0.0,0.0,0.0,0.0,0.0,0.0,0.0,0.0,0.0,0,0,0,0,0,1,0,0,0,0,0.0
20707_2010,0.0,0.0,0.0,0.0,0.0,0.0,0.0,0.0,0.0,0.0,0.0,0.0,0.0,0.0,0.0,0.0,0,0,0,0,0,1,0,0,0,0,0.0
20723_2008,0.0,0.0,0.0,0.0,0.0,0.0,0.0,0.0,0.0,0.0,0.0,0.0,0.0,0.0,0.0,0.0,0,0,0,0,0,1,0,0,0,0,0.0
20723_2009,0.0,0.0,0.0,0.0,0.0,0.0,0.0,0.0,0.0,0.0,0.0,0.0,0.0,0.0,0.0,0.0,0,0,0,0,0,1,0,0,0,0,0.0
20723_2010,0.0,0.0,0.0,0.0,0.0,0.0,0.0,0.0,0.0,0.0,0.0,0.0,0.0,0.0,0.0,0.0,0,0,0,0,0,1,0,0,0,0,0.0
2072_2008,-0.003779126020193282,-0.021057687480580664,0.12699912351595316,0.19539417358752714,0.3044700686389455,0.19363032089907645,3.009815040833866,3.359517735655372,0.0951951458139476,0.09643544518352187,-11.977624665479714,-12.287611282258267,0.2791619232074775,-0.4011068528122344,2.7080502011022096,2.7080502011022096,0,0,0,0,0,0,0,0,0,1,0.0
2072_2009,-0.021057687480580664,0.031001143946232518,0.19539417358752714,0.3518891196439091,0.19363032089907645,0.024246030868454223,3.359517735655372,2.2016854243372324,0.09643544518352187,0.12247487711130163,-12.287611282258267,-12.403142659071676,-0.4011068528122344,-0.25293522321625744,2.7080502011022096,2.7080502011022096,0,0,0,0,0,0,0,0,0,1,0.0
2072_2010,0.031001143946232518,0.020171464066847937,0.3518891196439091,0.28437393629631785,0.024246030868454223,0.011509522176028141,2.2016854243372324,2.9090324689064198,0.12247487711130163,0.12680855860608625,-12.403142659071676,-12.121255702726266,-0.25293522321625744,0.2812313315942821,2.7080502011022096,2.7080502011022096,0,0,0,0,0,0,0,0,0,1,0.0
20732_2008,0.013300310291118438,0.0131603584734619,0.8851286952613,0.9307618681921954,0.015566998852622856,0.007648181280515888,1.4950570387481796,0.7659696688799111,0.0747651967530025,0.11814333468009808,-9.344970989572088,-10.178949426941722,-0.03914773934206342,-0.6718434723586318,2.7080502011022096,2.7080502011022096,0,0,0,0,0,1,0,0,0,0,1.0
20732_2009,0.0131603584734619,-0.055662906506960666,0.9307618681921954,0.9966810576933416,0.007648181280515888,0.054251696362456525,0.7659696688799111,0.10179600096368877,0.11814333468009808,0.4638713190455303,-10.178949426941722,-12.700344491864055,-0.6718434723586318,-2.7621251595278404,2.7080502011022096,0.5596157879354227,0,0,0,0,0,1,0,0,0,0,1.0
20732_2010,-0.055662906506960666,0.0,0.9966810576933416,0.0,0.054251696362456525,0.0,0.10179600096368877,0.0,0.4638713190455303,0.0,-12.700344491864055,0.0,-2.7621251595278404,0.0,0.5596157879354227,0.0,0,0,0,0,0,1,0,0,0,0,1.0
20733_2008,0.046167710672497336,0.04637017084132399,0.3730351022337785,0.3909806906849757,0.06271421817752038,0.08135823976342793,1.4877058662684306,1.3270375751814645,0.10671437447134503,0.06832239859306842,-13.382277056418994,-13.647464629343196,0.008681586540863456,-0.4120274516989343,2.343727036325221,2.0856720914304723,0,0,1,0,0,0,0,0,0,0,0.0
20733_2009,0.04637017084132399,0.04708597087530013,0.3909806906849757,0.4919748934217736,0.08135823976342793,0.14450982925210373,1.3270375751814645,0.8824651422283747,0.06832239859306842,0.12203041242557715,-13.647464629343196,-13.98919097325974,-0.4120274516989343,-0.4181362477539031,2.0856720914304723,1.2584609896100056,0,0,1,0,0,0,0,0,0,0,0.0
20733_2010,0.04708597087530013,0.06372115000848698,0.4919748934217736,0.5128428624513146,0.14450982925210373,0.2101100554635496,0.8824651422283747,0.7576136998439696,0.12203041242557715,0.108214042474169,-13.98919097325974,-13.70356711600891,-0.4181362477539031,0.1533733994835409,1.2584609896100056,1.7850704810772584,0,0,1,0,0,0,0,0,0,0,0.0
20750_2008,-0.04274536027598685,-0.00948555334810624,0.9518323861978646,0.94825923784603,0.1863505213268603,0.17428267335993508,14212.9604,2.2674750777318966,0.09449676085797276,0.08988775792147187,-6.837650426341544,-6.8432794871227065,-0.2382294973489747,-0.20595404465496964,2.0162354657760435,1.9065751436566365,0,0,1,0,0,0,0,0,0,0,0.0
20750_2009,-0.00948555334810624,-0.061150767646504726,0.94825923784603,0.977128583023252,0.17428267335993508,0.13064141302342494,2.2674750777318966,5487.5751,0.08988775792147187,0.3102579020125222,-6.8432794871227065,-7.299247486607957,-0.20595404465496964,-0.6443549183348289,1.9065751436566365,0.8285518175661483,0,0,1,0,0,0,0,0,0,0,0.0
20750_2010,-0.061150767646504726,0.011559357791521941,0.977128583023252,0.8566985946594831,0.13064141302342494,0.1557556454720715,5487.5751,33682.66,0.3102579020125222,0.26495197663690984,-7.299247486607957,-5.726070373645488,-0.6443549183348289,1.3799506472661731,0.8285518175661483,2.302585092994046,0,0,1,0,0,0,0,0,0,0,0.0
2075_2008,0.036847682938102436,0.031585917493427144,0.06984545117308726,0.06973572649828176,0.17199462047389294,0.08115417543285254,2.2310256427884174,2.56064642958809,0.05146728153169811,0.055578709303856916,-9.259424928643275,-8.99156887071657,-0.24916793272798815,0.2502953191583117,2.7080502011022096,2.7080502011022096,0,0,0,0,1,0,0,0,0,0,0.0
2075_2009,0.031585917493427144,0.038988374490358364,0.06973572649828176,0.0721920007826076,0.08115417543285254,0.1030334722531946,2.56064642958809,2.2507356126403173,0.055578709303856916,0.039015989534535805,-8.99156887071657,-8.611531843943357,0.2502953191583117,0.3627715320735384,2.7080502011022096,2.7080502011022096,0,0,0,0,1,0,0,0,0,0,0.0
2075_2010,0.038988374490358364,0.03599777291146928,0.0721920007826076,0.10332230396600853,0.1030334722531946,0.08730369588647277,2.2507356126403173,2.1406631133852403,0.039015989534535805,0.06838793836419445,-8.611531843943357,-8.85774699630983,0.3627715320735384,-0.3667158595862617,2.7080502011022096,2.7080502011022096,0,0,0,0,1,0,0,0,0,0,0.0
20773_2008,0.01948019106980605,0.03819562158545768,0.607077395828065,0.6705516070287444,0.04258784833703346,0.027957619923376243,1.7712458225334378,1.4517463870191147,0.07459978889493386,0.04992092429848738,-8.653391735312093,-8.898561385192636,-0.017788859016489272,-0.2346443338839632,2.7080502011022096,2.7080502011022096,0,1,0,0,0,0,0,0,0,0,0.0
20773_2009,0.03819562158545768,0.0351509973862364,0.6705516070287444,0.7293652615820654,0.027957619923376243,0.025699683293100392,1.4517463870191147,1.2974948970564686,0.04992092429848738,0.12562356494951432,-8.898561385192636,-8.557562598218464,-0.2346443338839632,0.2270183619865989,2.7080502011022096,2.7080502011022096,0,1,0,0,0,0,0,0,0,0,0.0
20773_2010,0.0351509973862364,0.014992911060633341,0.7293652615820654,0.7558711106956647,0.025699683293100392,0.013795688432941487,1.2974948970564686,1.1782845019694266,0.12562356494951432,0.17897203935054154,-8.557562598218464,-8.921374971459658,0.2270183619865989,-0.1202700881146273,2.7080502011022096,2.7080502011022096,0,1,0,0,0,0,0,0,0,0,0.0
20782_2008,0.052739200129658284,0.06669182849907312,0.3551695817384907,0.4327899826423791,0.004282445840322361,0.004880464659102871,1.5834150268414788,0.9960815621934092,0.04774273841635522,0.06343967036087211,-6.800752915595994,-7.2593316109263215,-0.12695242473748009,-0.4162605137529702,2.7080502011022096,2.7080502011022096,0,0,0,0,0,0,0,1,0,0,0.0
20782_2009,0.06669182849907312,-0.7955267837696172,0.4327899826423791,0.7815997261906756,0.004880464659102871,0.011841415575059416,0.9960815621934092,1.611055153059738,0.06343967036087211,0.13460370624918724,-7.2593316109263215,-8.366964809108575,-0.4162605137529702,-1.1093774595972707,2.7080502011022096,2.079441541679836,0,0,0,0,0,0,0,1,0,0,0.0
20782_2010,-0.7955267837696172,0.040168763757592416,0.7815997261906756,0.6018081766561786,0.011841415575059416,0.011170301504296293,1.611055153059738,1.9612188077182704,0.13460370624918724,0.4123758479156427,-8.366964809108575,-7.947990285052096,-1.1093774595972707,0.6486317698673231,2.079441541679836,2.6979998652487085,0,0,0,0,0,0,0,1,0,0,0.0
20786_2008,-0.020389584047189442,0.03984057533948068,0.591774576995571,0.6046529057319444,0.04289756643694402,0.05329398701208792,770.819,31.596408351164985,0.07337529266663627,0.04753591738342934,-9.698936240358703,-9.879837691375243,-0.46177731769643,-0.2661840563758717,2.6404848816064437,2.4561641809223462,0,1,0,0,0,0,0,0,0,0,0.0
20786_2009,0.03984057533948068,0.0012508009295285414,0.6046529057319444,0.8615516802592593,0.05329398701208792,0.07863368510302764,31.596408351164985,166.0316,0.04753591738342934,0.2061351202469072,-9.879837691375243,-10.519825302409435,-0.2661840563758717,-0.7398838346317456,2.4561641809223462,1.3029127521808397,0,1,0,0,0,0,0,0,0,0,0.0
20786_2010,0.0012508009295285414,0.03525832280736636,0.8615516802592593,0.7282359827059413,0.07863368510302764,0.0765218574250936,166.0316,457.0724,0.2061351202469072,0.24417338625484375,-10.519825302409435,-10.095888785412496,-0.7398838346317456,0.5845033972015076,1.3029127521808397,1.9459101490553128,0,1,0,0,0,0,0,0,0,0,0.0
20791_2008,0.04344606388399122,0.041510418107235436,0.29375250844838674,0.2797746085268064,0.03754713710663896,0.0632072244827837,2.5436059816502445,2.5341623926346517,0.1972051606042996,0.03508020068146915,-6.047609927789257,-5.884351413820619,-0.5529362103459841,0.11292568224939838,2.7080502011022096,2.7080502011022096,0,1,0,0,0,0,0,0,0,0,0.0
20791_2009,0.041510418107235436,0.06058039939777812,0.2797746085268064,0.4513350618004453,0.0632072244827837,0.0399352693874739,2.5341623926346517,1.9752677142515027,0.03508020068146915,0.1105162512139472,-5.884351413820619,-5.857154761209363,0.11292568224939838,0.0364476681651098,2.7080502011022096,2.7080502011022096,0,1,0,0,0,0,0,0,0,0,0.0
20791_2010,0.06058039939777812,0.05326212743100146,0.4513350618004453,0.415017429030034,0.0399352693874739,0.05034761669856153,1.9752677142515027,1.9039401026860363,0.1105162512139472,0.11319435440728097,-5.857154761209363,-5.933499410846068,0.0364476681651098,-0.11299460082515922,2.7080502011022096,2.7080502011022096,0,1,0,0,0,0,0,0,0,0,0.0
20792_2008,0.021702118564158792,0.02131256750381841,0.6015484683211573,0.6446878927553185,0.016775928321163796,0.01719842048973027,2.7448186557591296,2.6253125638939783,0.03699102714407782,0.03703245200985896,-3.5021382595895507,-3.5365292268656425,0.022643530652123076,0.01093288867979606,2.7080502011022096,2.7080502011022096,0,1,0,0,0,0,0,0,0,0,0.0
20792_2009,0.02131256750381841,0.020366033386149198,0.6446878927553185,0.8003196038694815,0.01719842048973027,0.0586965225282486,2.6253125638939783,1.5341096485358825,0.03703245200985896,0.09760460681014667,-3.5365292268656425,-3.8300081206715983,0.01093288867979606,-0.3603647679437392,2.7080502011022096,2.7080502011022096,0,1,0,0,0,0,0,0,0,0,0.0
20792_2010,0.020366033386149198,0.013477759087770928,0.8003196038694815,0.8027756728594638,0.0586965225282486,0.09517314995557642,1.5341096485358825,1.3257089376727058,0.09760460681014667,0.18979183481789275,-3.8300081206715983,-4.121066228701898,-0.3603647679437392,-0.07569821001707164,2.7080502011022096,2.7080502011022096,0,1,0,0,0,0,0,0,0,0,0.0
20793_2008,0.09008280065808992,0.08425283224099629,0.2178349560823871,0.2352442318151231,0.5307872805243142,0.5847920872394753,1.2363698891969517,1.1179144158043883,0.11401418772674672,0.15095579874701756,-14.190164728102335,-14.242083426285227,-0.08122040093142849,-0.3656357744669181,0.5306282510621704,0.4885800148186709,0,1,0,0,0,0,0,0,0,0,0.0
20793_2009,0.08425283224099629,-0.42491118274004186,0.2352442318151231,0.4531444839187822,0.5847920872394753,0.979930828412112,1.1179144158043883,0.484145449849297,0.15095579874701756,0.13488398232927035,-14.242083426285227,-15.101856087425242,-0.3656357744669181,-0.8188588965498409,0.4885800148186709,-0.8675005677047231,0,1,0,0,0,0,0,0,0,0,0.0
20793_2010,-0.42491118274004186,-0.35738436570192045,0.4531444839187822,0.17438125507167973,0.979930828412112,0.2375236678387882,0.484145449849297,2.941686694736081,0.13488398232927035,0.295701864545389,-15.101856087425242,-13.889829898747392,-0.8188588965498409,0.7179547866258594,-0.8675005677047231,-0.3716435596326537,0,1,0,0,0,0,0,0,0,0,0.0
20798_2008,0.0351485209354914,0.03817653736712519,0.3602723395887869,0.3710469282144279,0.01281200457176566,0.0198829374732776,3.03112707919048,2.760371776654476,0.025845887411442756,0.034838973313477496,-6.467935448686927,-6.5078088543212775,0.0646622470193344,-0.021169951605586917,2.7080502011022096,2.7080502011022096,0,0,0,1,0,0,0,0,0,0,0.0
20798_2009,0.03817653736712519,0.0446027401757028,0.3710469282144279,0.4259828400497318,0.0198829374732776,0.026438852118869517,2.760371776654476,2.6494972958998626,0.034838973313477496,0.04538192464943426,-6.5078088543212775,-5.976931253029671,-0.021169951605586917,0.5284047029796911,2.7080502011022096,2.7080502011022096,0,0,0,1,0,0,0,0,0,0,0.0
20798_2010,0.0446027401757028,0.04321963247216228,0.4259828400497318,0.3397393507411546,0.026438852118869517,0.019145972437847776,2.6494972958998626,3.2470641277266883,0.04538192464943426,0.05694854040458808,-5.976931253029671,-6.053136816053046,0.5284047029796911,-0.1167723716220906,2.7080502011022096,2.7080502011022096,0,0,0,1,0,0,0,0,0,0,0.0
20805_2008,0.05544961352653836,0.006020379575094987,0.2657041935337911,0.3350260349718909,0.013721004653944442,0.015479851796355347,1.998043280944646,1.6880051254918909,0.11474734549823044,0.15207135623093834,-9.627826402198336,-9.61134832585169,-0.1483164952921346,-0.05817113910915945,2.7080502011022096,2.7080502011022096,0,0,1,0,0,0,0,0,0,0,0.0
20805_2009,0.006020379575094987,0.2286850892036055,0.3350260349718909,0.5559857163960898,0.015479851796355347,0.026476865853442937,1.6880051254918909,0.693731269326422,0.15207135623093834,0.2502782674826912,-9.61134832585169,-10.090461021179834,-0.05817113910915945,-0.2586559957251036,2.7080502011022096,2.7080502011022096,0,0,1,0,0,0,0,0,0,0,0.0
20805_2010,0.2286850892036055,0.0,0.5559857163960898,0.0,0.026476865853442937,0.0,0.693731269326422,0.0,0.2502782674826912,0.0,-10.090461021179834,0.0,-0.2586559957251036,0.0,2.7080502011022096,0.0,0,0,1,0,0,0,0,0,0,0,0.0
20807_2008,0.04766174050564605,0.052308112685703116,0.18910874916285805,0.20569595914021094,0.013631976613149232,0.023950270314384937,2.6059127718287494,2.3923422801341667,0.030096770797743318,0.02875203108744837,-7.361980109134858,-7.411731985274303,0.00401418099880102,-0.042976978714088114,2.7080502011022096,2.7080502011022096,0,0,1,0,0,0,0,0,0,0,0.0
20807_2009,0.052308112685703116,0.05639930036049656,0.20569595914021094,0.28388119604948536,0.023950270314384937,0.008040468431994177,2.3923422801341667,2.2394361076589195,0.02875203108744837,0.04923728357069563,-7.411731985274303,-7.1707228887284336,-0.042976978714088114,0.27150291538085364,2.7080502011022096,2.7080502011022096,0,0,1,0,0,0,0,0,0,0,0.0
20807_2010,0.05639930036049656,0.047524072252384586,0.28388119604948536,0.2825120108373082,0.008040468431994177,0.04005818709083373,2.2394361076589195,2.0363306890611783,0.04923728357069563,0.0861565810271969,-7.1707228887284336,-7.4019228270628,0.27150291538085364,-0.12652374868821895,2.7080502011022096,2.7080502011022096,0,0,1,0,0,0,0,0,0,0,0.0
20819_2008,-0.007986942563008302,0.042255292346880316,0.5465239730665884,0.5399073581741176,0.01435051750962222,0.01986075965125536,1.658041246647554,1.3889620050418023,0.07712304276039571,0.06769131433819056,-9.816732641852752,-9.832588014275512,-0.01884045007504109,-0.07285582277183825,2.7080502011022096,2.7080502011022096,1,0,0,0,0,0,0,0,0,0,0.0
20819_2009,0.042255292346880316,0.05090674115072381,0.5399073581741176,0.6284214179068119,0.01986075965125536,0.02834659850491348,1.3889620050418023,1.2048712435190612,0.06769131433819056,0.1086394218032503,-9.832588014275512,-9.832586051121668,-0.07285582277183825,-0.02047478681186571,2.7080502011022096,2.2300144001592104,1,0,0,0,0,0,0,0,0,0,0.0
20819_2010,0.05090674115072381,0.09995968153024586,0.6284214179068119,0.5503118871303105,0.02834659850491348,0.10965911175147756,1.2048712435190612,1.077958327211525,0.1086394218032503,0.1721560846418584,-9.832586051121668,-9.793654594036626,-0.02047478681186571,0.03616136406076853,2.2300144001592104,2.4973291697865574,1,0,0,0,0,0,0,0,0,0,0.0
20832_2008,0.06261769556012113,-0.07958796682063046,0.366969792605009,0.3716391143481228,0.14216474138849933,0.1366471554417115,1.2144213817136116,0.8462122090217628,0.1775498473293485,0.08339387553195655,-12.943949958870471,-13.461991542466585,0.08912496481581031,-0.4852342740990816,0.17395330712343798,-0.3285040669720361,0,1,0,0,0,0,0,0,0,0,0.0
20832_2009,-0.07958796682063046,-0.2906801061923981,0.3716391143481228,0.4781355895620642,0.1366471554417115,0.2655889145496535,0.8462122090217628,0.6066867653534771,0.08339387553195655,0.1984162597741812,-13.461991542466585,-13.607089613598387,-0.4852342740990816,-0.06934299773134073,-0.3285040669720361,-0.9675840262617056,0,1,0,0,0,0,0,0,0,0,0.0
20832_2010,-0.2906801061923981,-0.1047054988046077,0.4781355895620642,0.3776896326885459,0.2655889145496535,0.1920778091719192,0.6066867653534771,0.7961655034340849,0.1984162597741812,0.12874886424140325,-13.607089613598387,-13.672578349967955,-0.06934299773134073,0.04423057210921577,-0.9675840262617056,-0.7985076962177716,0,1,0,0,0,0,0,0,0,0,0.0
20834_2008,-0.01597999745947095,0.029929041127016724,0.818853809211072,0.6631122102195167,0.19916887742667885,0.18166231939886893,3740.8168,2.0897403506767054,0.1184432537910357,0.11004309303367532,-8.13651411201105,-7.6772781794550715,0.18918334909022935,0.1166643783156928,2.7080502011022096,2.7080502011022096,0,0,1,0,0,0,0,0,0,0,0.0
20834_2009,0.029929041127016724,-0.0052046364009579685,0.6631122102195167,0.902632655823282,0.18166231939886893,0.12883164909384273,2.0897403506767054,1.3540453296743968,0.11004309303367532,0.1963535514198136,-7.6772781794550715,-8.603518309702677,0.1166643783156928,-1.019891839525502,2.7080502011022096,1.786746927404511,0,0,1,0,0,0,0,0,0,0,0.0
20834_2010,-0.0052046364009579685,-0.023082536465698772,0.902632655823282,0.7897920677103494,0.12883164909384273,0.11830569356552813,1.3540453296743968,3.4048173367701264,0.1963535514198136,0.25935923382537496,-8.603518309702677,-7.975077003921927,-1.019891839525502,0.5297799446054487,1.786746927404511,2.6461747973841225,0,0,1,0,0,0,0,0,0,0,0.0
20836_2008,0.03446847486396591,0.03922893746366103,0.10734891306469417,0.10566877795999227,0.03046173153482307,0.05180986141248201,2.9985432223901305,2.79264448471395,0.07562601919657727,0.15278110948734638,-10.15695448034309,-10.11417620393432,0.4277634627769796,-0.2753799549035545,2.7080502011022096,2.7080502011022096,0,1,0,0,0,0,0,0,0,0,0.0
20836_2009,0.03922893746366103,0.04592119121903481,0.10566877795999227,0.12213007328952552,0.05180986141248201,0.04017365528089478,2.79264448471395,2.6700807071108468,0.15278110948734638,0.1366216734130304,-10.11417620393432,-9.622522276346999,-0.2753799549035545,0.5387919279980868,2.7080502011022096,2.7080502011022096,0,1,0,0,0,0,0,0,0,0,0.0
20836_2010,0.04592119121903481,0.034230584743603194,0.12213007328952552,0.1345539849804386,0.04017365528089478,0.0860177176862081,2.6700807071108468,2.248703406998024,0.1366216734130304,0.1416753361988112,-9.622522276346999,-9.975494504584903,0.5387919279980868,-0.22002436744742515,2.7080502011022096,2.7080502011022096,0,1,0,0,0,0,0,0,0,0,0.0
20837_2008,0.007079079382962963,-0.04922159178185884,0.6025475065285734,0.8711623944346703,0.016170445204344616,0.01596247551391095,1.1710294166741728,0.3129027456799126,0.1229206619788808,0.18672425637154194,-11.320485140917954,-12.555315598621274,0.057282940841272174,-1.1992795722966434,2.4406063908914204,1.2119409739751128,0,0,1,0,0,0,0,0,0,0,1.0
20837_2009,-0.04922159178185884,0.0,0.8711623944346703,0.0,0.01596247551391095,0.0,0.3129027456799126,0.0,0.18672425637154194,0.0,-12.555315598621274,0.0,-1.1992795722966434,0.0,1.2119409739751128,0.0,0,0,1,0,0,0,0,0,0,0,1.0
20837_2010,0.0,0.0,0.0,0.0,0.0,0.0,0.0,0.0,0.0,0.0,0.0,0.0,0.0,0.0,0.0,0.0,0,0,1,0,0,0,0,0,0,0,1.0
20841_2008,0.05681509597338035,0.05284414171834805,0.12869719755473946,0.12527025045257828,0.05353999500517835,0.016793473781201478,2.307739225536868,2.691563064494425,0.07296969512179413,0.04792904920875767,-7.6569861009750015,-7.525843471664233,-0.11908679320391286,0.10268752432708812,2.7080502011022096,2.7080502011022096,0,1,0,0,0,0,0,0,0,0,0.0
20841_2009,0.05284414171834805,0.06443441855648359,0.12527025045257828,0.20083265716424306,0.016793473781201478,0.05371714977174719,2.691563064494425,2.436255833114566,0.04792904920875767,0.09028154395819206,-7.525843471664233,-7.177212462917571,0.10268752432708812,0.4133792625169653,2.7080502011022096,2.7080502011022096,0,1,0,0,0,0,0,0,0,0,0.0
20841_2010,0.06443441855648359,0.05065667712622366,0.20083265716424306,0.17641601508659696,0.05371714977174719,0.054117019152996056,2.436255833114566,2.643761534873111,0.09028154395819206,0.0778552619089023,-7.177212462917571,-7.229556009481323,0.4133792625169653,-0.01351342620673246,2.7080502011022096,2.7080502011022096,0,1,0,0,0,0,0,0,0,0,0.0
20842_2008,-0.014952001958708674,-0.08470663743101667,0.020088952044258788,0.004139596252174183,0.17740580794402624,0.16443860155610646,2.5849242499964302,2.6806194759604334,0.19703912782536495,0.2432330631006119,-10.756012185033727,-11.261305515613449,0.3364155277118464,-0.5027825000242647,2.155244505095337,1.6134299337036375,1,0,0,0,0,0,0,0,0,0,0.0
20842_2009,-0.08470663743101667,-0.1579503358404564,0.004139596252174183,0.3884536134722625,0.16443860155610646,0.33922974464722105,2.6806194759604334,0.7726404392871629,0.2432330631006119,0.17693057498929873,-11.261305515613449,-12.222668507199964,-0.5027825000242647,-0.9815933200684904,1.6134299337036375,0.11332868530700327,1,0,0,0,0,0,0,0,0,0,0.0
20842_2010,-0.1579503358404564,-0.014326119126623122,0.3884536134722625,0.19248786115910252,0.33922974464722105,0.21989338770668487,0.7726404392871629,1.5465687535003636,0.17693057498929873,0.2850356311627425,-12.222668507199964,-11.417093495243659,-0.9815933200684904,-0.21153820652107047,0.11332868530700327,0.8960880245566357,1,0,0,0,0,0,0,0,0,0,0.0
20866_2008,-0.01775888750376134,-0.01360322792622936,0.6093367149550789,0.6792708915488028,0.06482934273309547,0.0798383580320459,0.8715008528730975,0.6669527370808559,0.08293981218993769,0.049239300081369286,-13.682090726974918,-14.033990559985455,0.2409903311759193,-0.3345215005371713,2.6535940153061515,2.312535423847214,0,0,0,0,0,0,0,0,0,1,0.0
20866_2009,-0.01360322792622936,-0.061233995660225166,0.6792708915488028,0.8721584131420197,0.0798383580320459,0.2180869393984148,0.6669527370808559,0.2645629527228613,0.049239300081369286,0.10998442317769916,-14.033990559985455,-14.65862162720237,-0.3345215005371713,-0.5830968812764197,2.312535423847214,1.1939224684724346,0,0,0,0,0,0,0,0,0,1,0.0
20866_2010,-0.061233995660225166,-0.0035357295874011564,0.8721584131420197,0.8598478388372858,0.2180869393984148,0.17940707894660216,0.2645629527228613,0.25651449988694264,0.10998442317769916,0.15488232767635882,-14.65862162720237,-14.878102175547976,-0.5830968812764197,-0.2447759576830178,1.1939224684724346,1.2119409739751128,0,0,0,0,0,0,0,0,0,1,0.0
20868_2008,0.05872216761827589,0.08850206648151801,0.22500994125282286,0.15618755659427658,0.10951634241926328,0.05653104275112681,3.1824273738111297,3.5059503041359976,0.25998877885639143,0.06082868672126272,-6.0105533005754905,-5.953796303775497,-1.0466975588178304,0.2325013876731229,2.7080502011022096,2.7080502011022096,0,0,0,0,0,0,0,0,0,0,0.0
20868_2009,0.08850206648151801,0.06712610367447769,0.15618755659427658,0.2898468494812785,0.05653104275112681,0.04905704845911113,3.5059503041359976,1.8964848052533856,0.06082868672126272,0.1927413249318529,-5.953796303775497,-6.180506845144624,0.2325013876731229,-0.18111853662226332,2.7080502011022096,2.7080502011022096,0,0,0,0,0,0,0,0,0,0,0.0
20868_2010,0.06712610367447769,0.0327871856797027,0.2898468494812785,0.22280968713866087,0.04905704845911113,0.09718751807590477,1.8964848052533856,2.5679216009963937,0.1927413249318529,0.10399003049860013,-6.180506845144624,-5.9020981038034455,-0.18111853662226332,0.25968473230320765,2.7080502011022096,2.7080502011022096,0,0,0,0,0,0,0,0,0,0,0.0
20875_2008,-0.11637843248088332,0.0,0.6685116268431903,0.0,0.04020357730590071,0.0,0.6593445872394353,0.0,0.08335074100882311,0.0,-11.436919895155013,0.0,-0.6673862766354626,0.0,1.912501086924184,0.0,0,0,1,0,0,0,0,0,0,0,1.0
20875_2009,0.0,0.0,0.0,0.0,0.0,0.0,0.0,0.0,0.0,0.0,0.0,0.0,0.0,0.0,0.0,0.0,0,0,1,0,0,0,0,0,0,0,1.0
20875_2010,0.0,0.0,0.0,0.0,0.0,0.0,0.0,0.0,0.0,0.0,0.0,0.0,0.0,0.0,0.0,0.0,0,0,1,0,0,0,0,0,0,0,1.0
20881_2008,0.04976794886899101,0.0647566884327558,0.13241261087715125,0.22752662039233745,0.042772689336575284,0.028107255465598047,4.229489161129005,3.425580986480004,0.04882904801106343,0.0705868492724748,-6.546868879134594,-7.039572125120616,0.16991379330849415,-0.3964804216680592,2.7080502011022096,2.7080502011022096,0,0,1,0,0,0,0,0,0,0,0.0
20881_2009,0.0647566884327558,0.06775495848500725,0.22752662039233745,0.5912248761053356,0.028107255465598047,0.06142567891587512,3.425580986480004,1.7181082472999714,0.0705868492724748,0.16135813666608545,-7.039572125120616,-7.594530739718892,-0.3964804216680592,-0.4531004964367265,2.7080502011022096,2.7080502011022096,0,0,1,0,0,0,0,0,0,0,0.0
20881_2010,0.06775495848500725,-0.004255367510387958,0.5912248761053356,0.5441120000128473,0.06142567891587512,0.12894560337677108,1.7181082472999714,2.3734891273314367,0.16135813666608545,0.2534013931449577,-7.594530739718892,-7.4267692062107695,-0.4531004964367265,0.4303527173742493,2.7080502011022096,2.7080502011022096,0,0,1,0,0,0,0,0,0,0,0.0
20883_2008,0.034012375615176865,0.05197008206567098,0.2116230281025002,0.23532581081901355,0.042018651506097016,0.046431222361752685,2.6934282014915207,2.9205360436139145,0.06397187687893942,0.05259570662039721,-7.6350656138888535,-7.311825084210977,-0.11738357422721908,0.19278417484391516,2.7080502011022096,2.7080502011022096,0,1,0,0,0,0,0,0,0,0,0.0
20883_2009,0.05197008206567098,0.05106063408916214,0.23532581081901355,0.22464609905549204,0.046431222361752685,0.045106242270570064,2.9205360436139145,2.4788214935819117,0.05259570662039721,0.1437721830843704,-7.311825084210977,-7.335111557904191,0.19278417484391516,0.05907242914420052,2.7080502011022096,2.7080502011022096,0,1,0,0,0,0,0,0,0,0,0.0
20883_2010,0.05106063408916214,0.005995240253795762,0.22464609905549204,0.4106502295212084,0.045106242270570064,0.04500384834313705,2.4788214935819117,1.81319713070272,0.1437721830843704,0.11957882635143703,-7.335111557904191,-7.368388218049997,0.05907242914420052,-0.2028358873238673,2.7080502011022096,2.7080502011022096,0,1,0,0,0,0,0,0,0,0,0.0
20884_2008,0.03652078417318882,0.03864082237504527,0.4053883655832435,0.3018207525776633,0.018829594015097404,0.01571904195243576,2.3660113788744868,2.774138623220274,0.05646079813300248,0.2051718615232796,-8.28935010795726,-7.7769169711690616,-0.1452115769512776,-0.30994300211153697,2.7080502011022096,2.7080502011022096,0,1,0,0,0,0,0,0,0,0,0.0
20884_2009,0.03864082237504527,0.05515460778869269,0.3018207525776633,0.4919938890310671,0.01571904195243576,0.020907681242557576,2.774138623220274,1.485206321263996,0.2051718615232796,0.17237559001817576,-7.7769169711690616,-8.13052423510074,-0.30994300211153697,-0.2980926588458011,2.7080502011022096,2.7080502011022096,0,1,0,0,0,0,0,0,0,0,0.0
20884_2010,0.05515460778869269,0.0251689741563752,0.4919938890310671,0.451223423578894,0.020907681242557576,0.019957690983473584,1.485206321263996,1.6337257560577547,0.17237559001817576,0.11473288530357348,-8.13052423510074,-8.251959138971769,-0.2980926588458011,0.009883106836444331,2.7080502011022096,2.7080502011022096,0,1,0,0,0,0,0,0,0,0,0.0
20887_2008,0.03875630559642198,0.0598241283482953,0.2626400720236718,0.3327073654030769,0.1205201409388202,0.13913170389565285,2.402535165859629,2.295638989056956,0.06495780214532769,0.061868487478827415,-7.9865132999420725,-8.137509451513052,0.14602128980613927,-0.12154661376835052,2.7080502011022096,2.7080502011022096,0,0,1,0,0,0,0,0,0,0,0.0
20887_2009,0.0598241283482953,0.05253453359619266,0.3327073654030769,0.3044893456703158,0.13913170389565285,0.10795604673824312,2.295638989056956,2.4497622473322016,0.061868487478827415,0.1057519533244271,-8.137509451513052,-7.567208090512169,-0.12154661376835052,0.5364039857923382,2.7080502011022096,2.7080502011022096,0,0,1,0,0,0,0,0,0,0,0.0
20887_2010,0.05253453359619266,0.05598100936867045,0.3044893456703158,0.3437308331896717,0.10795604673824312,0.0981198843774835,2.4497622473322016,2.344391227230482,0.1057519533244271,0.08593344081496844,-7.567208090512169,-7.712981796897012,0.5364039857923382,-0.01254274731691074,2.7080502011022096,2.7080502011022096,0,0,1,0,0,0,0,0,0,0,0.0
2088_2008,0.027992119877594274,0.04812182292534891,0.3493868841479944,0.35167492463391464,0.009697943137291856,0.010724980568504306,1.4450944475765803,0.954323283763972,0.1036906949656956,0.13792877615054666,-12.555370906805518,-12.895785373411126,0.32922896043096195,-0.4472134018585381,1.9271641062342582,1.5368672195992648,0,1,0,0,0,0,0,0,0,0,0.0
2088_2009,0.04812182292534891,0.09527708633564784,0.35167492463391464,0.5215511594392768,0.010724980568504306,0.13742958207782,0.954323283763972,0.4218161657695951,0.13792877615054666,0.20540904896037085,-12.895785373411126,-13.194691298439507,-0.4472134018585381,-0.4960855042867899,1.5368672195992648,0.6931471805599453,0,1,0,0,0,0,0,0,0,0,0.0
2088_2010,0.09527708633564784,-0.4338492313804484,0.5215511594392768,0.3391265861164064,0.13742958207782,0.1557800678183472,0.4218161657695951,0.7766709957720573,0.20540904896037085,0.171443058870354,-13.194691298439507,-13.168322344830948,-0.4960855042867899,-0.07999143044485538,0.6931471805599453,0.9163307310741764,0,1,0,0,0,0,0,0,0,0,0.0
20890_2008,0.010273437738831414,0.008188521961440355,0.7932367982384557,0.8205111775228554,0.02405443397220029,0.019827184762926373,1.832544576704568,1.4199901908942627,0.02587204438763589,0.041574767604585325,-8.659263388853397,-8.825464168640059,-0.07055779712398512,-0.17955306823275602,2.7080502011022096,2.7080502011022096,0,0,0,0,0,0,0,0,1,0,0.0
20890_2009,0.008188521961440355,0.009637331513998766,0.8205111775228554,0.7904538931356201,0.019827184762926373,0.019180452068726282,1.4199901908942627,1.38121785028554,0.041574767604585325,0.08489702053934353,-8.825464168640059,-8.277144647564189,-0.17955306823275602,0.4054100686706181,2.7080502011022096,2.7080502011022096,0,0,0,0,0,0,0,0,1,0,0.0
20890_2010,0.009637331513998766,0.009369724177661605,0.7904538931356201,0.7865969583584895,0.019180452068726282,0.05561312760810346,1.38121785028554,1.2970360460104398,0.08489702053934353,0.15270169925697671,-8.277144647564189,-8.54863599134576,0.4054100686706181,-0.3333370324620576,2.7080502011022096,2.7080502011022096,0,0,0,0,0,0,0,0,1,0,0.0
20891_2008,0.03010570809768685,0.0,0.4727648923347829,0.0,0.00715180636411627,0.0,2.1261852933542555,0.0,0.05413664009843815,0.0,-7.485713296571803,0.0,0.1777742859873412,0.0,2.7080502011022096,0.0,0,0,0,0,0,0,0,0,0,1,0.0
20891_2009,0.0,0.0,0.0,0.0,0.0,0.0,0.0,0.0,0.0,0.0,0.0,0.0,0.0,0.0,0.0,0.0,0,0,0,0,0,0,0,0,0,1,0.0
20891_2010,0.0,0.0,0.0,0.0,0.0,0.0,0.0,0.0,0.0,0.0,0.0,0.0,0.0,0.0,0.0,0.0,0,0,0,0,0,0,0,0,0,1,0.0
20894_2008,0.0,0.0,0.0,0.0,0.0,0.0,0.0,0.0,0.0,0.0,0.0,0.0,0.0,0.0,0.0,0.0,0,0,0,0,0,0,0,0,0,1,0.0
20894_2009,0.0,0.0,0.0,0.0,0.0,0.0,0.0,0.0,0.0,0.0,0.0,0.0,0.0,0.0,0.0,0.0,0,0,0,0,0,0,0,0,0,1,0.0
20894_2010,0.0,0.035182022109335215,0.0,0.6905599358308494,0.0,0.006380766073074107,0.0,0.6797105079963565,0.0,0.15307035841788216,0.0,-8.83262872373169,0.0,0.4135988968593461,0.0,1.867176108512809,0,0,0,0,0,0,0,0,0,1,0.0
20897_2008,0.06652826902822355,0.04113996295338486,0.11698030071408985,0.12235034417221105,0.09753058484183004,0.3084758671122819,3.1209391168714853,2.040119943777343,0.14788729937940406,0.12974011373916253,-9.539939031523565,-9.341814907162114,0.2670548364091827,0.25409684412250416,2.0360119837525,2.2353763433005955,1,0,0,0,0,0,0,0,0,0,0.0
20897_2009,0.04113996295338486,-0.07882894085490491,0.12235034417221105,0.4018649973116942,0.3084758671122819,0.04319053337407242,2.040119943777343,0.7959667722042649,0.12974011373916253,0.2382128841817939,-9.341814907162114,-9.713770579332039,0.25409684412250416,-0.7801897553906871,2.2353763433005955,1.029619417181158,1,0,0,0,0,0,0,0,0,0,0.0
20897_2010,-0.07882894085490491,0.041002220344043605,0.4018649973116942,0.10959899664073898,0.04319053337407242,0.06396796137064427,0.7959667722042649,1.5910589884801234,0.2382128841817939,0.3111289791807512,-9.713770579332039,-8.815528120059787,-0.7801897553906871,0.5500626166100911,1.029619417181158,1.8213182714695997,1,0,0,0,0,0,0,0,0,0,0.0
20900_2008,0.033792557932985384,0.0363254925787095,0.3480569042650176,0.3702302974105233,0.028079081413350408,0.026555948201870384,4.776979065697739,4.629972395283758,0.04015550654424357,0.033296727437833226,-6.7549887872518335,-6.768283637695383,0.1772593778736139,-0.02634999667686278,2.7080502011022096,2.7080502011022096,0,0,0,1,0,0,0,0,0,0,0.0
20900_2009,0.0363254925787095,0.048020328317103886,0.3702302974105233,0.4362110935494232,0.026555948201870384,0.019411861057301846,4.629972395283758,4.967600952735307,0.033296727437833226,0.06783374783012372,-6.768283637695383,-6.4984632929707145,-0.02634999667686278,0.29582461851788056,2.7080502011022096,2.7080502011022096,0,0,0,1,0,0,0,0,0,0,0.0
20900_2010,0.048020328317103886,0.03757550959513785,0.4362110935494232,0.353089455347313,0.019411861057301846,0.020995081164329358,4.967600952735307,4.666070584333349,0.06783374783012372,0.049986146099134855,-6.4984632929707145,-6.600607606311178,0.29582461851788056,-0.13840518929297882,2.7080502011022096,2.7080502011022096,0,0,0,1,0,0,0,0,0,0,0.0
20902_2008,0.0934388506987659,0.1005673358664862,0.2393762823644241,0.2394872156246989,0.026963775362265616,0.020049624987598675,1.6131107641229228,1.7213370103017285,0.2486949180169365,0.06793660354607718,-8.522990659720968,-8.040013988009333,-1.2688967652469063,0.3841389954586336,2.7080502011022096,2.7080502011022096,0,0,0,0,0,0,0,0,0,0,0.0
20902_2009,0.1005673358664862,0.07869940446992192,0.2394872156246989,0.2254212347027732,0.020049624987598675,0.022461998832406252,1.7213370103017285,1.8226413280328881,0.06793660354607718,0.1728873570615967,-8.040013988009333,-8.095594562238526,0.3841389954586336,-0.12721721345939355,2.7080502011022096,2.7080502011022096,0,0,0,0,0,0,0,0,0,0,0.0
20902_2010,0.07869940446992192,0.06259786200003024,0.2254212347027732,0.2616939258198382,0.022461998832406252,0.029369621850449067,1.8226413280328881,1.472567734060385,0.1728873570615967,0.11540520875268785,-8.095594562238526,-7.765728073304309,-0.12721721345939355,0.2774429809219631,2.7080502011022096,2.7080502011022096,0,0,0,0,0,0,0,0,0,0,0.0
20906_2008,0.03741718619568652,0.01703777669560502,0.2325195606280079,0.2882877199107067,0.006501513938971211,0.010278802513699382,6.5087847713896325,6.263637730894433,0.03742116775339459,0.04490424817748572,-7.309588234485853,-7.583050182212696,-0.13275559764000205,-0.2758120874845331,2.7080502011022096,2.7080502011022096,0,0,0,1,0,0,0,0,0,0,0.0
20906_2009,0.01703777669560502,0.02787377471597245,0.2882877199107067,0.29401929430374724,0.010278802513699382,0.0033210791839781823,6.263637730894433,7.3362529164648125,0.04490424817748572,0.07916738814046062,-7.583050182212696,-7.214010391434455,-0.2758120874845331,0.37986694243631736,2.7080502011022096,2.7080502011022096,0,0,0,1,0,0,0,0,0,0,0.0
20906_2010,0.02787377471597245,0.03936832686389652,0.29401929430374724,0.2631837762987203,0.0033210791839781823,0.0228994080980896,7.3362529164648125,5.572212806953185,0.07916738814046062,0.05669631657797072,-7.214010391434455,-7.415097485416676,0.37986694243631736,-0.3374844799008335,2.7080502011022096,2.7080502011022096,0,0,0,1,0,0,0,0,0,0,0.0
20908_2008,0.04140944517455335,0.039587423296880885,0.29287929140317764,0.2734333410069389,0.10971699074806633,0.062373080896586136,2.356507461227072,2.777181841454692,0.04594797744175908,0.04822861303566948,-4.732521586450064,-4.59549979890697,0.1733875951932118,0.1369183189428447,2.7080502011022096,2.7080502011022096,0,0,0,0,0,0,1,0,0,0,0.0
20908_2009,0.039587423296880885,0.04992004677287222,0.2734333410069389,0.4458521262321037,0.062373080896586136,0.061409628915217764,2.777181841454692,2.087386006064227,0.04822861303566948,0.08063114465050503,-4.59549979890697,-4.49476665010874,0.1369183189428447,0.23394178550400616,2.7080502011022096,2.7080502011022096,0,0,0,0,0,0,1,0,0,0,0.0
20908_2010,0.04992004677287222,0.041068899034192516,0.4458521262321037,0.39826109113027264,0.061409628915217764,0.0714899085798855,2.087386006064227,2.3534689330743492,0.08063114465050503,0.08711312244627077,-4.49476665010874,-4.400867860155662,0.23394178550400616,0.09690037670531533,2.7080502011022096,2.7080502011022096,0,0,0,0,0,0,1,0,0,0,0.0
20913_2008,0.05120457252202913,0.04484706093397934,0.1899337782745249,0.19745883282159216,0.01895865501606775,0.045717649210242316,2.5571768999961098,2.2874387001198944,0.05510114897786865,0.04565285244523852,-8.199501461186768,-8.222718564406891,0.040491348374933615,-0.03967635421393237,2.7080502011022096,2.7080502011022096,0,0,0,0,1,0,0,0,0,0,0.0
20913_2009,0.04484706093397934,0.04628393925724589,0.19745883282159216,0.2427308835140365,0.045717649210242316,0.08861096142773242,2.2874387001198944,1.6279773313871422,0.04565285244523852,0.21509210345941748,-8.222718564406891,-8.940016880667844,-0.03967635421393237,-0.726637752297675,2.7080502011022096,2.7080502011022096,0,0,0,0,1,0,0,0,0,0,0.0
20913_2010,0.04628393925724589,-0.2037009187665884,0.2427308835140365,0.31349822880793715,0.08861096142773242,0.0990841506099208,1.6279773313871422,1.992972587572163,0.21509210345941748,0.17473477070209853,-8.940016880667844,-8.795273834930542,-0.726637752297675,0.2361857112603293,2.7080502011022096,2.7080502011022096,0,0,0,0,1,0,0,0,0,0,0.0
20915_2008,0.02178192937628283,0.0,0.4856760966173273,0.0,0.016412607624436887,0.0,2.8706697017808978,0.0,0.07299380757997165,0.0,-6.849490246993809,0.0,0.23138388204776786,0.0,2.7080502011022096,0.0,0,0,1,0,0,0,0,0,0,0,0.0
20915_2009,0.0,0.0,0.0,0.0,0.0,0.0,0.0,0.0,0.0,0.0,0.0,0.0,0.0,0.0,0.0,0.0,0,0,1,0,0,0,0,0,0,0,0.0
20915_2010,0.0,0.0,0.0,0.0,0.0,0.0,0.0,0.0,0.0,0.0,0.0,0.0,0.0,0.0,0.0,0.0,0,0,1,0,0,0,0,0,0,0,0.0
20922_2008,0.07373746247927562,0.08935226825833194,0.21348832973801216,0.2839506020971768,0.06923381375203702,0.06755064426384848,4.039837060355067,3.3379501008642203,0.2111256215714882,0.10373001661263506,-8.391843277596411,-8.427586186669974,-0.4640379028988582,-0.05172750837233983,2.7080502011022096,2.7080502011022096,0,0,0,0,0,0,0,0,0,0,0.0
20922_2009,0.08935226825833194,0.0652245222086528,0.2839506020971768,0.5074206838852667,0.06755064426384848,0.048691432955561165,3.3379501008642203,1.574015196840134,0.10373001661263506,0.14573487893655288,-8.427586186669974,-9.06744870413071,-0.05172750837233983,-0.5566391352319757,2.7080502011022096,2.7080502011022096,0,0,0,0,0,0,0,0,0,0,0.0
20922_2010,0.0652245222086528,0.005922250160358271,0.5074206838852667,0.5876340821327838,0.048691432955561165,0.03814731955798481,1.574015196840134,1.962194078032296,0.14573487893655288,0.1504102011822066,-9.06744870413071,-8.950171011504633,-0.5566391352319757,-0.2043856230361644,2.7080502011022096,2.7080502011022096,0,0,0,0,0,0,0,0,0,0,0.0
20932_2008,0.046027167866432406,0.04674434578168712,0.2022593379869396,0.23362990998958866,0.02774524286952004,0.023186831835430768,2.3409097879964005,2.2587505129482004,0.030042861923114613,0.040792516662779096,-7.814789003604145,-7.76035952945506,0.0025935280102924447,0.04888864813894249,2.7080502011022096,2.7080502011022096,0,0,0,1,0,0,0,0,0,0,0.0
20932_2009,0.04674434578168712,0.05276813211439873,0.23362990998958866,0.2973681085489457,0.023186831835430768,0.02860716620806447,2.2587505129482004,1.7382778460520618,0.040792516662779096,0.09783912628215499,-7.76035952945506,-7.537938607882284,0.04888864813894249,0.1998970951079618,2.7080502011022096,2.7080502011022096,0,0,0,1,0,0,0,0,0,0,0.0
20932_2010,0.05276813211439873,0.053236459902213235,0.2973681085489457,0.2435930688509228,0.02860716620806447,0.05982693961503052,1.7382778460520618,2.031046807740696,0.09783912628215499,0.04186245549901052,-7.537938607882284,-7.566399689338545,0.1998970951079618,-0.04285191743638145,2.7080502011022096,2.7080502011022096,0,0,0,1,0,0,0,0,0,0,0.0
20939_2008,0.02029777589000109,0.018476507745546537,0.7553873680174712,0.7437836275913997,0.028097384218103358,0.022505219960740896,2.7100923888034014,2.5353950123241593,0.04713343710729048,0.04581242937089371,-7.805515437985123,-7.757179110620178,0.15528465113261294,-0.024528638071140318,2.7080502011022096,2.7080502011022096,0,0,0,0,0,0,0,0,1,0,0.0
20939_2009,0.018476507745546537,0.02031308508047072,0.7437836275913997,0.8015716056698501,0.022505219960740896,0.017495610192351737,2.5353950123241593,1.9236177681290176,0.04581242937089371,0.09556620603704212,-7.757179110620178,-7.499868194038564,-0.024528638071140318,0.1835245578545692,2.7080502011022096,2.5352828571130672,0,0,0,0,0,0,0,0,1,0,0.0
20939_2010,0.02031308508047072,0.016310488564900617,0.8015716056698501,0.7512470727715247,0.017495610192351737,0.04559921534273291,1.9236177681290176,1.928130419607394,0.09556620603704212,0.09495480873461036,-7.499868194038564,-7.468890052816574,0.1835245578545692,-0.21561900266536332,2.5352828571130672,2.6748380668960965,0,0,0,0,0,0,0,0,1,0,0.0
2093_2008,0.012167107935074237,0.0013880508753394793,0.8524684644016379,0.9001737332109786,0.04207419643136137,0.043382217287266704,1.7091262620566394,0.9170795905959412,0.021030725275381818,0.06764154646325225,-7.730218234453198,-7.775019182916702,-0.08160079781676108,-0.4726420684427976,2.7080502011022096,2.6919208191723265,0,0,0,0,0,1,0,0,0,0,0.0
2093_2009,0.0013880508753394793,-0.0022793237125614857,0.9001737332109786,0.9438409794640495,0.043382217287266704,0.022776593732426992,0.9170795905959412,0.5503522000392614,0.06764154646325225,0.1689333665080484,-7.775019182916702,-7.937456847747934,-0.4726420684427976,-0.142761894707983,2.6919208191723265,2.0360119837525,0,0,0,0,0,1,0,0,0,0,0.0
2093_2010,-0.0022793237125614857,-0.06336480285512902,0.9438409794640495,0.9464987220269564,0.022776593732426992,0.037695555605118586,0.5503522000392614,0.7369848559790729,0.1689333665080484,0.4088657128925897,-7.937456847747934,-8.242750811643079,-0.142761894707983,-0.0597591414148318,2.0360119837525,1.2947271675943999,0,0,0,0,0,1,0,0,0,0,0.0
20942_2008,0.02869074256399338,-0.16197759063632072,0.6533880932487796,0.8149044313386018,0.012545736285848845,0.00888486418095895,0.9998202817233421,0.6288841327758511,0.09568949252935408,0.1566285277530869,-8.983161388809801,-10.53624438416786,-0.46152898674865506,-1.5523196617272914,2.7080502011022096,1.9699056546115292,0,0,1,0,0,0,0,0,0,0,0.0
20942_2009,-0.16197759063632072,-0.31121649038103905,0.8149044313386018,0.9080324124091858,0.00888486418095895,0.2369940459322652,0.6288841327758511,1.5923602952852325,0.1566285277530869,0.3373986401667353,-10.53624438416786,-11.203131272241883,-1.5523196617272914,-1.3390550742477354,1.9699056546115292,0.5423242908253617,0,0,1,0,0,0,0,0,0,0,0.0
20942_2010,-0.31121649038103905,-0.27029864728483954,0.9080324124091858,0.8828352107215537,0.2369940459322652,0.2202555782340633,1.5923602952852325,310.66900000000004,0.3373986401667353,0.3824013766137992,-11.203131272241883,-10.624188789239993,-1.3390550742477354,0.524047822803276,0.5423242908253617,1.3454723665996355,0,0,1,0,0,0,0,0,0,0,0.0
20950_2008,0.0,0.0,0.0,0.0,0.0,0.0,0.0,0.0,0.0,0.0,0.0,0.0,0.0,0.0,0.0,0.0,0,0,0,0,1,0,0,0,0,0,0.0
20950_2009,0.0,0.0,0.0,0.0,0.0,0.0,0.0,0.0,0.0,0.0,0.0,0.0,0.0,0.0,0.0,0.0,0,0,0,0,1,0,0,0,0,0,0.0
20950_2010,0.0,0.0,0.0,0.0,0.0,0.0,0.0,0.0,0.0,0.0,0.0,0.0,0.0,0.0,0.0,0.0,0,0,0,0,1,0,0,0,0,0,0.0
20964_2008,0.038832760851386004,0.037874806193376506,0.3050754084301279,0.3882869398175301,0.06262292237796217,0.09390869612695428,2.874059062423651,2.5238792517299173,0.20028754454742548,0.044947300464898116,-7.100785419466973,-6.979773617960341,-0.695005471777568,0.08479820575611552,2.7080502011022096,2.7080502011022096,0,1,0,0,0,0,0,0,0,0,0.0
20964_2009,0.037874806193376506,0.05037180502390775,0.3882869398175301,0.4703333393971344,0.09390869612695428,0.06115987752305095,2.5238792517299173,2.3279761968936312,0.044947300464898116,0.11433039932884388,-6.979773617960341,-6.846090749094919,0.08479820575611552,0.16433498277059833,2.7080502011022096,2.7080502011022096,0,1,0,0,0,0,0,0,0,0,0.0
20964_2010,0.05037180502390775,0.039374254583641584,0.4703333393971344,0.4435215863524442,0.06115987752305095,0.07435660070199579,2.3279761968936312,2.0675005259970733,0.11433039932884388,0.07582509660601004,-6.846090749094919,-6.996170786946402,0.16433498277059833,-0.2027520103810463,2.7080502011022096,2.7080502011022096,0,1,0,0,0,0,0,0,0,0,0.0
20965_2008,0.02674956242400155,0.020415927632021668,0.5780501164706677,0.6064831498613242,0.002463680451181282,0.0019751670474099105,1.434311145881522,1.2744671759116772,0.03786041465343876,0.038500973927000616,-8.94523702524568,-9.002077034896011,0.09446167095541784,-0.06491980907803763,2.7080502011022096,2.7080502011022096,0,0,0,0,0,0,0,0,1,0,0.0
20965_2009,0.020415927632021668,0.02399052996415096,0.6064831498613242,0.6631579819813845,0.0019751670474099105,0.002152014942218837,1.2744671759116772,1.0545045695778004,0.038500973927000616,0.06822089340279698,-9.002077034896011,-8.674404887817667,-0.06491980907803763,0.31828014788373304,2.7080502011022096,2.7080502011022096,0,0,0,0,0,0,0,0,1,0,0.0
20965_2010,0.02399052996415096,0.028471716560821793,0.6631579819813845,0.6496137531739611,0.002152014942218837,0.012132133859334657,1.0545045695778004,1.084839096495457,0.06822089340279698,0.0750117447773883,-8.674404887817667,-8.782770877781866,0.31828014788373304,-0.2036055917953654,2.7080502011022096,2.7080502011022096,0,0,0,0,0,0,0,0,1,0,0.0
20968_2008,0.05600445897928323,0.05411117508212137,0.1585483649553454,0.1786824122090488,0.019242788934327786,0.02394738010005947,2.412785924515273,2.5218194916847234,0.2182038171034925,0.039860127110989935,-6.186493831428481,-6.090946949511608,-0.706530959192024,0.03183123827325511,2.7080502011022096,2.7080502011022096,0,1,0,0,0,0,0,0,0,0,0.0
20968_2009,0.05411117508212137,0.060654365958923574,0.1786824122090488,0.3014587110614114,0.02394738010005947,0.02966627530635705,2.5218194916847234,2.023238194132538,0.039860127110989935,0.1002298313906682,-6.090946949511608,-6.082796487084408,0.03183123827325511,0.05659291930819028,2.7080502011022096,2.7080502011022096,0,1,0,0,0,0,0,0,0,0,0.0
20968_2010,0.060654365958923574,0.03018719780057211,0.3014587110614114,0.23155330629457405,0.02966627530635705,0.042037648235503655,2.023238194132538,2.331870668233134,0.1002298313906682,0.08290829762021919,-6.082796487084408,-6.02340658860649,0.05659291930819028,0.0881455534664578,2.7080502011022096,2.7080502011022096,0,1,0,0,0,0,0,0,0,0,0.0
20974_2008,0.0018862917040452184,-0.007815557105670586,0.6960306719804527,0.7609587934055838,0.0008773449786256829,0.002839120744508907,0.6426905577550118,0.5364137717761055,0.07327373124108164,0.14064676070637114,-13.017987862495014,-13.256407252428689,-0.02043028047220476,-0.07802852151313314,1.913977101952304,1.6863989535702288,0,0,0,0,0,1,0,0,0,0,0.0
20974_2009,-0.007815557105670586,0.3896717793245922,0.7609587934055838,0.6533046016839236,0.002839120744508907,0.0007586556039117447,0.5364137717761055,0.35965258389479626,0.14064676070637114,0.1697553134354789,-13.256407252428689,-12.709558479238774,-0.07802852151313314,0.5920554845140242,1.6863989535702288,1.7404661748405046,0,0,0,0,0,1,0,0,0,0,0.0
20974_2010,0.3896717793245922,0.011647014439765948,0.6533046016839236,0.5566639912292918,0.0007586556039117447,2.5319596608186844e-05,0.35965258389479626,0.5147874681815268,0.1697553134354789,0.2595977110664709,-12.709558479238774,-12.555169583238053,0.5920554845140242,0.2022832464248436,1.7404661748405046,2.1282198010165008,0,0,0,0,0,1,0,0,0,0,0.0
20977_2008,0.0550821302035715,0.2083441378119551,0.35962629338043184,0.3346153813427796,0.01936543657520237,0.24871879148781914,1.9792683266138789,1.5110272294341702,0.06440570907074455,0.0733508218269806,-6.966951558478304,-6.923653844224329,-0.10860248199274422,0.06343316158245346,2.7080502011022096,2.7080502011022096,0,1,0,0,0,0,0,0,0,0,0.0
20977_2009,0.2083441378119551,-0.13328283534716448,0.3346153813427796,0.7191423450627409,0.24871879148781914,0.027938210914359152,1.5110272294341702,0.8446471559852644,0.0733508218269806,0.17112064284783865,-6.923653844224329,-7.258148084627519,0.06343316158245346,-0.4022497413183248,2.7080502011022096,2.7080502011022096,0,1,0,0,0,0,0,0,0,0,0.0
20977_2010,-0.13328283534716448,0.01861553959247255,0.7191423450627409,0.5273770404423649,0.027938210914359152,0.03616273778134431,0.8446471559852644,1.5201360463318705,0.17112064284783865,0.16973635428030226,-7.258148084627519,-6.766046700756494,-0.4022497413183248,0.4939461591223199,2.7080502011022096,2.7080502011022096,0,1,0,0,0,0,0,0,0,0,0.0
20978_2008,0.02812893677790316,0.0,0.7398928969184946,0.0,0.021625589277719424,0.0,1.021224021245125,0.0,0.14004749656895976,0.0,-9.869037374172322,0.0,-0.3126704144033916,0.0,2.7080502011022096,0.0,1,0,0,0,0,0,0,0,0,0,0.0
20978_2009,0.0,0.0,0.0,0.0,0.0,0.0,0.0,0.0,0.0,0.0,0.0,0.0,0.0,0.0,0.0,0.0,1,0,0,0,0,0,0,0,0,0,0.0
20978_2010,0.0,0.0,0.0,0.0,0.0,0.0,0.0,0.0,0.0,0.0,0.0,0.0,0.0,0.0,0.0,0.0,1,0,0,0,0,0,0,0,0,0,0.0
20981_2008,0.0421619250444896,0.02336743355114292,0.4199168485357309,0.5216835897728981,0.018228157027402728,0.04735823855758831,1.6103412891389368,0.9710028845860492,0.05917223083641709,0.07946475455622895,-9.725375848750028,-10.442469643150929,-0.027599309492331,-0.7440705430773232,2.7080502011022096,2.5217206229107165,0,1,0,0,0,0,0,0,0,0,0.0
20981_2009,0.02336743355114292,-0.03890949658587252,0.5216835897728981,0.4917469463831307,0.04735823855758831,0.29964913918875,0.9710028845860492,0.8182070979345621,0.07946475455622895,0.14977848388951098,-10.442469643150929,-9.55165212115572,-0.7440705430773232,0.26467745321151953,2.5217206229107165,2.233235014859253,0,1,0,0,0,0,0,0,0,0,0.0
20981_2010,-0.03890949658587252,0.021533157812886485,0.4917469463831307,0.4331990254854857,0.29964913918875,0.3031261296380944,0.8182070979345621,0.8845575190888072,0.14977848388951098,0.15398721184292974,-9.55165212115572,-9.489381449137404,0.26467745321151953,-0.09119461228842934,2.233235014859253,2.503073953743449,0,1,0,0,0,0,0,0,0,0,0.0
20982_2008,0.2088005531883083,-0.10968971025444936,0.3303244374672947,0.3210143583106699,0.09979816102265084,0.02506934797069511,1.986605534087696,2.935610914704174,0.11095442215544883,0.11666040432542342,-13.696819402355814,-13.661882357387848,0.09116716350258952,-0.27818376401550443,1.1631820593174098,1.208960345836975,0,0,0,0,0,0,1,0,0,0,0.0
20982_2009,-0.10968971025444936,-0.09597108040347503,0.3210143583106699,0.4601480963209143,0.02506934797069511,0.12524051075739026,2.935610914704174,1.3686420008573414,0.11666040432542342,0.1523485385885362,-13.661882357387848,-14.347302012825413,-0.27818376401550443,-0.7288909665127365,1.208960345836975,0.029558802241544432,0,0,0,0,0,0,1,0,0,0,0.0
20982_2010,-0.09597108040347503,-0.10240175594107466,0.4601480963209143,0.28913933561267985,0.12524051075739026,0.2359545819087417,1.3686420008573414,1.5519513431322858,0.1523485385885362,0.17867573175578175,-14.347302012825413,-13.9801541046386,-0.7288909665127365,-0.3881302208210093,0.029558802241544432,-0.06187540371808752,0,0,0,0,0,0,1,0,0,0,0.0
20987_2008,0.0384462961702098,-0.0412660539992383,0.4521572139616166,0.5589453521517894,0.018551010040171158,0.12544070444369654,0.8735267209367567,0.6030309337134394,0.04372066381594482,0.1101304477878514,-9.694446020206826,-10.180111547834953,-0.49872037864518,-0.5220117968429964,2.7080502011022096,2.3085671646715933,0,0,1,0,0,0,0,0,0,0,0.0
20987_2009,-0.0412660539992383,-0.5208812248641174,0.5589453521517894,0.8544870477903371,0.12544070444369654,0.14386694588750842,0.6030309337134394,0.3164757301397016,0.1101304477878514,0.2863411663125167,-10.180111547834953,-11.195619764475968,-0.5220117968429964,-1.0433434113756124,2.3085671646715933,0.7929925155296614,0,0,1,0,0,0,0,0,0,0,0.0
20987_2010,-0.5208812248641174,-0.14279481105891853,0.8544870477903371,0.650757862510693,0.14386694588750842,0.11019345999607692,0.3164757301397016,1.0103620414474817,0.2863411663125167,0.3311777651843145,-11.195619764475968,-10.527903228754194,-1.0433434113756124,0.6829129817451195,0.7929925155296614,1.6974487897568136,0,0,1,0,0,0,0,0,0,0,0.0
20990_2008,0.042934135948376834,0.04310216511327023,0.3380090719711656,0.3804682478384953,0.04819913112788701,0.06680049509683827,3.6324551601685138,3.688508891379545,0.04340797100370362,0.050900866300759136,-4.4656989802863984,-4.4588299907876605,0.0730791096445372,0.06945460492747058,2.7080502011022096,2.7080502011022096,0,0,0,0,0,0,1,0,0,0,0.0
20990_2009,0.04310216511327023,0.059082958314706176,0.3804682478384953,0.4601467401291033,0.06680049509683827,0.06182777225295221,3.688508891379545,4.8185702036859315,0.050900866300759136,0.09254836957615553,-4.4588299907876605,-4.2405387073659,0.06945460492747058,0.17906863280022647,2.7080502011022096,2.7080502011022096,0,0,0,0,0,0,1,0,0,0,0.0
20990_2010,0.059082958314706176,0.052209804109620006,0.4601467401291033,0.3354922287616081,0.06182777225295221,0.05434097525688792,4.8185702036859315,4.561342162804828,0.09254836957615553,0.03965566289398468,-4.2405387073659,-4.055863069688163,0.17906863280022647,0.05976060737456579,2.7080502011022096,2.7080502011022096,0,0,0,0,0,0,1,0,0,0,0.0
20991_2008,0.037943030742214084,0.041133974637710825,0.2636305228614969,0.3511373162488388,0.01928343556202097,0.025312587780542368,3.5047452444284777,4.123837583046104,0.0390846370737073,0.03453940409083078,-7.967984003349263,-8.102245761260027,0.294754530031416,-0.02421392319792776,2.7080502011022096,2.7080502011022096,1,0,0,0,0,0,0,0,0,0,0.0
20991_2009,0.041133974637710825,0.05086334316283439,0.3511373162488388,0.4821686689930855,0.025312587780542368,0.03961097919732502,4.123837583046104,3.1188181163597406,0.03453940409083078,0.07326172572734782,-8.102245761260027,-8.119496347749955,-0.02421392319792776,0.0613455924175404,2.7080502011022096,2.7080502011022096,1,0,0,0,0,0,0,0,0,0,0.0
20991_2010,0.05086334316283439,0.03811881468005022,0.4821686689930855,0.3651246163524931,0.03961097919732502,0.015622736691722962,3.1188181163597406,3.1997094387979184,0.07326172572734782,0.05805990694579225,-8.119496347749955,-8.0238527962959,0.0613455924175404,0.06617909523512877,2.7080502011022096,2.7080502011022096,1,0,0,0,0,0,0,0,0,0,0.0
20994_2008,0.033522388965068074,0.040242023245446415,0.5062838516267139,0.5257303362176939,0.05184796159930529,0.03118067725781592,1.7748319060820243,1.499278728264215,0.042241816228490006,0.0467321325155587,-6.709874599847178,-6.8332559886815085,-0.06096577594090525,-0.05692515386071384,2.7080502011022096,2.7080502011022096,1,0,0,0,0,0,0,0,0,0,0.0
20994_2009,0.040242023245446415,-0.046522638866847286,0.5257303362176939,0.8169404416306288,0.03118067725781592,0.0415147417033333,1.499278728264215,1.1851098182469773,0.0467321325155587,0.1598312205839474,-6.8332559886815085,-7.350136629467269,-0.05692515386071384,-0.5836616934913785,2.7080502011022096,2.468099531471619,1,0,0,0,0,0,0,0,0,0,0.0
20994_2010,-0.046522638866847286,0.0214611552054948,0.8169404416306288,0.6245099055499415,0.0415147417033333,0.06124359826364429,1.1851098182469773,1.762733512912135,0.1598312205839474,0.26099543566833594,-7.350136629467269,-6.752213244966557,-0.5836616934913785,0.7804895213154092,2.468099531471619,2.7080502011022096,1,0,0,0,0,0,0,0,0,0,0.0
20997_2008,-0.0020304030112990325,0.012016635152873684,0.6326274619116891,0.7260098203728141,0.12817159198455816,0.14936189946579032,3.104375477374402,1.9025131244127815,0.07361163960967712,0.06398937023341418,-7.765232236455541,-8.121477958105979,0.08714280361181914,-0.5010523225217365,2.50470927708418,2.0930978681273213,0,0,0,0,0,0,0,1,0,0,0.0
20997_2009,0.012016635152873684,0.025570047367862662,0.7260098203728141,0.8364092511217883,0.14936189946579032,0.19718407036322294,1.9025131244127815,0.9707152326709574,0.06398937023341418,0.15532988610375215,-8.121477958105979,-8.333464932019227,-0.5010523225217365,-0.3918466937381638,2.0930978681273213,1.3762440252663892,0,0,0,0,0,0,0,1,0,0,0.0
20997_2010,0.025570047367862662,0.009304703178434444,0.8364092511217883,0.7248156663893409,0.19718407036322294,0.19223838941034266,0.9707152326709574,1.6809415249512716,0.15532988610375215,0.18436796700679675,-8.333464932019227,-7.925600657309586,-0.3918466937381638,0.4991053197586512,1.3762440252663892,1.9987736386123809,0,0,0,0,0,0,0,1,0,0,0.0
21011_2008,0.03375810318015245,0.027005987197169984,0.2440599254812544,0.1453814316113371,0.07442632717451092,0.0576887690570773,2.5606044027804398,3.538400882689462,0.08831655981819478,0.22103048724293695,-7.879008967490451,-7.012968663556339,-0.1272258846565617,0.03740696801604554,2.7080502011022096,2.7080502011022096,0,1,0,0,0,0,0,0,0,0,0.0
21011_2009,0.027005987197169984,0.048412320134742885,0.1453814316113371,0.2332250192309589,0.0576887690570773,0.06954707287563706,3.538400882689462,2.480029085588648,0.22103048724293695,0.18750730063363716,-7.012968663556339,-7.191306416146668,0.03740696801604554,-0.041840626965560734,2.7080502011022096,2.7080502011022096,0,1,0,0,0,0,0,0,0,0,0.0
21011_2010,0.048412320134742885,0.053274745245408116,0.2332250192309589,0.2394427025754088,0.06954707287563706,0.1377147381439563,2.480029085588648,1.9454874038759764,0.18750730063363716,0.11693830577030155,-7.191306416146668,-7.660069613217952,-0.041840626965560734,-0.3244901479983381,2.7080502011022096,2.7080502011022096,0,1,0,0,0,0,0,0,0,0,0.0
21018_2008,0.049732497252768834,0.04657433068684872,0.1405540350295841,0.16573609449693189,0.018375782030245903,0.04102116966225377,3.5056064250751158,3.2701249282923053,0.026286766164373542,0.0391837311405152,-4.197199965029496,-4.210848952729822,0.03244631867649805,-0.018466392372908712,2.7080502011022096,2.7080502011022096,0,0,0,0,1,0,0,0,0,0,0.0
21018_2009,0.04657433068684872,0.06223059768607895,0.16573609449693189,0.20377168680882185,0.04102116966225377,0.06155778251301145,3.2701249282923053,3.0218181612864954,0.0391837311405152,0.05161710674320109,-4.210848952729822,-3.856503076504036,-0.018466392372908712,0.3663579518594599,2.7080502011022096,2.7080502011022096,0,0,0,0,1,0,0,0,0,0,0.0
21018_2010,0.06223059768607895,0.055377021270982936,0.20377168680882185,0.19907014315365412,0.06155778251301145,0.0876975899387611,3.0218181612864954,2.8039580859270474,0.05161710674320109,0.058673002672890925,-3.856503076504036,-4.022896969570058,0.3663579518594599,-0.1865109625713761,2.7080502011022096,2.7080502011022096,0,0,0,0,1,0,0,0,0,0,0.0
21019_2008,0.03609319048313291,0.03256467572186952,0.5068846216001847,0.3919725743838448,0.010287261489842357,0.017530823831102278,1.7503560713069737,2.257742425143646,0.06169124416938394,0.296472469807008,-6.6300918331534975,-6.397695576905379,0.1108068508273991,-0.9591149505718288,2.7080502011022096,2.7080502011022096,0,1,0,0,0,0,0,0,0,0,0.0
21019_2009,0.03256467572186952,0.0294472640258236,0.3919725743838448,0.4610196279099063,0.017530823831102278,0.011550305807881779,2.257742425143646,1.7441860272704088,0.296472469807008,0.16298256924918028,-6.397695576905379,-6.589823286090464,-0.9591149505718288,-0.24332257620921174,2.7080502011022096,2.7080502011022096,0,1,0,0,0,0,0,0,0,0,0.0
21019_2010,0.0294472640258236,-0.01061668560588101,0.4610196279099063,0.4632706982282218,0.011550305807881779,0.023903247769453986,1.7441860272704088,1.7202993366396488,0.16298256924918028,0.19340147615968348,-6.589823286090464,-6.2969007320249375,-0.24332257620921174,0.4814621419411144,2.7080502011022096,2.7080502011022096,0,1,0,0,0,0,0,0,0,0,0.0
21022_2008,0.003252633208828422,0.008175934995172513,0.8981127027201792,0.9080924390592622,0.004455903394752684,0.008270122708194029,0.4387382444837376,0.4635896093613394,0.06197428916825701,0.10315342915132666,-11.660523095021146,-11.541975974261641,-0.2612351182642475,0.2239586086208316,2.631888840136646,2.7080502011022096,0,0,0,0,0,0,0,0,0,1,0.0
21022_2009,0.008175934995172513,0.022864635169612447,0.9080924390592622,0.9337600679216459,0.008270122708194029,0.004247232519475653,0.4635896093613394,0.3226917550390868,0.10315342915132666,0.09884020497089603,-11.541975974261641,-11.308655448886288,0.2239586086208316,0.20739287155835828,2.7080502011022096,2.4740142086215764,0,0,0,0,0,0,0,0,0,1,0.0
21022_2010,0.022864635169612447,0.0,0.9337600679216459,0.0,0.004247232519475653,0.0,0.3226917550390868,0.0,0.09884020497089603,0.0,-11.308655448886288,0.0,0.20739287155835828,0.0,2.4740142086215764,0.0,0,0,0,0,0,0,0,0,0,1,0.0
21029_2008,0.002092292019480257,0.0,0.5871949167605336,0.0,0.0037771836457376547,0.0,3.0919111646767856,0.0,0.045163786443746,0.0,-6.799931564642852,0.0,-0.010902204866653315,0.0,2.7080502011022096,0.0,0,0,0,0,0,0,0,0,0,0,0.0
21029_2009,0.0,0.0,0.0,0.0,0.0,0.0,0.0,0.0,0.0,0.0,0.0,0.0,0.0,0.0,0.0,0.0,0,0,0,0,0,0,0,0,0,0,0.0
21029_2010,0.0,0.0,0.0,0.0,0.0,0.0,0.0,0.0,0.0,0.0,0.0,0.0,0.0,0.0,0.0,0.0,0,0,0,0,0,0,0,0,0,0,0.0
21033_2008,0.0211260982467162,0.027456999313093,0.5731787867745426,0.5282348196847262,0.02046651391210798,0.011961111534312296,1.3430801559245482,1.4584624577862004,0.07183386101375906,0.09905360602939077,-8.664248591112807,-8.491951124088562,0.00424787602493569,0.1158559583928855,2.7080502011022096,2.7080502011022096,0,1,0,0,0,0,0,0,0,0,0.0
21033_2009,0.027456999313093,0.036780815062861794,0.5282348196847262,0.6515144375599364,0.011961111534312296,0.05278116963071902,1.4584624577862004,0.9224266756775352,0.09905360602939077,0.18365907979378432,-8.491951124088562,-8.41511940637544,0.1158559583928855,-0.21318637599944076,2.7080502011022096,2.7080502011022096,0,1,0,0,0,0,0,0,0,0,0.0
21033_2010,0.036780815062861794,0.01072482330380453,0.6515144375599364,0.4948401928777458,0.05278116963071902,0.024178167830488744,0.9224266756775352,1.4776780353542043,0.18365907979378432,0.1582436525562241,-8.41511940637544,-8.041178779852215,-0.21318637599944076,0.3093396635524089,2.7080502011022096,2.7080502011022096,0,1,0,0,0,0,0,0,0,0,0.0
21035_2008,0.026822577675854282,0.023970918804916273,0.6318750206675126,0.6474130062844603,0.0029524322534758823,0.000819135250036728,1.4070872855293146,1.3088523541660493,0.046523676295446126,0.04556011022647289,-8.633093078182142,-8.509766260810473,0.12623476641520678,-0.04058841047182207,2.7080502011022096,2.7080502011022096,0,0,0,0,0,0,0,0,1,0,0.0
21035_2009,0.023970918804916273,0.023888522588077225,0.6474130062844603,0.7021030428619153,0.000819135250036728,0.003072760786927145,1.3088523541660493,1.0145150003188144,0.04556011022647289,0.06663961307439124,-8.509766260810473,-8.170535236567543,-0.04058841047182207,0.24981874257368816,2.7080502011022096,2.7080502011022096,0,0,0,0,0,0,0,0,1,0,0.0
21035_2010,0.023888522588077225,0.022952402505286688,0.7021030428619153,0.6894174105368905,0.003072760786927145,0.0005060475434551285,1.0145150003188144,1.0493087694440983,0.06663961307439124,0.06679814258866484,-8.170535236567543,-8.340969119921597,0.24981874257368816,-0.21818681461917125,2.7080502011022096,2.7080502011022096,0,0,0,0,0,0,0,0,1,0,0.0
21037_2008,0.04879632112819167,-0.16989482692485708,0.5972044272794693,0.7047346602308194,0.0662244674676861,0.24563307043111174,1.3146607477867678,0.8840335711697288,0.08803430862051237,0.12458906626202905,-7.907752535871656,-8.802595742230775,-0.5010916997053331,-0.9373247941322871,2.7080502011022096,2.7080502011022096,0,0,1,0,0,0,0,0,0,0,0.0
21037_2009,-0.16989482692485708,-0.23707303254454465,0.7047346602308194,0.7805104226002867,0.24563307043111174,0.3052687704948969,0.8840335711697288,1.078545490634916,0.12458906626202905,0.17334327573676273,-8.802595742230775,-8.913115235335036,-0.9373247941322871,-0.2824414763637943,2.7080502011022096,2.6115393007213656,0,0,1,0,0,0,0,0,0,0,0.0
21037_2010,-0.23707303254454465,-0.02699839989440853,0.7805104226002867,0.7238101144370989,0.3052687704948969,0.3427725699397656,1.078545490634916,1.4058881224703637,0.17334327573676273,0.2071823640423908,-8.913115235335036,-9.01672476046113,-0.2824414763637943,-0.048197167980634975,2.6115393007213656,2.615934912194404,0,0,1,0,0,0,0,0,0,0,0.0
21041_2008,0.03516530554882185,0.037617609725988994,0.3027627392386863,0.30254380406096865,0.014379916799468432,0.017870922480886887,5.167106336881553,4.73559578456688,0.024355712769180853,0.034182858505598726,-6.458883112658997,-6.434646184371643,0.0493194104445098,0.045195305276682834,2.7080502011022096,2.7080502011022096,0,0,0,1,0,0,0,0,0,0,0.0
21041_2009,0.037617609725988994,0.043745657276576234,0.30254380406096865,0.3619305338091647,0.017870922480886887,0.009717023175546114,4.73559578456688,5.623409705785496,0.034182858505598726,0.07543683516182545,-6.434646184371643,-6.150850943722744,0.045195305276682834,0.3339543069081469,2.7080502011022096,2.7080502011022096,0,0,0,1,0,0,0,0,0,0,0.0
21041_2010,0.043745657276576234,0.041486367552238584,0.3619305338091647,0.3054998600690837,0.009717023175546114,0.011432711850204363,5.623409705785496,4.980535829763968,0.07543683516182545,0.063707150633553,-6.150850943722744,-6.198112979082361,0.3339543069081469,-0.09975686147712316,2.7080502011022096,2.7080502011022096,0,0,0,1,0,0,0,0,0,0,0.0
21045_2008,0.07263090498952719,0.040501305670438484,0.31890596488069883,0.2566470368263589,0.06630907483457589,0.011722722570646877,1.7091161678750717,1.931379527247142,0.07396701090114119,0.2282623274195409,-8.629785043507272,-8.380048878567658,-0.0990659701566722,-0.5069764834343551,2.7080502011022096,2.7080502011022096,0,1,0,0,0,0,0,0,0,0,0.0
21045_2009,0.040501305670438484,0.046389705768296895,0.2566470368263589,0.3082734543684144,0.011722722570646877,0.023911124872184643,1.931379527247142,1.4433413989815167,0.2282623274195409,0.16547847186508155,-8.380048878567658,-8.484599018461353,-0.5069764834343551,0.09819357430232993,2.7080502011022096,2.7080502011022096,0,1,0,0,0,0,0,0,0,0,0.0
21045_2010,0.046389705768296895,-0.04820320269385946,0.3082734543684144,0.4345699351010713,0.023911124872184643,0.028107867095032227,1.4433413989815167,1.1119671140344094,0.16547847186508155,0.13906109896170255,-8.484599018461353,-8.456423259276226,0.09819357430232993,0.18323325418432815,2.7080502011022096,2.7080502011022096,0,1,0,0,0,0,0,0,0,0,0.0
21055_2008,0.03683223610359892,0.044556058238036066,0.2395777913038096,0.2866434043419389,0.015506629311238413,0.01861777912113231,3.606705546083853,3.8301546227166186,0.025752680303841355,0.025565653738431768,-6.0130920450106276,-6.083581287342322,0.06858677294067668,-0.01783319200776829,2.7080502011022096,2.7080502011022096,0,0,0,1,0,0,0,0,0,0,0.0
21055_2009,0.044556058238036066,0.04883085638573534,0.2866434043419389,0.3697275966342423,0.01861777912113231,0.014591468919997838,3.8301546227166186,3.846101113097173,0.025565653738431768,0.0466956316370816,-6.083581287342322,-5.885600345783487,-0.01783319200776829,0.20154650002687446,2.7080502011022096,2.7080502011022096,0,0,0,1,0,0,0,0,0,0,0.0
21055_2010,0.04883085638573534,0.04826552803742987,0.3697275966342423,0.3193876528888738,0.014591468919997838,0.02543931493692561,3.846101113097173,3.53186547333081,0.0466956316370816,0.05630409224580825,-5.885600345783487,-5.927292796096289,0.20154650002687446,-0.08335359239764367,2.7080502011022096,2.7080502011022096,0,0,0,1,0,0,0,0,0,0,0.0
21057_2008,0.039048593942159926,0.0392082888969441,0.2602282312199095,0.20906297940081106,0.001085330899923,0.0016266190016755414,2.41228111365543,2.6422735429655333,0.21337870287420432,0.05923291251291898,-8.86010308851175,-8.551950043529695,-0.6025247156606393,0.2522395008367725,2.7080502011022096,2.7080502011022096,0,1,0,0,0,0,0,0,0,0,0.0
21057_2009,0.0392082888969441,0.07498466127417817,0.20906297940081106,0.30178549447949,0.0016266190016755414,0.004125473162716447,2.6422735429655333,1.544721222520397,0.05923291251291898,0.13421228682008254,-8.551950043529695,-8.588450601315634,0.2522395008367725,-0.09652398826736593,2.7080502011022096,2.7080502011022096,0,1,0,0,0,0,0,0,0,0,0.0
21057_2010,0.07498466127417817,0.05129957274727967,0.30178549447949,0.23619774854749104,0.004125473162716447,0.03985155746979025,1.544721222520397,1.6524997991374113,0.13421228682008254,0.10454077452498474,-8.588450601315634,-8.57483153066144,-0.09652398826736593,0.07656291991716413,2.7080502011022096,2.7080502011022096,0,1,0,0,0,0,0,0,0,0,0.0
21068_2008,0.03246942341292953,0.034473347373705984,0.4744321490972626,0.5074675225164085,0.02338380896913221,0.02679638686626764,2.8943949963916284,2.761625123671529,0.04734554836905543,0.06429097307329934,-6.658476364271608,-6.569712836661183,0.12115135794557527,0.025477410884465757,2.7080502011022096,2.7080502011022096,0,0,0,1,0,0,0,0,0,0,0.0
21068_2009,0.034473347373705984,0.038380579242528995,0.5074675225164085,0.5512790965660289,0.02679638686626764,0.027471767688407468,2.761625123671529,2.3865558579098334,0.06429097307329934,0.039365172600975086,-6.569712836661183,-6.121777257355628,0.025477410884465757,0.4572322108998742,2.7080502011022096,2.7080502011022096,0,0,0,1,0,0,0,0,0,0,0.0
21068_2010,0.038380579242528995,0.0021912621231576965,0.5512790965660289,0.5693212033409861,0.027471767688407468,0.03374543669662853,2.3865558579098334,2.403319983943,0.039365172600975086,0.07345504128962807,-6.121777257355628,-6.612133801154713,0.4572322108998742,-0.3883240930409096,2.7080502011022096,2.7080502011022096,0,0,0,1,0,0,0,0,0,0,0.0
21080_2008,0.02647744716740397,0.026067882306133144,0.6299771763833072,0.6343500421443149,0.02741749724221381,0.027602210625914374,1.5903663612148082,1.5344431122065625,0.049514989194791054,0.05189448648253407,-9.733702674572948,-9.76082685439365,-0.033751809608619336,0.03580177122817757,2.7080502011022096,2.7080502011022096,0,0,0,0,0,0,0,0,1,0,0.0
21080_2009,0.026067882306133144,0.0331428749259826,0.6343500421443149,0.5466102156087351,0.027602210625914374,0.006334205953566899,1.5344431122065625,1.9586579486931963,0.05189448648253407,0.053873723567226924,-9.76082685439365,-8.932769695949885,0.03580177122817757,0.7473699319194053,2.7080502011022096,2.7080502011022096,0,0,0,0,0,0,0,0,1,0,0.0
21080_2010,0.0331428749259826,0.032821718291675066,0.5466102156087351,0.6358757183485725,0.006334205953566899,0.03809723925639312,1.9586579486931963,1.328545047271782,0.053873723567226924,0.06762214869408245,-8.932769695949885,-9.488910845695894,0.7473699319194053,-0.5924149969322752,2.7080502011022096,2.7080502011022096,0,0,0,0,0,0,0,0,1,0,0.0
21090_2008,0.020280541574523272,0.02806206171325436,0.6679562661596606,0.750835714105313,0.002473222810604417,0.0,1.1510289014132835,0.6851309291244613,0.06378333686170826,0.08551399038726508,-9.242759184765374,-9.995498735221958,-0.22987218323809985,-0.8359810116553132,2.7080502011022096,2.6844403354630764,0,0,0,0,0,0,0,1,0,0,0.0
21090_2009,0.02806206171325436,-0.43951362207526495,0.750835714105313,0.8886913838917553,0.0,0.01160122066264487,0.6851309291244613,1.4531883993781758,0.08551399038726508,0.3363244619911475,-9.995498735221958,-13.100662682293127,-0.8359810116553132,-2.9504491278062432,2.6844403354630764,-0.8915981192837836,0,0,0,0,0,0,0,1,0,0,0.0
21090_2010,-0.43951362207526495,-0.07312816653402315,0.8886913838917553,0.8855340078831038,0.01160122066264487,0.004692535627208586,1.4531883993781758,4.758721582348722,0.3363244619911475,0.4853107419527295,-13.100662682293127,-11.200471904356137,-2.9504491278062432,2.118641560600336,-0.8915981192837836,1.2441545939587682,0,0,0,0,0,0,0,1,0,0,0.0
21097_2008,0.025277825995122127,0.03720075584760802,0.1857232006850834,0.1947365017770168,0.1589778116371344,0.11062572600175473,1.4829939749009111,1.7294027535874965,0.23911055598523875,0.07337653055888094,-7.643278893935602,-7.113060385511006,-0.7259506493796996,0.5262226435161356,2.7080502011022096,2.7080502011022096,0,0,0,0,0,1,0,0,0,0,0.0
21097_2009,0.03720075584760802,-0.35090531266290664,0.1947365017770168,0.3464317776850614,0.11062572600175473,0.0835896265805842,1.7294027535874965,1.6389150468087597,0.07337653055888094,0.18185534142160012,-7.113060385511006,-7.419102444045662,0.5262226435161356,-0.3821586603205805,2.7080502011022096,2.7080502011022096,0,0,0,0,0,1,0,0,0,0,0.0
21097_2010,-0.35090531266290664,0.06730686962938963,0.3464317776850614,0.2920692245062909,0.0835896265805842,0.029212830209957238,1.6389150468087597,1.284964851475361,0.18185534142160012,0.14211789551180248,-7.419102444045662,-7.447964084676813,-0.3821586603205805,0.10499312903725183,2.7080502011022096,2.7080502011022096,0,0,0,0,0,1,0,0,0,0,0.0
21100_2008,0.02747131710082415,0.038940447122631616,0.34891312646189804,0.3611273634848532,0.10659285240219342,0.14984181482121867,5.421798150097801,5.715535312394367,0.04584983157321825,0.06412223215663193,-9.439561057758254,-9.271171526890695,-0.1284174161118022,0.09305581698643488,2.7080502011022096,2.7080502011022096,0,0,0,1,0,0,0,0,0,0,0.0
21100_2009,0.038940447122631616,0.0382158435949775,0.3611273634848532,0.4320991358295199,0.14984181482121867,0.15135189557317355,5.715535312394367,7.482888225656122,0.06412223215663193,0.06767132096393215,-9.271171526890695,-9.074854480826732,0.09305581698643488,0.11397379622445215,2.7080502011022096,2.6115393007213656,0,0,0,1,0,0,0,0,0,0,0.0
21100_2010,0.0382158435949775,0.014273499257152001,0.4320991358295199,0.4259286750836927,0.15135189557317355,0.15029408955375032,7.482888225656122,10.440984402602078,0.06767132096393215,0.06948618916179009,-9.074854480826732,-9.205391100444348,0.11397379622445215,-0.3359167280146588,2.6115393007213656,2.6390573296152584,0,0,0,1,0,0,0,0,0,0,0.0
21102_2008,0.03924357176086871,0.04113023919490474,0.1617480102918113,0.1862337674402817,0.057346579682855815,0.06729035272550755,3.6528643639716063,3.2465689162847484,0.03202645024900222,0.044608401751322815,-5.374859085221753,-5.358836587625731,-0.1882283805495793,-0.030548605542379207,2.7080502011022096,2.7080502011022096,0,0,0,0,1,0,0,0,0,0,0.0
21102_2009,0.04113023919490474,-0.0311034280601428,0.1862337674402817,0.3373939067082887,0.06729035272550755,0.08896279985868635,3.2465689162847484,4.213440848003373,0.044608401751322815,0.09713645005937904,-5.358836587625731,-5.144546691383974,-0.030548605542379207,0.1763684014465897,2.7080502011022096,2.7080502011022096,0,0,0,0,1,0,0,0,0,0,0.0
21102_2010,-0.0311034280601428,0.07570200621561249,0.3373939067082887,0.3136575731567037,0.08896279985868635,0.07865397873667962,4.213440848003373,3.14073028384333,0.09713645005937904,0.08864958053517352,-5.144546691383974,-5.488728502349389,0.1763684014465897,-0.32730642905995205,2.7080502011022096,2.7080502011022096,0,0,0,0,1,0,0,0,0,0,0.0
21105_2008,0.0,0.0,0.0,0.0,0.0,0.0,0.0,0.0,0.0,0.0,0.0,0.0,0.0,0.0,0.0,0.0,0,0,0,0,0,1,0,0,0,0,0.0
21105_2009,0.0,0.0,0.0,0.0,0.0,0.0,0.0,0.0,0.0,0.0,0.0,0.0,0.0,0.0,0.0,0.0,0,0,0,0,0,1,0,0,0,0,0.0
21105_2010,0.0,0.0,0.0,0.0,0.0,0.0,0.0,0.0,0.0,0.0,0.0,0.0,0.0,0.0,0.0,0.0,0,0,0,0,0,1,0,0,0,0,0.0
21107_2008,0.0016318920974636574,0.0,0.542772418090444,0.0,0.0074629249746248705,0.0,1.4671292025518183,0.0,0.07046557437030825,0.0,-8.374470503080474,0.0,-0.04937526566973336,0.0,2.7080502011022096,0.0,0,0,0,0,0,0,0,0,0,1,0.0
21107_2009,0.0,0.0,0.0,0.0,0.0,0.0,0.0,0.0,0.0,0.0,0.0,0.0,0.0,0.0,0.0,0.0,0,0,0,0,0,0,0,0,0,1,0.0
21107_2010,0.0,0.0,0.0,0.0,0.0,0.0,0.0,0.0,0.0,0.0,0.0,0.0,0.0,0.0,0.0,0.0,0,0,0,0,0,0,0,0,0,1,0.0
21110_2008,0.04205461242899875,0.04875073704749335,0.35497817774687085,0.3073402054352523,0.03813018042692532,0.0479149182784628,3.8502214465218967,3.2810990207863284,0.039486028162918366,0.03883817211977245,-5.787363969472342,-5.6900007278085045,0.2031707530578103,0.06279738965836694,2.7080502011022096,2.7080502011022096,0,1,0,0,0,0,0,0,0,0,0.0
21110_2009,0.04875073704749335,0.050567894589911185,0.3073402054352523,0.4805914856052051,0.0479149182784628,0.03503756202701649,3.2810990207863284,5.616915899860679,0.03883817211977245,0.10289565643483456,-5.6900007278085045,-5.451508502646172,0.06279738965836694,0.1705837422565603,2.7080502011022096,2.7080502011022096,0,1,0,0,0,0,0,0,0,0,0.0
21110_2010,0.050567894589911185,0.05117829390455349,0.4805914856052051,0.524340575975819,0.03503756202701649,0.046321094714538,5.616915899860679,4.306271742569509,0.10289565643483456,0.11111266194437927,-5.451508502646172,-5.8533273564667905,0.1705837422565603,-0.381759022993053,2.7080502011022096,2.7080502011022096,0,1,0,0,0,0,0,0,0,0,0.0
21113_2008,0.0,0.0,0.0,0.0,0.0,0.0,0.0,0.0,0.0,0.0,0.0,0.0,0.0,0.0,0.0,0.0,0,0,0,0,0,1,0,0,0,0,0.0
21113_2009,0.0,-0.04444062587941137,0.0,0.6170410935706155,0.0,0.11755286429733007,0.0,0.7044551142123783,0.0,0.12746547485299525,0.0,-10.93847563001012,0.0,0.08867127260673469,0.0,1.0647107369924282,0,0,0,0,0,1,0,0,0,0,0.0
21113_2010,-0.04444062587941137,-0.22615549564476836,0.6170410935706155,0.6592614814476336,0.11755286429733007,0.2739428472281548,0.7044551142123783,0.6675144391384429,0.12746547485299525,0.13640628610045766,-10.93847563001012,-11.565399137716836,0.08867127260673469,-0.6620511256313764,1.0647107369924282,0.6678293725756554,0,0,0,0,0,1,0,0,0,0,0.0
21114_2008,0.0,0.0,0.0,0.0,0.0,0.0,0.0,0.0,0.0,0.0,0.0,0.0,0.0,0.0,0.0,0.0,0,0,0,0,0,1,0,0,0,0,0.0
21114_2009,0.0,0.016462941744643262,0.0,0.9111027554898262,0.0,0.0126605530015129,0.0,1.1507505490893866,0.0,0.16393001799069865,0.0,-9.42569447013305,0.0,0.08891951765345213,0.0,2.376764491168297,0,0,0,0,0,1,0,0,0,0,0.0
21114_2010,0.016462941744643262,0.0,0.9111027554898262,0.0,0.0126605530015129,0.0,1.1507505490893866,0.0,0.16393001799069865,0.0,-9.42569447013305,0.0,0.08891951765345213,0.0,2.376764491168297,0.0,0,0,0,0,0,1,0,0,0,0,0.0
21121_2008,0.0342367944573702,-0.06379550034981141,0.3789019532105077,0.499938279005915,0.2941264468055563,0.1887268776329607,1.0762587943269106,0.7928573038617581,0.06603818386432342,0.057434086108639086,-8.64342112319339,-9.115093537386905,-0.4182776483464711,-0.5326068490228867,2.7080502011022096,2.615934912194404,1,0,0,0,0,0,0,0,0,0,0.0
21121_2009,-0.06379550034981141,-0.5038145147847537,0.499938279005915,0.8597401455647914,0.1887268776329607,0.10367019473196988,0.7928573038617581,0.14917418433191287,0.057434086108639086,0.31526835424478145,-9.115093537386905,-10.794005190995925,-0.5326068490228867,-1.8609990703817303,2.615934912194404,0.44468582126144574,1,0,0,0,0,0,0,0,0,0,0.0
21121_2010,-0.5038145147847537,-0.06525925286433827,0.8597401455647914,0.5250843344142143,0.10367019473196988,0.2118506717778889,0.14917418433191287,0.7283985454794416,0.31526835424478145,0.298028925196714,-10.794005190995925,-9.343101646355086,-1.8609990703817303,0.9139850081996772,0.44468582126144574,1.9430489167742813,1,0,0,0,0,0,0,0,0,0,0.0
21125_2008,0.02948696096812681,-0.10117816706678393,0.4857678540991989,0.4162407992837505,0.2432248167717743,0.20920982783073055,0.9117668391277016,1.1689669561133649,0.07326205600192233,0.1740339338878237,-13.645700396287365,-13.680899536813474,-0.3672854179443876,-0.09474596579457108,1.9459101490553128,1.916922612182061,0,0,0,0,0,0,1,0,0,0,0.0
21125_2009,-0.10117816706678393,-0.0836495066412444,0.4162407992837505,0.7267171260006805,0.20920982783073055,0.3427511250633952,1.1689669561133649,0.41065232259875617,0.1740339338878237,0.3537439254991847,-13.680899536813474,-14.429106372915466,-0.09474596579457108,-0.9914069415168154,1.916922612182061,0.6678293725756554,0,0,0,0,0,0,1,0,0,0,0.0
21125_2010,-0.0836495066412444,-0.14933592292797884,0.7267171260006805,0.5659606468460039,0.3427511250633952,0.2259579230345628,0.41065232259875617,0.8290083363398141,0.3537439254991847,0.27059198775188353,-14.429106372915466,-14.123783193294166,-0.9914069415168154,0.4559366189847478,0.6678293725756554,1.1908875647772803,0,0,0,0,0,0,1,0,0,0,0.0
21128_2008,0.0,0.0,0.0,0.0,0.0,0.0,0.0,0.0,0.0,0.0,0.0,0.0,0.0,0.0,0.0,0.0,0,0,0,0,0,1,0,0,0,0,0.0
21128_2009,0.0,0.0,0.0,0.0,0.0,0.0,0.0,0.0,0.0,0.0,0.0,0.0,0.0,0.0,0.0,0.0,0,0,0,0,0,1,0,0,0,0,0.0
21128_2010,0.0,0.0,0.0,0.0,0.0,0.0,0.0,0.0,0.0,0.0,0.0,0.0,0.0,0.0,0.0,0.0,0,0,0,0,0,1,0,0,0,0,0.0
21130_2008,0.049542202926045234,-0.19965695265512184,0.4041923516557835,0.46399505932580004,0.11806441126893713,0.3155507074712808,1.1694244916739962,1.1404164990642398,0.08629029885807693,0.07293930562767488,-8.50798881843728,-8.930703800823784,-0.21135516747745914,-0.467630377717881,2.7080502011022096,2.7080502011022096,0,0,1,0,0,0,0,0,0,0,0.0
21130_2009,-0.19965695265512184,-0.13552182982479544,0.46399505932580004,0.4964455456482195,0.3155507074712808,0.5049679882227828,1.1404164990642398,1.2690242602313042,0.07293930562767488,0.09475655309571976,-8.930703800823784,-8.62460738856159,-0.467630377717881,-0.005946519129520989,2.7080502011022096,2.7080502011022096,0,0,1,0,0,0,0,0,0,0,0.0
21130_2010,-0.13552182982479544,0.008765188799978917,0.4964455456482195,0.4816652203637509,0.5049679882227828,0.462091916957339,1.2690242602313042,1.3126859435598213,0.09475655309571976,0.11739687983865447,-8.62460738856159,-8.825997313887768,-0.005946519129520989,-0.28372566441875,2.7080502011022096,2.7080502011022096,0,0,1,0,0,0,0,0,0,0,0.0
21132_2008,0.04278614952459578,0.05336527840251536,0.37108434786315597,0.3780367819057572,0.010152050812910693,0.024374490878238585,1.9346485687473485,1.8192596675728,0.13665947114497984,0.04162090333654448,-7.9174082803642865,-7.8459281985055975,-0.4499365364044032,0.04889916023573798,2.7080502011022096,2.7080502011022096,0,0,0,0,0,0,0,0,1,0,0.0
21132_2009,0.05336527840251536,0.03769704195423413,0.3780367819057572,0.4912193887152124,0.024374490878238585,0.006954890065216616,1.8192596675728,1.3820841507788777,0.04162090333654448,0.16770368250547735,-7.8459281985055975,-7.591401995447844,0.04889916023573798,0.23811539365390724,2.7080502011022096,2.7080502011022096,0,0,0,0,0,0,0,0,1,0,0.0
21132_2010,0.03769704195423413,-0.015698564736490558,0.4912193887152124,0.4354379747254559,0.006954890065216616,0.022661003124456784,1.3820841507788777,1.6154380322356638,0.16770368250547735,0.10184186405607727,-7.591401995447844,-7.714473012275687,0.23811539365390724,-0.12566639569569388,2.7080502011022096,2.7080502011022096,0,0,0,0,0,0,0,0,1,0,0.0
21157_2008,0.038505677109027164,0.048273239016144914,0.3325158268507183,0.4086957168423273,0.029114048545849806,0.036719533942129484,2.171323519864598,1.5622686886906612,0.05269084018798854,0.06820865458463676,-6.867505534487593,-7.27625306808375,0.10245166127951004,-0.4574167595897271,2.7080502011022096,2.7080502011022096,0,0,0,0,0,0,0,0,0,1,0.0
21157_2009,0.048273239016144914,0.041737854797424284,0.4086957168423273,0.6113080653468186,0.036719533942129484,0.05395619636575693,1.5622686886906612,0.7537496644253703,0.06820865458463676,0.1296796757687944,-7.27625306808375,-7.593348795496549,-0.4574167595897271,-0.3728052199620101,2.7080502011022096,2.0241930674493576,0,0,0,0,0,0,0,0,0,1,0.0
21157_2010,0.041737854797424284,-0.018330844242307284,0.6113080653468186,0.4513606687441138,0.05395619636575693,0.12329674996313827,0.7537496644253703,1.2092804524767475,0.1296796757687944,0.27443109428563417,-7.593348795496549,-7.227738204253025,-0.3728052199620101,0.4776370572633941,2.0241930674493576,2.4570214462984645,0,0,0,0,0,0,0,0,0,1,0.0
21158_2008,0.03385809597280452,0.10616951616067763,0.4212767941343496,0.4091065356058111,0.07144400251231177,0.09149881938211124,2.4420591639031812,1.6364882830132907,0.05206901303610517,0.05314536219021819,-6.624486195202638,-6.840113262694072,-0.09618578311018082,-0.12534651185865112,2.7080502011022096,2.7080502011022096,0,0,0,0,0,1,0,0,0,0,0.0
21158_2009,0.10616951616067763,-0.0033234334775500106,0.4091065356058111,0.4317731931655384,0.09149881938211124,0.07671212889961326,1.6364882830132907,1.9508260209635075,0.05314536219021819,0.08124581743618241,-6.840113262694072,-6.4446426524104865,-0.12534651185865112,0.29344371172695155,2.7080502011022096,2.7080502011022096,0,0,0,0,0,1,0,0,0,0,0.0
21158_2010,-0.0033234334775500106,0.010723113894018976,0.4317731931655384,0.44753648031689774,0.07671212889961326,0.08394261405141727,1.9508260209635075,1.823184741400501,0.08124581743618241,0.10288264463762883,-6.4446426524104865,-6.747979957700412,0.29344371172695155,-0.16368208667272238,2.7080502011022096,2.7080502011022096,0,0,0,0,0,1,0,0,0,0,0.0
21161_2008,0.02539974104651711,0.026582504345998428,0.4031688404637737,0.465882491970672,0.10191125608418136,0.06349499742748847,2.217700057650985,1.7634567552148686,0.044827639829151486,0.06612219518938811,-6.985688241951751,-7.386831848248752,-0.09763854284086294,-0.4092354481945189,2.7080502011022096,2.7080502011022096,0,1,0,0,0,0,0,0,0,0,0.0
21161_2009,0.026582504345998428,-0.037548921635304516,0.465882491970672,0.624406875889386,0.06349499742748847,0.09872197299512286,1.7634567552148686,1.3246642295523514,0.06612219518938811,0.1962920813042586,-7.386831848248752,-7.580790241919682,-0.4092354481945189,-0.30259670399499444,2.7080502011022096,2.4096441652874536,0,1,0,0,0,0,0,0,0,0,0.0
21161_2010,-0.037548921635304516,-0.016343628449845243,0.624406875889386,0.5678294518257708,0.09872197299512286,0.12619424589962475,1.3246642295523514,1.6979017280827555,0.1962920813042586,0.24494363926321144,-7.580790241919682,-7.601831820052383,-0.30259670399499444,0.2720123980026036,2.4096441652874536,2.6253929674212007,0,1,0,0,0,0,0,0,0,0,0.0
21168_2008,0.0527930893618355,0.06396671389242102,0.22463509518350214,0.2663938738789836,0.10734005107937318,0.0960735813429947,2.8453641110453702,2.48937204880128,0.06356440837874476,0.07327322686786891,-7.294930344998231,-7.5187610655685075,0.2122098250681782,-0.2633686782303639,2.7080502011022096,2.7080502011022096,0,0,1,0,0,0,0,0,0,0,0.0
21168_2009,0.06396671389242102,0.04577289536990059,0.2663938738789836,0.30840771728247635,0.0960735813429947,0.08476032517376618,2.48937204880128,2.313816156899002,0.07327322686786891,0.11619759405989286,-7.5187610655685075,-7.221938517097517,-0.2633686782303639,0.14779543497023725,2.7080502011022096,2.7080502011022096,0,0,1,0,0,0,0,0,0,0,0.0
21168_2010,0.04577289536990059,0.05576853459078631,0.30840771728247635,0.2372877816041808,0.08476032517376618,0.1268201901875125,2.313816156899002,2.4094779071661017,0.11619759405989286,0.10692643507047184,-7.221938517097517,-7.2247259849155165,0.14779543497023725,0.04549826718707889,2.7080502011022096,2.7080502011022096,0,0,1,0,0,0,0,0,0,0,0.0
2116_2008,0.04636488284320677,0.07471591154104468,0.350701133818418,0.41739676105934337,0.08460223416399544,0.14784540515182545,1.2874468390967049,0.8572311808176482,0.11690448987839752,0.09451738698232102,-9.760910905308199,-10.104239262827619,0.13097308134804256,-0.3581800437753327,2.7080502011022096,2.7080502011022096,0,0,1,0,0,0,0,0,0,0,0.0
2116_2009,0.07471591154104468,-0.09270825035357537,0.41739676105934337,0.5103075550865884,0.14784540515182545,0.1685359693581056,0.8572311808176482,0.6149477979908337,0.09451738698232102,0.133148715009385,-10.104239262827619,-9.61617236506243,-0.3581800437753327,0.4411605927633532,2.7080502011022096,2.7080502011022096,0,0,1,0,0,0,0,0,0,0,0.0
2116_2010,-0.09270825035357537,0.0725507639160946,0.5103075550865884,0.253525102178412,0.1685359693581056,0.11133400990942192,0.6149477979908337,1.2330065651981423,0.133148715009385,0.2279216189193165,-9.61617236506243,-9.4959943032126,0.4411605927633532,0.5518290905152033,2.7080502011022096,2.7080502011022096,0,0,1,0,0,0,0,0,0,0,0.0
21170_2008,0.01565076219601217,-0.11835467597982152,0.10394909219739423,0.22315751768603925,0.06523097527218505,0.008447509029581206,0.9517711893371557,0.6258522050919479,0.033601645283878434,0.050511660977800896,-12.530080755235483,-13.111184895948954,-0.05876316009342936,-0.5874755332384782,1.814417493120639,1.2441545939587682,0,0,0,1,0,0,0,0,0,0,0.0
21170_2009,-0.11835467597982152,0.0,0.22315751768603925,0.0,0.008447509029581206,0.0,0.6258522050919479,0.0,0.050511660977800896,0.0,-13.111184895948954,0.0,-0.5874755332384782,0.0,1.2441545939587682,0.0,0,0,0,1,0,0,0,0,0,0,0.0
21170_2010,0.0,0.0,0.0,0.0,0.0,0.0,0.0,0.0,0.0,0.0,0.0,0.0,0.0,0.0,0.0,0.0,0,0,0,1,0,0,0,0,0,0,0.0
21174_2008,-0.0183077521163054,-0.5771041431366719,0.5826263213361231,0.7830479247699389,0.002304222951910475,0.005445339828142747,1.1267015791429047,2.1170597262202104,0.05964022429407515,0.05754875593634243,-8.57038916093032,-9.798023466275463,-0.37111905276909823,-1.1449635696650278,2.7080502011022096,2.5273273656719524,0,0,0,0,0,0,0,1,0,0,0.0
21174_2009,-0.5771041431366719,-0.0011174193027269613,0.7830479247699389,0.9813201204652108,0.005445339828142747,0.001413531175659163,2.1170597262202104,1.2278787261358688,0.05754875593634243,0.28971873606256016,-9.798023466275463,-12.047358390258355,-1.1449635696650278,-2.179702814895142,2.5273273656719524,-0.2231435513142097,0,0,0,0,0,0,0,1,0,0,0.0
21174_2010,-0.0011174193027269613,0.015761744663408073,0.9813201204652108,0.9128669832594768,0.001413531175659163,0.001794140541553032,1.2278787261358688,1.6333304692471158,0.28971873606256016,0.5135661025856081,-12.047358390258355,-10.757919857810716,-2.179702814895142,1.3829461562459713,-0.2231435513142097,1.2641267271456829,0,0,0,0,0,0,0,1,0,0,0.0
21175_2008,0.038697888119047764,0.03666564961073255,0.3624257173326833,0.1957149119729252,0.0994512627955936,0.08241681927281201,6.173609086016139,5.5936489259794975,0.14443691270396675,0.2256267888199723,-7.7253361376364245,-6.875363254417138,-0.12719800821260088,0.11678095852226945,2.7080502011022096,2.7080502011022096,0,0,0,0,0,0,0,0,0,0,0.0
21175_2009,0.03666564961073255,0.07747090663402498,0.1957149119729252,0.5928979847173513,0.08241681927281201,0.13871793266645624,5.5936489259794975,1.599788558482541,0.2256267888199723,0.22562749179112426,-6.875363254417138,-8.156643738748249,0.11678095852226945,-1.1415552616752305,2.7080502011022096,2.2905125117597764,0,0,0,0,0,0,0,0,0,0,0.0
21175_2010,0.07747090663402498,0.045236283015444426,0.5928979847173513,0.3524892572067364,0.13871793266645624,0.11327326270910353,1.599788558482541,2.5408333163457013,0.22562749179112426,0.13063028940598606,-8.156643738748249,-7.493532767531444,-1.1415552616752305,0.5428573731303485,2.2905125117597764,2.7080502011022096,0,0,0,0,0,0,0,0,0,0,0.0
21177_2008,0.0529573763049226,0.02894040619251468,0.20269547098482799,0.17051652045766272,0.03192205257542933,0.023940389457320924,2.772169173884716,3.3297350359229663,0.03741060462083663,0.047507885975105885,-5.462674833620241,-5.218627376530312,0.1309968641652408,0.2669298820261206,2.7080502011022096,2.7080502011022096,0,0,1,0,0,0,0,0,0,0,0.0
21177_2009,0.02894040619251468,0.051080415569474576,0.17051652045766272,0.17857657385016928,0.023940389457320924,0.024436457731163368,3.3297350359229663,3.6543245129300734,0.047507885975105885,0.05184592460548169,-5.218627376530312,-4.729864878314916,0.2669298820261206,0.5692235785867001,2.7080502011022096,2.7080502011022096,0,0,1,0,0,0,0,0,0,0,0.0
21177_2010,0.051080415569474576,0.054555165737658486,0.17857657385016928,0.1940898019025332,0.024436457731163368,0.02152957100963187,3.6543245129300734,3.4737597450968987,0.05184592460548169,0.059113254815128816,-4.729864878314916,-4.992656334197366,0.5692235785867001,-0.2232776979074041,2.7080502011022096,2.7080502011022096,0,0,1,0,0,0,0,0,0,0,0.0
21179_2008,0.03215178731416541,0.05370239334110859,0.1225701726913787,0.2517102686790781,0.01288278524783514,0.020986743931867557,4.9958219116190445,4.941064557510461,0.0573085775105042,0.07035094820103821,-6.269737763970606,-6.794322657858808,0.18216109091736785,-0.4429920998810878,2.7080502011022096,2.7080502011022096,0,0,0,0,0,1,0,0,0,0,0.0
21179_2009,0.05370239334110859,0.0665226754181927,0.2517102686790781,0.3933386546525667,0.020986743931867557,0.039245991308437964,4.941064557510461,3.871613517277649,0.07035094820103821,0.10613059349925684,-6.794322657858808,-6.981555394884183,-0.4429920998810878,-0.19167670730203892,2.7080502011022096,2.7080502011022096,0,0,0,0,0,1,0,0,0,0,0.0
21179_2010,0.0665226754181927,0.04833552269603307,0.3933386546525667,0.3008024819498416,0.039245991308437964,0.08168575102930728,3.871613517277649,3.8860034063824704,0.10613059349925684,0.14292554990381634,-6.981555394884183,-6.846726658849423,-0.19167670730203892,0.12456008232117186,2.7080502011022096,2.7080502011022096,0,0,0,0,0,1,0,0,0,0,0.0
21185_2008,0.037840286112036985,0.03290799128550466,0.29445707920420805,0.29201630492256697,0.014670056132411447,0.013528840861818584,2.246767311445431,1.6824433053764003,0.057676188126102076,0.0577267772860022,-6.214675392168088,-5.389938187781165,0.002452570880274118,0.14962852025771728,2.7080502011022096,2.7080502011022096,0,0,0,0,1,0,0,0,0,0,0.0
21185_2009,0.03290799128550466,0.04745537479883747,0.29201630492256697,0.389817811324282,0.013528840861818584,0.01998027735062663,1.6824433053764003,1.1775213219352632,0.0577267772860022,0.0507167070747772,-5.389938187781165,-5.2481952302631285,0.14962852025771728,0.11724382124178173,2.7080502011022096,2.7080502011022096,0,0,0,0,1,0,0,0,0,0,0.0
21185_2010,0.04745537479883747,0.05232154932941073,0.389817811324282,0.3657412198253938,0.01998027735062663,0.015444483311251922,1.1775213219352632,1.221765523199949,0.0507167070747772,0.08280883010637119,-5.2481952302631285,-5.386818709741751,0.11724382124178173,-0.11580156717321875,2.7080502011022096,2.7080502011022096,0,0,0,0,1,0,0,0,0,0,0.0
21188_2008,0.03722146881399512,0.021268354799115527,0.2065490140961559,0.18025115753040472,0.0731450804673958,0.05344555617040974,3.742403714937529,4.354651288538961,0.04937107621957816,0.05751931940784755,-4.901399566814381,-4.622400600476625,0.12906677669252756,0.244278056614263,2.7080502011022096,2.7080502011022096,0,0,0,0,1,0,0,0,0,0,0.0
21188_2009,0.021268354799115527,0.08666142166994575,0.18025115753040472,0.2888780646583615,0.05344555617040974,0.06089073611110987,4.354651288538961,2.751146211879892,0.05751931940784755,0.10636316285445344,-4.622400600476625,-4.805392866457383,0.244278056614263,0.0038348859969381532,2.7080502011022096,2.7080502011022096,0,0,0,0,1,0,0,0,0,0,0.0
21188_2010,0.08666142166994575,0.07858425259461674,0.2888780646583615,0.30819648306411623,0.06089073611110987,0.05850282173463112,2.751146211879892,1.7605811527955344,0.10636316285445344,0.0963473769729092,-4.805392866457383,-4.488054802956587,0.0038348859969381532,-0.04994540001353606,2.7080502011022096,2.7080502011022096,0,0,0,0,1,0,0,0,0,0,0.0
21189_2008,0.038676155313644094,0.03853433473644334,0.3586212257279025,0.29830131435344986,0.008203911529283047,0.009309232185352937,2.7649844249244047,2.82759358822758,0.0488254306048491,0.05869863645479127,-8.67903266786511,-8.720673141953133,-0.07640880955960988,-0.08685802989586845,2.7080502011022096,2.7080502011022096,0,0,0,0,0,0,0,1,0,0,0.0
21189_2009,0.03853433473644334,0.05122426339446859,0.29830131435344986,0.4837325155627477,0.009309232185352937,0.014318389652053697,2.82759358822758,1.6066550026783866,0.05869863645479127,0.1271864793897383,-8.720673141953133,-9.453800721658112,-0.08685802989586845,-0.5894822148137633,2.7080502011022096,2.7080502011022096,0,0,0,0,0,0,0,1,0,0,0.0
21189_2010,0.05122426339446859,-0.048086405006403495,0.4837325155627477,0.4759603899218108,0.014318389652053697,0.012533072762772416,1.6066550026783866,1.7544905723351427,0.1271864793897383,0.16831211446512653,-9.453800721658112,-9.094177978628576,-0.5894822148137633,0.3617287732630983,2.7080502011022096,2.7080502011022096,0,0,0,0,0,0,0,1,0,0,0.0
21193_2008,0.09903709710115548,0.09164667066586682,0.017555240218933708,0.02858428314337132,0.017494425299006692,0.028374325134973,5.706514379912277,6.517285789028858,0.050245537685633064,0.04443301398085129,-11.785432834053562,-11.506191041615839,-0.3740300601411948,0.17536002736363585,2.7080502011022096,2.7080502011022096,0,0,0,0,0,0,0,0,0,0,0.0
21193_2009,0.09164667066586682,0.177734233815587,0.02858428314337132,0.037847103896238014,0.028374325134973,0.037666387847620234,6.517285789028858,5.407050719391582,0.04443301398085129,0.1139822439701246,-11.506191041615839,-11.564956496923784,0.17536002736363585,-0.018188445021528662,2.7080502011022096,2.7080502011022096,0,0,0,0,0,0,0,0,0,0,0.0
21193_2010,0.177734233815587,0.05493264891406557,0.037847103896238014,0.01707713721444026,0.037666387847620234,0.01707713721444026,5.407050719391582,5.447805879501583,0.1139822439701246,0.16912792319695966,-11.564956496923784,-11.87988942139574,-0.018188445021528662,-0.22217102852313028,2.7080502011022096,2.7080502011022096,0,0,0,0,0,0,0,0,0,0,0.0
21194_2008,0.05094107448323641,0.06307773105609531,0.012700361195301551,0.02362647133512916,0.01481263179409907,0.025961786630371828,9.700516302888351,9.497225654818154,0.0919426391600099,0.06177824672285453,-10.463470126507556,-10.765005309542762,0.18325267136171894,-0.21785831137418835,2.7080502011022096,2.7080502011022096,1,0,0,0,0,0,0,0,0,0,0.0
21194_2009,0.06307773105609531,0.3062907544717832,0.02362647133512916,0.013737586478327742,0.025961786630371828,0.02291659120564769,9.497225654818154,7.6587148863830485,0.06177824672285453,0.1928488415144708,-10.765005309542762,-11.142254047983727,-0.21785831137418835,-0.4884439248998233,2.7080502011022096,2.1598687907924505,1,0,0,0,0,0,0,0,0,0,0.0
21194_2010,0.3062907544717832,0.06491443666975982,0.013737586478327742,0.052625419038781464,0.02291659120564769,0.05379580167030321,7.6587148863830485,9.46978749717972,0.1928488415144708,0.15368469030546145,-11.142254047983727,-10.987242734264104,-0.4884439248998233,0.11162472919677374,2.1598687907924505,2.5494451709255714,1,0,0,0,0,0,0,0,0,0,0.0
211_2008,-0.009119150490703684,-0.2631619937694704,0.3884977847605811,0.6460280373831776,0.08465428256731554,0.1471183800623053,1.7614043193881934,1.444921316165951,0.16961735239393527,0.12616886765238153,-7.038939841635719,-7.949306397004674,-0.8248464772672536,-0.7461258828348654,2.7080502011022096,2.0149030205422647,0,0,0,0,0,0,1,0,0,0,0.0
211_2009,-0.2631619937694704,-0.3479553970150863,0.6460280373831776,0.8522548587961507,0.1471183800623053,0.12309848777551148,1.444921316165951,22.78054862842893,0.12616886765238153,0.2316196822849345,-7.949306397004674,-8.694813722419267,-0.7461258828348654,-0.8365181421240997,2.0149030205422647,0.7701082216960737,0,0,0,0,0,0,1,0,0,0,0.0
211_2010,-0.3479553970150863,0.02714942581852631,0.8522548587961507,0.5310023336953257,0.12309848777551148,0.1932230411978096,22.78054862842893,5.269029339805699,0.2316196822849345,0.20414207838267145,-8.694813722419267,-7.33294741416579,-0.8365181421240997,1.1894643425986988,0.7701082216960737,2.2700619012884857,0,0,0,0,0,0,1,0,0,0,0.0
21201_2008,0.028130381241313868,0.023891517629897774,0.5464193799324439,0.5245872682730057,0.02463384407685688,0.026219941337654342,2.022926616504164,2.4595364750349766,0.039914060790031534,0.051196812256344496,-6.502093396013253,-6.31696436145068,0.1787591260222477,0.2355301688339056,2.7080502011022096,2.7080502011022096,0,0,0,0,0,0,0,0,1,0,0.0
21201_2009,0.023891517629897774,0.028142471752408138,0.5245872682730057,0.6428960497353395,0.026219941337654342,0.04384142181601616,2.4595364750349766,1.8002300954766943,0.051196812256344496,0.08173879576596953,-6.31696436145068,-6.212363450484864,0.2355301688339056,0.1568143686870807,2.7080502011022096,2.7080502011022096,0,0,0,0,0,0,0,0,1,0,0.0
21201_2010,0.028142471752408138,0.028486489010025026,0.6428960497353395,0.6475782165998775,0.04384142181601616,0.03922482858928948,1.8002300954766943,1.664280325186816,0.08173879576596953,0.06900739925534405,-6.212363450484864,-6.464672405101756,0.1568143686870807,-0.2273888920755533,2.7080502011022096,2.7080502011022096,0,0,0,0,0,0,0,0,1,0,0.0
21205_2008,0.05639523701087577,0.05656049714986808,0.1619221333755527,0.17429360230118038,0.02808778618199422,0.03417656993308678,3.896836730020953,3.6126379239336535,0.06620386063498825,0.045545937226516994,-5.401863003309368,-5.365820878688671,-0.036248967821279364,0.1095398683174519,2.7080502011022096,2.7080502011022096,0,1,0,0,0,0,0,0,0,0,0.0
21205_2009,0.05656049714986808,0.06273745924336209,0.17429360230118038,0.2764074649438762,0.03417656993308678,0.04028977873952328,3.6126379239336535,3.0979079155014135,0.045545937226516994,0.05627219829983448,-5.365820878688671,-5.282815202152122,0.1095398683174519,0.09504354935470928,2.7080502011022096,2.7080502011022096,0,1,0,0,0,0,0,0,0,0,0.0
21205_2010,0.06273745924336209,0.04392431688604552,0.2764074649438762,0.19187484244489916,0.04028977873952328,0.05205437366013036,3.0979079155014135,3.38352763198225,0.05627219829983448,0.08933069872569985,-5.282815202152122,-5.133584139540837,0.09504354935470928,0.13307318811805569,2.7080502011022096,2.7080502011022096,0,1,0,0,0,0,0,0,0,0,0.0
21206_2008,0.033582181400042904,0.04148976680477644,0.3781072308942003,0.4226177958892924,0.06562591208149746,0.021976314837233186,1.910102529817676,1.5426378405520105,0.03170113778357631,0.04018769285375822,-9.105271698005986,-9.26368984956238,-0.05547780968610819,-0.2117185798670386,2.7080502011022096,2.7080502011022096,0,0,0,0,0,0,0,0,1,0,0.0
21206_2009,0.04148976680477644,0.03510784705064296,0.4226177958892924,0.5523209052973274,0.021976314837233186,0.0434060654444313,1.5426378405520105,1.2382463922017932,0.04018769285375822,0.08731982639577067,-9.26368984956238,-8.948016578910693,-0.2117185798670386,0.2473279836359981,2.7080502011022096,2.7080502011022096,0,0,0,0,0,0,0,0,1,0,0.0
21206_2010,0.03510784705064296,0.023421577646753462,0.5523209052973274,0.5583166566581018,0.0434060654444313,0.009867779434779737,1.2382463922017932,1.2088648858597395,0.08731982639577067,0.06640492856544711,-8.948016578910693,-9.071804842142845,0.2473279836359981,-0.24714056405476376,2.7080502011022096,2.7080502011022096,0,0,0,0,0,0,0,0,1,0,0.0
21224_2008,0.006412834059456465,0.002999548687661425,0.9314409744219716,0.94794711938453,0.19313770586695725,0.2001191577399493,2.0574559990097607,1.7018992563865576,0.05103806027914719,0.11307081996718946,-5.0041821664260215,-5.435359228238854,0.17648886984184914,-0.4609103114682937,2.7080502011022096,2.7080502011022096,0,0,0,0,0,1,0,0,0,0,0.0
21224_2009,0.002999548687661425,0.002738064566627766,0.94794711938453,0.9752145479103196,0.2001191577399493,0.33767698564845383,1.7018992563865576,0.5141502806732146,0.11307081996718946,0.19583993621609933,-5.435359228238854,-6.146919816347637,-0.4609103114682937,-0.7034442810754773,2.7080502011022096,2.7080502011022096,0,0,0,0,0,1,0,0,0,0,0.0
21224_2010,0.002738064566627766,0.0017734897518617997,0.9752145479103196,0.9469354842849492,0.33767698564845383,0.2620851560420374,0.5141502806732146,1.0765679595939202,0.19583993621609933,0.10648238752876132,-6.146919816347637,-5.508228347342087,-0.7034442810754773,0.08391169528898322,2.7080502011022096,2.7080502011022096,0,0,0,0,0,1,0,0,0,0,0.0
21230_2008,0.051751768380967206,-0.0008802639153377256,0.30323058823822113,0.3478838922554093,0.2210864948042412,0.15460308684482585,2.4213241904407394,2.070469837167629,0.06638351677323008,0.0624250916075336,-5.5455790788550665,-5.861332804203764,-0.2044889651556499,-0.23008666944671796,2.7080502011022096,2.7080502011022096,0,0,0,0,0,0,1,0,0,0,0.0
21230_2009,-0.0008802639153377256,-0.1491902719084104,0.3478838922554093,0.6454834525877077,0.15460308684482585,0.24533433262224225,2.070469837167629,1.054377098419155,0.0624250916075336,0.16668318870251847,-5.861332804203764,-6.661937798813305,-0.23008666944671796,-0.5337422237247951,2.7080502011022096,1.4883995840570443,0,0,0,0,0,0,1,0,0,0,0.0
21230_2010,-0.1491902719084104,-0.0015150661745256414,0.6454834525877077,0.4669968679126095,0.24533433262224225,0.2365582734852487,1.054377098419155,1.6939597625670602,0.16668318870251847,0.13224168587804594,-6.661937798813305,-6.316431976463938,-0.5337422237247951,0.2638867352767058,1.4883995840570443,2.0489823341951268,0,0,0,0,0,0,1,0,0,0,0.0
21236_2008,0.049449295071412616,0.03558936979567525,0.26106112459345343,0.25270556264437405,0.04209797353329015,0.03127971356195915,2.072939946809928,2.6090290999766195,0.08775025020264597,0.06053223754968112,-7.1991077631610025,-6.686364217202572,-0.21920219496512827,0.5175927448380137,2.7080502011022096,2.7080502011022096,0,0,0,0,0,0,0,0,0,0,0.0
21236_2009,0.03558936979567525,0.13054804683582413,0.25270556264437405,0.36539889512997775,0.03127971356195915,0.08151440614164777,2.6090290999766195,1.3018837822646607,0.06053223754968112,0.12313642240114213,-6.686364217202572,-6.834574462227424,0.5175927448380137,-0.08374222977973639,2.7080502011022096,2.7080502011022096,0,0,0,0,0,0,0,0,0,0,0.0
21236_2010,0.13054804683582413,0.053118994853497095,0.36539889512997775,0.3431044001794433,0.08151440614164777,0.06850054087935607,1.3018837822646607,1.3545274941176042,0.12313642240114213,0.08393277653054046,-6.834574462227424,-6.8662274365463,-0.08374222977973639,-0.092287304407748,2.7080502011022096,2.7080502011022096,0,0,0,0,0,0,0,0,0,0,0.0
21242_2008,0.12035049675834755,0.08888038999795866,0.27080029601437783,0.28345513450559473,0.11393910561370126,0.17677577805439093,2.5554043947863607,2.0940946917351257,0.10700294071591383,0.11170378668269172,-8.1695295107079,-8.472476259741283,-0.3131790059790001,-0.295813727821752,2.7080502011022096,2.7080502011022096,0,0,1,0,0,0,0,0,0,0,0.0
21242_2009,0.08888038999795866,0.03100669130741613,0.28345513450559473,0.22417771432938965,0.17677577805439093,0.35270003798236704,2.0940946917351257,1.6955541682238218,0.11170378668269172,0.1162859182642469,-8.472476259741283,-8.056870432972023,-0.295813727821752,0.0951481906935206,2.7080502011022096,2.7080502011022096,0,0,1,0,0,0,0,0,0,0,0.0
21242_2010,0.03100669130741613,0.03948445035243334,0.22417771432938965,0.13118502146753827,0.35270003798236704,0.301954961058466,1.6955541682238218,2.109712180639848,0.1162859182642469,0.13302918171310635,-8.056870432972023,-7.763188813854735,0.0951481906935206,0.21491789208679368,2.7080502011022096,2.7080502011022096,0,0,1,0,0,0,0,0,0,0,0.0
21244_2008,0.014353052691652341,0.01774964588379554,0.6658691712711526,0.7139731546822823,0.00889656213432457,0.0052685632150407434,1.2752098075718774,1.0181532701207336,0.04003958643249339,0.05490696562645269,-7.567702981309505,-7.817854182266817,0.05529355984062007,-0.2480211639158977,2.7080502011022096,2.7080502011022096,0,0,0,0,0,0,0,0,1,0,0.0
21244_2009,0.01774964588379554,0.004314098220144511,0.7139731546822823,0.8357008949640444,0.0052685632150407434,0.016775835104156884,1.0181532701207336,0.6602580172850404,0.05490696562645269,0.05500740771906135,-7.817854182266817,-7.8670817733321785,-0.2480211639158977,-0.12643442965393142,2.7080502011022096,2.395164274287139,0,0,0,0,0,0,0,0,1,0,0.0
21244_2010,0.004314098220144511,0.01165898623138528,0.8357008949640444,0.772138722506295,0.016775835104156884,0.010234415566457176,0.6602580172850404,0.8874741507334662,0.05500740771906135,0.08762953887400086,-7.8670817733321785,-7.758244934292627,-0.12643442965393142,0.166310047927635,2.395164274287139,2.7080502011022096,0,0,0,0,0,0,0,0,1,0,0.0
21245_2008,0.03538922454361318,-0.0021126770877423727,0.3190804168961793,0.3221289438469714,0.09499519649897424,0.06339495857395397,1.8341787066401767,2.0025010414395976,0.11410430649820374,0.07257384195718375,-10.140395932513252,-10.050542124339872,-0.36947617096713664,0.03787693963649694,2.336019869080283,2.4362414778067194,0,1,0,0,0,0,0,0,0,0,0.0
21245_2009,-0.0021126770877423727,0.038119192779225035,0.3221289438469714,0.25192163969505565,0.06339495857395397,0.033819526115391886,2.0025010414395976,2.775307387257956,0.07257384195718375,0.1302789105569328,-10.050542124339872,-9.397402960772185,0.03787693963649694,0.5950918058938017,2.4362414778067194,2.5952547069568657,0,1,0,0,0,0,0,0,0,0,0.0
21245_2010,0.038119192779225035,-0.021191623656954938,0.25192163969505565,0.3918025643757539,0.033819526115391886,0.0665891112732407,2.775307387257956,1.7674283149028502,0.1302789105569328,0.1693895100761451,-9.397402960772185,-10.289653500178352,0.5950918058938017,-0.8069451035868958,2.5952547069568657,1.937301774518713,0,1,0,0,0,0,0,0,0,0,0.0
21247_2008,0.04371117237809522,0.03769729712068213,0.5610835234069623,0.6484526103816329,0.08096033528033267,0.11879081085957392,1.2997900804223663,0.939743965417986,0.08031938112045937,0.09786735739338907,-9.551041148990944,-9.872057654863076,-0.10678638939142188,-0.3878363206295184,2.7080502011022096,2.7080502011022096,0,0,0,0,0,0,0,0,0,0,0.0
21247_2009,0.03769729712068213,-0.25013415559030405,0.6484526103816329,0.7608056697684978,0.11879081085957392,0.07905291069044572,0.939743965417986,1.153179217194011,0.09786735739338907,0.2379734128558013,-9.872057654863076,-10.355504032410602,-0.3878363206295184,-0.5636267301126394,2.7080502011022096,2.7080502011022096,0,0,0,0,0,0,0,0,0,0,0.0
21247_2010,-0.25013415559030405,0.019524064822406345,0.7608056697684978,0.6852883974321146,0.07905291069044572,0.1608381159968008,1.153179217194011,1.2314964529494392,0.2379734128558013,0.2560594703014299,-10.355504032410602,-10.301748500556508,-0.5636267301126394,0.1458956152078032,2.7080502011022096,2.7080502011022096,0,0,0,0,0,0,0,0,0,0,0.0
21255_2008,0.02594491829833607,0.05473631711291608,0.4303960036885895,0.36630259377362495,0.013078706850305032,0.030294711730984386,1.892002656480608,2.1029360270830466,0.034393821441490814,0.04008231438808239,-8.296301224402772,-8.102403476758182,0.0531929555897471,0.1203651806528698,2.7080502011022096,2.7080502011022096,0,0,0,0,0,0,0,0,1,0,0.0
21255_2009,0.05473631711291608,0.045827428714053986,0.36630259377362495,0.4308707371758218,0.030294711730984386,0.011637112277166243,2.1029360270830466,1.878096434051941,0.04008231438808239,0.1035911920949969,-8.102403476758182,-8.060655636863679,0.1203651806528698,0.10102634379242216,2.7080502011022096,2.7080502011022096,0,0,0,0,0,0,0,0,1,0,0.0
21255_2010,0.045827428714053986,0.014664224667780498,0.4308707371758218,0.463028412554142,0.011637112277166243,0.05970835800231755,1.878096434051941,2.04976935748764,0.1035911920949969,0.04609674884980117,-8.060655636863679,-7.809788021835967,0.10102634379242216,0.21546383191774987,2.7080502011022096,2.7080502011022096,0,0,0,0,0,0,0,0,1,0,0.0
21256_2008,0.04022162399459624,0.05037080153733516,0.24340432147083715,0.26898267361462835,0.24002259592594574,0.1859482653332869,2.355997275499748,2.044623786440872,0.03347801165681906,0.03278347909861752,-9.838188858155542,-9.896020696083825,0.21330946326513198,-0.07702383175298824,2.7080502011022096,2.7080502011022096,0,0,0,0,1,0,0,0,0,0,0.0
21256_2009,0.05037080153733516,0.03802829197857217,0.26898267361462835,0.3099884517201918,0.1859482653332869,0.243055479316346,2.044623786440872,1.9115974473238628,0.03278347909861752,0.08716743052452203,-9.896020696083825,-9.386877226649345,-0.07702383175298824,0.4307264164516525,2.7080502011022096,2.7080502011022096,0,0,0,0,1,0,0,0,0,0,0.0
21256_2010,0.03802829197857217,0.0528274260991149,0.3099884517201918,0.34658954505282874,0.243055479316346,0.2988827478861907,1.9115974473238628,1.3415681460134177,0.08716743052452203,0.03982749176792603,-9.386877226649345,-9.908101667018581,0.4307264164516525,-0.5278385055289159,2.7080502011022096,2.7080502011022096,0,0,0,0,1,0,0,0,0,0,0.0
21258_2008,-0.06945196732643873,-0.008279959150588947,0.7157098750015947,0.7758042624355194,0.07118177971314954,0.05507568333874895,5.804305090237903,8.321733553929832,0.12665666003206738,0.2065922719411918,-8.262253018691329,-8.583515088213396,-0.1471721163981426,-0.3461020546666469,1.9416152247724323,1.6253112615903906,0,0,0,0,1,0,0,0,0,0,0.0
21258_2009,-0.008279959150588947,0.0029151972614870143,0.7758042624355194,0.9360115367182504,0.05507568333874895,0.060985926710308336,8.321733553929832,3.718443990136534,0.2065922719411918,0.3837743531888382,-8.583515088213396,-9.568623762704974,-0.3461020546666469,-0.9216373709616918,1.6253112615903906,0.13976194237515865,0,0,0,0,1,0,0,0,0,0,0.0
21258_2010,0.0029151972614870143,0.01898608672151981,0.9360115367182504,0.7367007767451751,0.060985926710308336,0.07137550248785254,3.718443990136534,4.80126858673764,0.3837743531888382,0.269311168219265,-9.568623762704974,-8.250142799925113,-0.9216373709616918,1.3201907215857136,0.13976194237515865,1.6845453849209058,0,0,0,0,1,0,0,0,0,0,0.0
21259_2008,0.059021497039320435,0.08772782591354097,0.13643760513731892,0.18185869512382927,0.30316277964231203,0.3254308709819711,1.3951842555360967,1.1959862846596536,0.08541781332261893,0.04257724003578743,-10.346193919028932,-10.483891065164713,0.14126129238851262,-0.19306718415787646,2.7080502011022096,2.7080502011022096,0,1,0,0,0,0,0,0,0,0,0.0
21259_2009,0.08772782591354097,0.07584100903919501,0.18185869512382927,0.0948857999155472,0.3254308709819711,0.2504557360953286,1.1959862846596536,1.5869307899712917,0.04257724003578743,0.09485285706677787,-10.483891065164713,-9.60864460029951,-0.19306718415787646,0.7449285717194951,2.7080502011022096,2.7080502011022096,0,1,0,0,0,0,0,0,0,0,0.0
21259_2010,0.07584100903919501,0.07672084590078151,0.0948857999155472,0.08157229673224074,0.2504557360953286,0.20525915905978712,1.5869307899712917,1.985974989629362,0.09485285706677787,0.09632360940329207,-9.60864460029951,-9.492099909547939,0.7449285717194951,0.18997974444218546,2.7080502011022096,2.7080502011022096,0,1,0,0,0,0,0,0,0,0,0.0
21280_2008,-0.08316786777643062,0.041674396849547865,0.4637257933929597,0.4970050820423753,0.01107388799248959,0.010290004113246034,3.2199320881173654,2.2247023057116384,0.052913093199373866,0.07563843879774479,-8.203914940316581,-8.54330237960204,-0.25495041143264274,-0.29245418918514765,2.7080502011022096,2.7080502011022096,0,0,0,0,0,0,0,1,0,0,0.0
21280_2009,0.041674396849547865,-0.014618397622032875,0.4970050820423753,0.7316025397225934,0.010290004113246034,0.014351753843764845,2.2247023057116384,1.8971300871929957,0.07563843879774479,0.14705260370890832,-8.54330237960204,-8.921678266641338,-0.29245418918514765,-0.40562032157540395,2.7080502011022096,1.99197551589856,0,0,0,0,0,0,0,1,0,0,0.0
21280_2010,-0.014618397622032875,0.004657015197190797,0.7316025397225934,0.580941984163807,0.014351753843764845,0.008550308933759384,1.8971300871929957,2.4769078510338143,0.14705260370890832,0.225009303787458,-8.921678266641338,-8.62852806490513,-0.40562032157540395,0.6143495970596299,1.99197551589856,2.514465452029545,0,0,0,0,0,0,0,1,0,0,0.0
21286_2008,0.032460120392739884,-0.06756561729321843,0.2119961845118764,0.23647966052626446,0.052321938686148366,0.04628567207997783,1.8600567212031245,2.388111363463618,0.10004193866700034,0.05418680004939525,-6.503316221276298,-6.4153789537218575,-0.41894413422579774,0.06249436681304925,2.7080502011022096,2.7080502011022096,1,0,0,0,0,0,0,0,0,0,0.0
21286_2009,-0.06756561729321843,0.03353810686988133,0.23647966052626446,0.2896544352994323,0.04628567207997783,0.017575068898988223,2.388111363463618,2.2036725188636046,0.05418680004939525,0.17062207995302087,-6.4153789537218575,-6.079965501236341,0.06249436681304925,0.13283032761534552,2.7080502011022096,2.7080502011022096,1,0,0,0,0,0,0,0,0,0,0.0
21286_2010,0.03353810686988133,0.03988554503042208,0.2896544352994323,0.29786537329581203,0.017575068898988223,0.1005902989934546,2.2036725188636046,1.9160984422883889,0.17062207995302087,0.11926125141525715,-6.079965501236341,-6.079472419342723,0.13283032761534552,-0.12333859864414687,2.7080502011022096,2.7080502011022096,1,0,0,0,0,0,0,0,0,0,0.0
21294_2008,0.04068764951921347,0.04118283504723737,0.4509158619573604,0.4618159856355846,0.025220298621632657,0.0057948524724937825,1.8762689568768285,1.793468813270542,0.09195783672488222,0.051108076887162485,-6.4579308153392665,-6.490413343501396,-0.09604267392047157,-0.0011821441463496993,2.7080502011022096,2.7080502011022096,0,1,0,0,0,0,0,0,0,0,0.0
21294_2009,0.04118283504723737,0.05058773947114888,0.4618159856355846,0.4920217784227708,0.0057948524724937825,0.018218661417931242,1.793468813270542,1.6617373277297047,0.051108076887162485,0.10243107331922786,-6.490413343501396,-6.1107929807243275,-0.0011821441463496993,0.2752357801838842,2.7080502011022096,2.7080502011022096,0,1,0,0,0,0,0,0,0,0,0.0
21294_2010,0.05058773947114888,0.028437821572218577,0.4920217784227708,0.4679864331459104,0.018218661417931242,0.02986796346946748,1.6617373277297047,1.7191478495232098,0.10243107331922786,0.10792177397473984,-6.1107929807243275,-6.243742637612179,0.2752357801838842,0.015576933018645487,2.7080502011022096,2.7080502011022096,0,1,0,0,0,0,0,0,0,0,0.0
21298_2008,0.08214199524776837,0.08147212885393028,0.0194584692797516,0.017921430887016376,0.019556195966982496,0.018015882494887427,9.991038095562114,9.991351717288568,0.07181752972713933,0.04772370621155747,-10.51950582010193,-10.625069179106296,0.12515596532082282,-0.13259337902159588,2.7080502011022096,2.7080502011022096,0,0,0,0,0,0,0,0,0,0,0.0
21298_2009,0.08147212885393028,0.11691091259967296,0.017921430887016376,0.032876744677888134,0.018015882494887427,0.03307816552834947,9.991351717288568,9.981290946215768,0.04772370621155747,0.08748673260819581,-10.625069179106296,-10.566988879113618,-0.13259337902159588,-0.007728190928643075,2.7080502011022096,2.7080502011022096,0,0,0,0,0,0,0,0,0,0,0.0
21298_2010,0.11691091259967296,0.09527996293234844,0.032876744677888134,0.012011900449827095,0.03307816552834947,0.01233524484910652,9.981290946215768,9.970631699643516,0.08748673260819581,0.09669731117390452,-10.566988879113618,-10.465086254350119,-0.007728190928643075,-0.160935795162622,2.7080502011022096,2.7080502011022096,0,0,0,0,0,0,0,0,0,0,0.0
21299_2008,0.03739670277821458,0.018798804696692376,0.6588767348010023,0.6378435880556129,0.07647121754068625,0.030802004316769188,1.4709347070289736,1.5622728105970984,0.0387059206112037,0.05540789081401932,-7.984396795697265,-7.882860503541018,0.2431572804362667,0.1073435426180837,2.7080502011022096,2.7080502011022096,0,0,0,0,0,0,0,0,1,0,0.0
21299_2009,0.018798804696692376,0.01824401797808337,0.6378435880556129,0.7432175717643333,0.030802004316769188,0.011524152519215023,1.5622728105970984,1.2121249544244772,0.05540789081401932,0.06656190185938668,-7.882860503541018,-7.647785255533838,0.1073435426180837,0.27607969437948554,2.7080502011022096,2.7080502011022096,0,0,0,0,0,0,0,0,1,0,0.0
21299_2010,0.01824401797808337,0.02253381643692817,0.7432175717643333,0.6958775589047734,0.011524152519215023,0.0062572447678265935,1.2121249544244772,1.233105276202891,0.06656190185938668,0.044816939504098,-7.647785255533838,-7.693404975153243,0.27607969437948554,-0.2163947756455531,2.7080502011022096,2.7080502011022096,0,0,0,0,0,0,0,0,1,0,0.0
21300_2008,0.022485873896687728,0.021822640093660896,0.630621960072698,0.6342041773043507,0.0014731438073404453,0.0019322373362130726,1.5211712045582624,1.4577678277585877,0.03335062721019628,0.0464431885246771,-7.212778536941558,-7.213532888900226,0.06676500235258695,-0.05008675995578103,2.7080502011022096,2.7080502011022096,0,0,0,0,0,0,0,0,1,0,0.0
21300_2009,0.021822640093660896,0.02453867388878831,0.6342041773043507,0.680022631925639,0.0019322373362130726,0.009472466216208512,1.4577678277585877,1.1840853470343895,0.0464431885246771,0.05885734483072767,-7.213532888900226,-6.848658820047701,-0.05008675995578103,0.308128769964102,2.7080502011022096,2.7080502011022096,0,0,0,0,0,0,0,0,1,0,0.0
21300_2010,0.02453867388878831,0.02448481301286396,0.680022631925639,0.6508863966412625,0.009472466216208512,0.0038761108816053077,1.1840853470343895,1.2900156218221626,0.05885734483072767,0.05033704774027066,-6.848658820047701,-6.9319730818642356,0.308128769964102,-0.15735811075024655,2.7080502011022096,2.7080502011022096,0,0,0,0,0,0,0,0,1,0,0.0
21303_2008,0.039729039295096163,0.0423635105201282,0.3966205129109665,0.37123688604398375,0.0261510861767332,0.022791095324515898,1.354055431715183,1.4302716092299208,0.02841140463507605,0.03494899438854325,-6.29957428645414,-6.1812457063285615,-0.019173833782520328,0.08607776174154845,2.7080502011022096,2.7080502011022096,0,1,0,0,0,0,0,0,0,0,0.0
21303_2009,0.0423635105201282,-0.03823585984048708,0.37123688604398375,0.5537534154552951,0.022791095324515898,0.04690103885346593,1.4302716092299208,1.2071819193858817,0.03494899438854325,0.09649355287162018,-6.1812457063285615,-6.278926853325938,0.08607776174154845,-0.1462382515578174,2.7080502011022096,2.7080502011022096,0,1,0,0,0,0,0,0,0,0,0.0
21303_2010,-0.03823585984048708,0.04858312152682009,0.5537534154552951,0.5061462216005901,0.04690103885346593,0.09604243419269948,1.2071819193858817,1.3050735794603323,0.09649355287162018,0.10562459563562493,-6.278926853325938,-6.339553298262743,-0.1462382515578174,-0.14772438045264574,2.7080502011022096,2.7080502011022096,0,1,0,0,0,0,0,0,0,0,0.0
21305_2008,0.015249596064593087,0.012842838813009436,0.7840902895178422,0.8413342590604149,0.036793560889165,0.02696565771374961,2.2521998835396646,1.8835074516514447,0.2187510476782503,0.04219621740837102,-4.663743369889155,-4.844711023800145,-0.6667336831690189,-0.19075176446713832,2.7080502011022096,2.7080502011022096,0,0,0,0,0,1,0,0,0,0,0.0
21305_2009,0.012842838813009436,0.001988443746276223,0.8413342590604149,0.9066367304231312,0.02696565771374961,0.053992800962917316,1.8835074516514447,1.6859096192036047,0.04219621740837102,0.1377405386188286,-4.844711023800145,-4.268728532954661,-0.19075176446713832,0.27520659294738603,2.7080502011022096,2.7080502011022096,0,0,0,0,0,1,0,0,0,0,0.0
21305_2010,0.001988443746276223,0.00967252808073351,0.9066367304231312,0.8898623396095562,0.053992800962917316,0.052629584563111294,1.6859096192036047,1.302063771825947,0.1377405386188286,0.2366913529625592,-4.268728532954661,-4.2758509157305005,0.27520659294738603,0.05960849010293912,2.7080502011022096,2.7080502011022096,0,0,0,0,0,1,0,0,0,0,0.0
21308_2008,0.09121199109657142,0.0685241491963171,0.14636068446587475,0.20603416428916474,0.11397257901379275,0.07338646644480397,2.7469665643130075,2.7040782331098394,0.2288763868455344,0.09728860090710262,-6.6474580388131415,-6.626133824925003,-0.5374500214524975,-0.10299412870225748,2.7080502011022096,2.7080502011022096,1,0,0,0,0,0,0,0,0,0,0.0
21308_2009,0.0685241491963171,0.09098765396638718,0.20603416428916474,0.279164269013768,0.07338646644480397,0.1170338196745244,2.7040782331098394,1.6892952596787871,0.09728860090710262,0.15504041392684076,-6.626133824925003,-6.294047086644309,-0.10299412870225748,0.19550444782454904,2.7080502011022096,2.7080502011022096,1,0,0,0,0,0,0,0,0,0,0.0
21308_2010,0.09098765396638718,-0.014922660181438297,0.279164269013768,0.2534917859932781,0.1170338196745244,0.11394700029031828,1.6892952596787871,1.8088093609579288,0.15504041392684076,0.10514836958122832,-6.294047086644309,-6.516173949660687,0.19550444782454904,-0.16246004089749158,2.7080502011022096,2.7080502011022096,1,0,0,0,0,0,0,0,0,0,0.0
2130_2008,0.028110041213841915,0.020716990365416615,0.3034092915843057,0.21389532140737647,0.010962489517385996,0.009496695420362269,3.7563514127106,3.767191887048897,0.11391596856045992,0.06697818043129465,-8.962311689090662,-8.620521332183017,-0.2862990169341589,0.21569325620185034,2.7080502011022096,2.7080502011022096,0,1,0,0,0,0,0,0,0,0,0.0
2130_2009,0.020716990365416615,0.07867019078936198,0.21389532140737647,0.4960042334750151,0.009496695420362269,0.036010006395490325,3.767191887048897,1.3453628534241229,0.06697818043129465,0.2253988367496313,-8.620521332183017,-9.308020954300524,0.21569325620185034,-0.662952208014377,2.7080502011022096,2.0001277349601105,0,1,0,0,0,0,0,0,0,0,0.0
2130_2010,0.07867019078936198,0.02924875887593331,0.4960042334750151,0.3485953322513544,0.036010006395490325,0.057198727393255024,1.3453628534241229,1.948734494739728,0.2253988367496313,0.16486451069078178,-9.308020954300524,-8.976319771775337,-0.662952208014377,0.1516637272673631,2.0001277349601105,2.563409711275944,0,1,0,0,0,0,0,0,0,0,0.0
21322_2008,0.0776699104137201,0.06991701857218452,0.2382843019148801,0.176877109391595,0.0293258700486045,0.025429078606624158,1.9194734758570176,2.3634960446670377,0.23548967905979054,0.05282771087636688,-5.736366043688316,-5.3068342649481215,-0.79869007950783,0.4902702600665203,2.7080502011022096,2.7080502011022096,0,0,0,0,0,0,0,0,0,0,0.0
21322_2009,0.06991701857218452,0.10915536440233756,0.176877109391595,0.2262383023021761,0.025429078606624158,0.02828774719891408,2.3634960446670377,1.651566702686628,0.05282771087636688,0.11970021823934815,-5.3068342649481215,-5.0852003563431465,0.4902702600665203,0.297820914306017,2.7080502011022096,2.7080502011022096,0,0,0,0,0,0,0,0,0,0,0.0
21322_2010,0.10915536440233756,0.035934482510851934,0.2262383023021761,0.18577449449006472,0.02828774719891408,0.015162749052606474,1.651566702686628,2.015073692305509,0.11970021823934815,0.07215254970755329,-5.0852003563431465,-5.0129746975144585,0.297820914306017,0.10294710652458956,2.7080502011022096,2.7080502011022096,0,0,0,0,0,0,0,0,0,0,0.0
21326_2008,0.03045222755726252,0.028996895336308805,0.5351719388552693,0.5115105501991649,0.0021734341634842397,0.00285760083910148,1.914033838197732,2.144179544370562,0.026366409833776583,0.04925178070236119,-6.494232502773775,-6.369094637309607,0.08028004601717342,0.1812938815015133,2.7080502011022096,2.7080502011022096,0,0,0,0,0,0,0,0,1,0,0.0
21326_2009,0.028996895336308805,0.03351072183161076,0.5115105501991649,0.630211324579875,0.00285760083910148,0.013609048731913459,2.144179544370562,1.6572925684760975,0.04925178070236119,0.11022398060949906,-6.369094637309607,-6.273278052101668,0.1812938815015133,0.03764347331175988,2.7080502011022096,2.7080502011022096,0,0,0,0,0,0,0,0,1,0,0.0
21326_2010,0.03351072183161076,0.025208871664486016,0.630211324579875,0.6451817283752698,0.013609048731913459,0.021901146953042527,1.6572925684760975,1.5527464458946374,0.11022398060949906,0.0781865551677648,-6.273278052101668,-6.552678576829346,0.03764347331175988,-0.3701425350270088,2.7080502011022096,2.7080502011022096,0,0,0,0,0,0,0,0,1,0,0.0
21328_2008,0.037732861132705665,0.03545130439604885,0.4748207653105295,0.5163666855295093,0.011502692119432207,0.0012775244827404992,2.017453628430169,1.8047173702547656,0.041405276578569496,0.060138195520836435,-8.158125028948715,-8.25916424722926,0.2824713581088448,-0.08178230593528417,2.7080502011022096,2.7080502011022096,0,0,0,0,0,0,0,0,1,0,0.0
21328_2009,0.03545130439604885,0.0329061038405149,0.5163666855295093,0.6572261889356426,0.0012775244827404992,0.02480045164125237,1.8047173702547656,1.237283533256714,0.060138195520836435,0.05660023137267476,-8.25916424722926,-8.09639819142537,-0.08178230593528417,0.1822762536852304,2.7080502011022096,2.7080502011022096,0,0,0,0,0,0,0,0,1,0,0.0
21328_2010,0.0329061038405149,0.029404967766099025,0.6572261889356426,0.5926415861151176,0.02480045164125237,0.006614125540884062,1.237283533256714,1.6305507317435488,0.05660023137267476,0.060805993426700976,-8.09639819142537,-7.9303311623435775,0.1822762536852304,0.10525129771001984,2.7080502011022096,2.7080502011022096,0,0,0,0,0,0,0,0,1,0,0.0
21329_2008,0.06497068723970494,-0.003712877830216796,0.4744552791612922,0.4187884048278228,0.11995923816335635,0.13422860503588116,1.9849077535776716,1.9426311778775749,0.07196868567723004,0.0639030376516455,-9.265425410864946,-9.101914411129314,-0.3208841676766777,0.12093301965417193,2.7080502011022096,2.7080502011022096,1,0,0,0,0,0,0,0,0,0,0.0
21329_2009,-0.003712877830216796,0.06478098542928985,0.4187884048278228,0.42586206464517945,0.13422860503588116,0.10125880094051966,1.9426311778775749,1.805137986042336,0.0639030376516455,0.1352743848618078,-9.101914411129314,-8.639156474883205,0.12093301965417193,0.2950746203005872,2.7080502011022096,2.7080502011022096,1,0,0,0,0,0,0,0,0,0,0.0
21329_2010,0.06478098542928985,0.05452187210992895,0.42586206464517945,0.44585793279578606,0.10125880094051966,0.18421723185263392,1.805137986042336,1.5708697404098502,0.1352743848618078,0.18376634252482235,-8.639156474883205,-8.883950951159738,0.2950746203005872,-0.07597532513288692,2.7080502011022096,2.7080502011022096,1,0,0,0,0,0,0,0,0,0,0.0
21332_2008,0.02498353785564035,0.02355282529471832,0.6107487774573046,0.6403982308404126,0.005568101028783905,0.0014757157665611536,1.93090480522998,2.0802725021861748,0.0356184672083087,0.06412667564579169,-7.892981338689345,-7.926845388141974,0.31750849971921313,0.0254651084975541,2.7080502011022096,2.7080502011022096,0,0,0,0,0,0,0,0,0,0,0.0
21332_2009,0.02355282529471832,0.02397159263019377,0.6403982308404126,0.7653567436477151,0.0014757157665611536,0.039200223763249456,2.0802725021861748,1.3975099594827871,0.06412667564579169,0.08170667965996266,-7.926845388141974,-7.855657896982546,0.0254651084975541,-0.05851715079420827,2.7080502011022096,2.7080502011022096,0,0,0,0,0,0,0,0,0,0,0.0
21332_2010,0.02397159263019377,0.021659357322278267,0.7653567436477151,0.6652879745542917,0.039200223763249456,0.0020846664306800725,1.3975099594827871,1.9199800561488236,0.08170667965996266,0.10985320151273313,-7.855657896982546,-7.655139060526847,-0.05851715079420827,0.1255115657745337,2.7080502011022096,2.7080502011022096,0,0,0,0,0,0,0,0,0,0,0.0
21346_2008,0.09278957248054016,0.0467223593829668,0.4781401818241756,0.4883000631927042,0.1433831187774349,0.11108914770332773,1.0004307523910358,1.239126629717157,0.06575713079199225,0.06924243706276649,-8.651419207174806,-8.61948467556446,-0.01747051493270109,0.16366185754433013,2.7080502011022096,2.7080502011022096,0,0,0,0,0,0,0,0,0,0,0.0
21346_2009,0.0467223593829668,0.0993370514771784,0.4883000631927042,0.6458801805625599,0.11108914770332773,0.10745000211235667,1.239126629717157,0.6806147249444293,0.06924243706276649,0.15753862581065062,-8.61948467556446,-8.791807008904351,0.16366185754433013,-0.017275700599971574,2.7080502011022096,2.7080502011022096,0,0,0,0,0,0,0,0,0,0,0.0
21346_2010,0.0993370514771784,0.019929273657641158,0.6458801805625599,0.6647595683802718,0.10745000211235667,0.1490193899875693,0.6806147249444293,0.6560842923531544,0.15753862581065062,0.15345908239330147,-8.791807008904351,-9.036911517933612,-0.017275700599971574,-0.08879407951578475,2.7080502011022096,2.7080502011022096,0,0,0,0,0,0,0,0,0,0,0.0
21348_2008,0.04104678311376423,0.04448863257615974,0.36041448456948944,0.5807863959909976,0.02903671969622058,0.01722751795621008,1.6678485161089842,0.9002379403651369,0.11959557350873155,0.09828501174111504,-9.579201161490962,-10.23667780021511,-0.015765004243825126,-0.6345736526776801,2.7080502011022096,2.7080502011022096,0,0,1,0,0,0,0,0,0,0,0.0
21348_2009,0.04448863257615974,-0.5468903343040302,0.5807863959909976,0.7825960111315345,0.01722751795621008,0.0067689539970364745,0.9002379403651369,1.1196702137647014,0.09828501174111504,0.35066296491026905,-10.23667780021511,-10.941880506511776,-0.6345736526776801,-0.5268502523184218,2.7080502011022096,2.171336806384092,0,0,1,0,0,0,0,0,0,0,0.0
21348_2010,-0.5468903343040302,0.02380126206582716,0.7825960111315345,0.5220474163326396,0.0067689539970364745,0.013489117888510356,1.1196702137647014,2.3808991799368453,0.35066296491026905,0.2406409202665437,-10.941880506511776,-10.27660272668811,-0.5268502523184218,0.8363515502265532,2.171336806384092,2.7080502011022096,0,0,1,0,0,0,0,0,0,0,0.0
21349_2008,0.04566231003063336,-0.26183025880541944,0.4383443209345489,0.6854650490314739,0.036617204538675716,0.12307254269379125,1.2499257342122645,0.6515320578077372,0.06684751521637454,0.13423080454109074,-7.319637026893459,-8.469774248023043,-0.291270044003906,-1.198101577108,2.7080502011022096,2.355177543113216,0,0,1,0,0,0,0,0,0,0,0.0
21349_2009,-0.26183025880541944,-0.191448952317818,0.6854650490314739,0.6332744310152519,0.12307254269379125,0.2151216903315636,0.6515320578077372,0.9955827931295458,0.13423080454109074,0.20184273656725046,-8.469774248023043,-7.933795621596736,-1.198101577108,0.017488632432549722,2.355177543113216,2.3915113021884467,0,0,1,0,0,0,0,0,0,0,0.0
21349_2010,-0.191448952317818,-0.1108966865290994,0.6332744310152519,0.6430032328420896,0.2151216903315636,0.17729429666038427,0.9955827931295458,1.1693080966653415,0.20184273656725046,0.15615382315303036,-7.933795621596736,-7.86710401959205,0.017488632432549722,-0.31158462735512804,2.3915113021884467,2.302585092994046,0,0,1,0,0,0,0,0,0,0,0.0
21351_2008,0.041398090489494985,0.04201777158274829,0.3865568533892506,0.42042962093289504,0.026492448906779487,0.11245043905598824,2.6577325942073755,2.3542976122900603,0.04381119627132417,0.039842621179116064,-7.089710213750544,-7.020162707656375,-0.028848400370774293,0.04076824916574207,2.7080502011022096,2.7080502011022096,1,0,0,0,0,0,0,0,0,0,0.0
21351_2009,0.04201777158274829,0.029599531108215914,0.42042962093289504,0.6166935765650411,0.11245043905598824,0.05749351302618145,2.3542976122900603,1.884798847707988,0.039842621179116064,0.06700600535577599,-7.020162707656375,-7.027252776829576,0.04076824916574207,-0.012002550823039693,2.7080502011022096,2.7080502011022096,1,0,0,0,0,0,0,0,0,0,0.0
21351_2010,0.029599531108215914,0.016786399071947938,0.6166935765650411,0.5154823381677346,0.05749351302618145,0.05280721374716955,1.884798847707988,2.2307438842260354,0.06700600535577599,0.12094720973383645,-7.027252776829576,-6.9232114194184975,-0.012002550823039693,0.14654227241704315,2.7080502011022096,2.7080502011022096,1,0,0,0,0,0,0,0,0,0,0.0
21356_2008,0.022896040817776988,0.023319894714708824,0.6178003344776555,0.6454232888087851,0.043227540232150086,0.03806288978285476,1.9049158199279128,1.6577015523911236,0.023989972101482484,0.051799825333937656,-6.6477295636316045,-6.737507763820767,0.13285190705994301,-0.09699312054249534,2.7080502011022096,2.7080502011022096,0,0,0,0,0,0,0,0,1,0,0.0
21356_2009,0.023319894714708824,0.029564191730774486,0.6454232888087851,0.6900741942778909,0.03806288978285476,0.03334257497887795,1.6577015523911236,1.425170741957918,0.051799825333937656,0.05545772448187908,-6.737507763820767,-6.331329021681541,-0.09699312054249534,0.3627311254726141,2.7080502011022096,2.7080502011022096,0,0,0,0,0,0,0,0,1,0,0.0
21356_2010,0.029564191730774486,0.02521594225923579,0.6900741942778909,0.6612543691319855,0.03334257497887795,0.0237038030962022,1.425170741957918,1.5128817237891088,0.05545772448187908,0.027144203549346043,-6.331329021681541,-6.3958771412999065,0.3627311254726141,-0.15290581315807514,2.7080502011022096,2.7080502011022096,0,0,0,0,0,0,0,0,1,0,0.0
21365_2008,0.06393081571035811,0.06453024700650478,0.09279294969595467,0.10836295551843493,0.3354315309977134,0.3981675709783407,1.919178838696205,1.6513375395054497,0.11953412132011015,0.055318464439029214,-10.10981886440732,-10.017110383377846,-0.20264231903674068,0.03948218445672173,2.7080502011022096,2.7080502011022096,0,1,0,0,0,0,0,0,0,0,0.0
21365_2009,0.06453024700650478,0.09901847232037624,0.10836295551843493,0.09016339179572544,0.3981675709783407,0.6373790772270528,1.6513375395054497,1.0781143583779498,0.055318464439029214,0.1226530490172626,-10.017110383377846,-9.914968725792043,0.03948218445672173,0.2059619257434195,2.7080502011022096,2.7080502011022096,0,1,0,0,0,0,0,0,0,0,0.0
21365_2010,0.09901847232037624,0.04332572939076429,0.09016339179572544,0.04613962096009229,0.6373790772270528,0.4063484947474024,1.0781143583779498,1.640534294565822,0.1226530490172626,0.10857636019539216,-9.914968725792043,-9.769138800999118,0.2059619257434195,0.15751403412621684,2.7080502011022096,2.7080502011022096,0,1,0,0,0,0,0,0,0,0,0.0
21366_2008,0.0804651742947635,0.032914738237059565,0.475431461321755,0.4922497795995296,0.0007650234623330261,0.001074792554042766,1.522023434233196,1.7352982724869264,0.09465666511031272,0.09897175904075868,-7.869236325897558,-7.698502020727142,-0.3961087110780663,0.15800931778630942,2.7080502011022096,2.7080502011022096,0,0,0,0,0,0,0,0,0,0,0.0
21366_2009,0.032914738237059565,0.029838414429479355,0.4922497795995296,0.7487030818990125,0.001074792554042766,0.006554029701847851,1.7352982724869264,0.5436221113324531,0.09897175904075868,0.2489471163353929,-7.698502020727142,-8.324430661772203,0.15800931778630942,-0.5313046877103813,2.7080502011022096,2.7080502011022096,0,0,0,0,0,0,0,0,0,0,0.0
21366_2010,0.029838414429479355,-0.004854440478919537,0.7487030818990125,0.4867142555741705,0.006554029701847851,0.002549731835624877,0.5436221113324531,1.475672628998446,0.2489471163353929,0.13184511677863908,-8.324430661772203,-7.488369723808169,-0.5313046877103813,0.8942828972475866,2.7080502011022096,2.7080502011022096,0,0,0,0,0,0,0,0,0,0,0.0
21367_2008,0.05073355866106581,0.05495946709009862,0.2963543528429708,0.2469561475633412,0.012929175359133505,0.011435305661689316,1.9652663273375564,2.1148246245539957,0.0609943215974119,0.1140939172992587,-7.231849481734827,-6.923345046680387,-0.09048772090639216,-0.11130018951596883,2.7080502011022096,2.7080502011022096,0,1,0,0,0,0,0,0,0,0,0.0
21367_2009,0.05495946709009862,0.055559037913089665,0.2469561475633412,0.3000636631652823,0.011435305661689316,0.0190790541140884,2.1148246245539957,2.017371473355755,0.1140939172992587,0.13658010465289966,-6.923345046680387,-7.043461588235772,-0.11130018951596883,-0.04310586374313041,2.7080502011022096,2.7080502011022096,0,1,0,0,0,0,0,0,0,0,0.0
21367_2010,0.055559037913089665,0.04077631810170949,0.3000636631652823,0.44714520668072,0.0190790541140884,0.015043972774411413,2.017371473355755,1.5182523461535842,0.13658010465289966,0.10818048299692888,-7.043461588235772,-7.044583070966548,-0.04310586374313041,0.04696607522197721,2.7080502011022096,2.7080502011022096,0,1,0,0,0,0,0,0,0,0,0.0
21372_2008,0.017323522233823798,0.0,0.8363088921716042,0.0,0.08552486142080101,0.0,1.398043250226455,0.0,0.12610683873093625,0.0,-8.001533452982695,0.0,-0.15155106526004006,0.0,2.7080502011022096,0.0,0,0,0,0,0,1,0,0,0,0,0.0
21372_2009,0.0,0.0,0.0,0.0,0.0,0.0,0.0,0.0,0.0,0.0,0.0,0.0,0.0,0.0,0.0,0.0,0,0,0,0,0,1,0,0,0,0,0.0
21372_2010,0.0,0.0,0.0,0.0,0.0,0.0,0.0,0.0,0.0,0.0,0.0,0.0,0.0,0.0,0.0,0.0,0,0,0,0,0,1,0,0,0,0,0.0
21375_2008,0.04311047498545535,0.05694895098084444,0.3135137317892829,0.46117885866305797,0.10270986538165296,0.12666143823012296,3.2237959384916204,1.802426967216909,0.05897055919987086,0.08136174102076972,-6.5949154635590075,-7.184882891472635,0.22166493213262667,-0.6304136661034423,2.7080502011022096,2.7080502011022096,0,0,1,0,0,0,0,0,0,0,0.0
21375_2009,0.05694895098084444,0.04941898138148517,0.46117885866305797,0.6787334226100479,0.12666143823012296,0.2032053220441488,1.802426967216909,0.90444744427013,0.08136174102076972,0.162986749691707,-7.184882891472635,-7.492136119136012,-0.6304136661034423,-0.4567429563007794,2.7080502011022096,2.7080502011022096,0,0,1,0,0,0,0,0,0,0,0.0
21375_2010,0.04941898138148517,0.018370943754171885,0.6787334226100479,0.5711094586207299,0.2032053220441488,0.22037813403908985,0.90444744427013,1.199274362754769,0.162986749691707,0.18029464721115346,-7.492136119136012,-7.365766122483933,-0.4567429563007794,0.1661928118571449,2.7080502011022096,2.7080502011022096,0,0,1,0,0,0,0,0,0,0,0.0
21376_2008,0.031321491348544415,0.03893894487934151,0.5082704807686435,0.42027822895803824,0.04471953542937799,0.022093229828171558,2.303890678264636,2.7997601371497955,0.048778716056073146,0.0430819433616601,-6.836052843719531,-6.497848921452746,0.0685121853393729,0.3636590891472286,2.7080502011022096,2.7080502011022096,0,0,0,0,0,0,0,0,1,0,0.0
21376_2009,0.03893894487934151,0.03446659735705405,0.42027822895803824,0.5820419378576775,0.022093229828171558,0.057080757226344786,2.7997601371497955,2.010161539957404,0.0430819433616601,0.07559294652072872,-6.497848921452746,-6.526526364360887,0.3636590891472286,-0.04461228226978192,2.7080502011022096,2.7080502011022096,0,0,0,0,0,0,0,0,1,0,0.0
21376_2010,0.03446659735705405,0.014893059405747238,0.5820419378576775,0.572944755962276,0.057080757226344786,0.03174849840378117,2.010161539957404,1.976744197928893,0.07559294652072872,0.06371980115057446,-6.526526364360887,-6.703023366333373,-0.04461228226978192,-0.24427810846863854,2.7080502011022096,2.7080502011022096,0,0,0,0,0,0,0,0,1,0,0.0
21377_2008,0.007877885548641552,0.006411001467851116,0.5909457199038191,0.6784957638700914,0.004444295876411464,0.007729684210083433,1.4818766823623926,1.4554977293990758,0.06589942274822333,0.07388181337750999,-9.07858226275106,-9.317438973270407,-0.13701778461436806,-0.38069376668728616,2.7080502011022096,2.7080502011022096,0,0,0,0,0,0,0,0,0,1,0.0
21377_2009,0.006411001467851116,0.0,0.6784957638700914,0.0,0.007729684210083433,0.0,1.4554977293990758,0.0,0.07388181337750999,0.0,-9.317438973270407,0.0,-0.38069376668728616,0.0,2.7080502011022096,0.0,0,0,0,0,0,0,0,0,0,1,0.0
21377_2010,0.0,0.0,0.0,0.0,0.0,0.0,0.0,0.0,0.0,0.0,0.0,0.0,0.0,0.0,0.0,0.0,0,0,0,0,0,0,0,0,0,1,0.0
21384_2008,0.048214433736772436,0.0406426100916937,0.12444143638335345,0.12494477906237543,0.02411576249648561,0.01782154747923154,4.242874872815502,4.3860274460880415,0.02885256158692426,0.03627159681935714,-4.819715413104522,-4.657021478369449,-0.015268999606392691,0.13437564189688445,2.7080502011022096,2.7080502011022096,0,0,0,1,0,0,0,0,0,0,0.0
21384_2009,0.0406426100916937,0.04719777658268822,0.12494477906237543,0.21926497219122054,0.01782154747923154,0.02090029896514607,4.3860274460880415,4.3645171729905465,0.03627159681935714,0.07880450931519628,-4.657021478369449,-4.5250962896675295,0.13437564189688445,0.20310509728552,2.7080502011022096,2.7080502011022096,0,0,0,1,0,0,0,0,0,0,0.0
21384_2010,0.04719777658268822,0.05057928852141071,0.21926497219122054,0.19059528062743494,0.02090029896514607,0.035174126813998195,4.3645171729905465,3.8472610826284552,0.07880450931519628,0.04624249781438158,-4.5250962896675295,-4.650509583757533,0.20310509728552,-0.1057186836512094,2.7080502011022096,2.7080502011022096,0,0,0,1,0,0,0,0,0,0,0.0
21385_2008,0.023473760516666883,0.04040385549487068,0.5380908614699437,0.5349435686106052,0.12744190320566368,0.1945192228683642,2.713529142201569,2.5216558580538404,0.1346466740754036,0.1352406375494241,-9.657053164808163,-9.351234556723199,0.006557759631070137,0.2982916343709579,2.7080502011022096,2.7080502011022096,0,1,0,0,0,0,0,0,0,0,0.0
21385_2009,0.04040385549487068,-0.02451909582032626,0.5349435686106052,0.6313657384369165,0.1945192228683642,0.1260452512737432,2.5216558580538404,0.9932519775698604,0.1352406375494241,0.13752118956468498,-9.351234556723199,-8.80591743719115,0.2982916343709579,0.024770293839137925,2.7080502011022096,2.7080502011022096,0,1,0,0,0,0,0,0,0,0,0.0
21385_2010,-0.02451909582032626,0.05687619508749455,0.6313657384369165,0.6358285628043103,0.1260452512737432,0.1445377651901718,0.9932519775698604,0.7035641895492794,0.13752118956468498,0.1880235158200652,-8.80591743719115,-9.333816564725923,0.024770293839137925,-0.4392436081421576,2.7080502011022096,2.7080502011022096,0,1,0,0,0,0,0,0,0,0,0.0
21389_2008,0.08713880788435488,0.08980128151325233,0.006809066095810123,0.01085413676345127,0.006809066095810123,0.01085413676345127,9.830029912425571,9.84604560888922,0.03634058231632605,0.0540588540843578,-9.740653433617943,-9.757110914580831,-0.11370520562331066,-0.011949433639944064,2.7080502011022096,2.7080502011022096,0,0,0,0,0,0,0,0,0,0,0.0
21389_2009,0.08980128151325233,0.17315625231574872,0.01085413676345127,0.007996081345330199,0.01085413676345127,0.007996081345330199,9.84604560888922,9.837632300249137,0.0540588540843578,0.13516994148454228,-9.757110914580831,-9.417071133927015,-0.011949433639944064,0.2043877163652281,2.7080502011022096,2.617395832834079,0,0,0,0,0,0,0,0,0,0,0.0
21389_2010,0.17315625231574872,0.05555645621259305,0.007996081345330199,0.008080858696244898,0.007996081345330199,0.008080858696244898,9.837632300249137,9.85763540015877,0.13516994148454228,0.1430566104130847,-9.417071133927015,-9.599029899709915,0.2043877163652281,-0.2091808595235616,2.617395832834079,2.6700021334646804,0,0,0,0,0,0,0,0,0,0,0.0
21394_2008,0.08481490026343191,0.03995652471061325,0.1907052308296921,0.24601915214746944,0.12155325702024555,0.12498679604652167,2.2352454605563943,2.0825473910125387,0.059739836399628925,0.046575098503674,-4.221872351984929,-4.417505470940717,-0.09650055974141553,-0.16056759096332318,2.7080502011022096,2.7080502011022096,0,0,0,0,1,0,0,0,0,0,0.0
21394_2009,0.03995652471061325,0.0468765382810216,0.24601915214746944,0.30893165800997063,0.12498679604652167,0.13726889560055822,2.0825473910125387,1.8760703400242702,0.046575098503674,0.05593566430891602,-4.417505470940717,-4.185880601435536,-0.16056759096332318,0.14330952142208106,2.7080502011022096,2.7080502011022096,0,0,0,0,1,0,0,0,0,0,0.0
21394_2010,0.0468765382810216,0.03206505250907644,0.30893165800997063,0.4549004200948918,0.13726889560055822,0.09643281396736607,1.8760703400242702,1.5349002368643192,0.05593566430891602,0.09750779111760872,-4.185880601435536,-4.214102433466712,0.14330952142208106,-0.07547474891185849,2.7080502011022096,2.7080502011022096,0,0,0,0,1,0,0,0,0,0,0.0
21396_2008,0.021032398561722676,0.03051903096887546,0.4526061195515434,0.3978851734867645,0.003725588187440825,0.004785330513760078,3.158282668167984,3.7172539113389584,0.039354232130737514,0.05625482327325177,-5.7253405825077905,-5.475730308287951,-0.03006510856679495,0.2911731915247554,2.7080502011022096,2.7080502011022096,0,0,0,0,0,0,0,0,1,0,0.0
21396_2009,0.03051903096887546,0.0373483620340235,0.3978851734867645,0.5005663005093476,0.004785330513760078,0.018367152100034943,3.7172539113389584,2.6907214006181936,0.05625482327325177,0.08646726058107979,-5.475730308287951,-5.368811197827308,0.2911731915247554,0.10652000391919764,2.7080502011022096,2.7080502011022096,0,0,0,0,0,0,0,0,1,0,0.0
21396_2010,0.0373483620340235,0.039404706762814684,0.5005663005093476,0.5306316127169869,0.018367152100034943,0.02984102285325825,2.6907214006181936,2.2084527697354903,0.08646726058107979,0.052419229889605005,-5.368811197827308,-5.7303665275883695,0.10652000391919764,-0.4005821476498335,2.7080502011022096,2.7080502011022096,0,0,0,0,0,0,0,0,1,0,0.0
21397_2008,0.018516258127554367,0.018715645845788068,0.3933444996274268,0.4429311080098056,0.008863065645834601,0.002864056776872446,2.6654474938110315,2.434901378091088,0.06828820164359281,0.04226664358878567,-8.350019661366595,-8.424021770444657,-0.31705062289595265,-0.06350972098025626,2.7080502011022096,2.7080502011022096,0,0,0,0,0,0,0,0,1,0,0.0
21397_2009,0.018715645845788068,0.018788317932846774,0.4429311080098056,0.4651882601238185,0.002864056776872446,0.002867426042080744,2.434901378091088,2.263614441005506,0.04226664358878567,0.08294972246799054,-8.424021770444657,-7.944966245289642,-0.06350972098025626,0.4532864964706109,2.7080502011022096,2.7080502011022096,0,0,0,0,0,0,0,0,1,0,0.0
21397_2010,0.018788317932846774,0.020692631368504667,0.4651882601238185,0.5261018192156899,0.002867426042080744,0.0043365035542612925,2.263614441005506,1.93198767997354,0.08294972246799054,0.08379129765762891,-7.944966245289642,-8.333407992300707,0.4532864964706109,-0.465988071364998,2.7080502011022096,2.7080502011022096,0,0,0,0,0,0,0,0,1,0,0.0
21398_2008,0.04986426662090049,0.0494354208964394,0.2535230052128848,0.19528153132982404,0.020821711731568833,0.032825604433380666,3.354282173074503,4.88219209438667,0.04581775848622436,0.08163687956320377,-4.259419920314986,-4.392353184558857,0.06584380341427948,-0.16215742646999695,2.7080502011022096,2.7080502011022096,0,0,0,1,0,0,0,0,0,0,0.0
21398_2009,0.0494354208964394,0.08893900534689934,0.19528153132982404,0.4399504104249157,0.032825604433380666,0.14280753880853048,4.88219209438667,5.494922014050302,0.08163687956320377,0.34057026831147896,-4.392353184558857,-5.533563952914717,-0.16215742646999695,-1.1957189078648252,2.7080502011022096,2.7080502011022096,0,0,0,1,0,0,0,0,0,0,0.0
21398_2010,0.08893900534689934,0.04372288244539948,0.4399504104249157,0.4442250311584521,0.14280753880853048,0.025516379618010742,5.494922014050302,5.266981072795471,0.34057026831147896,0.0464261009667846,-5.533563952914717,-5.49739524824577,-1.1957189078648252,-0.1254186961685529,2.7080502011022096,2.7080502011022096,0,0,0,1,0,0,0,0,0,0,0.0
21401_2008,0.07799623415021033,0.05253176768196615,0.4059465735356253,0.3870015457663709,0.004097937189757032,0.0064322810314475405,1.3735651476525548,1.4767628626004041,0.06689328608215699,0.058699364102007184,-4.677466196776816,-4.512020407949158,0.0011791822013747651,0.26792419530540523,2.7080502011022096,2.7080502011022096,0,0,0,0,0,0,0,0,0,0,0.0
21401_2009,0.05253176768196615,-0.1041076703551238,0.3870015457663709,0.5303991206467655,0.0064322810314475405,0.004624149377463141,1.4767628626004041,1.3377329774147506,0.058699364102007184,0.12347190413205855,-4.512020407949158,-4.621790231440272,0.26792419530540523,-0.015805313374223032,2.7080502011022096,2.7080502011022096,0,0,0,0,0,0,0,0,0,0,0.0
21401_2010,-0.1041076703551238,0.029365168239967012,0.5303991206467655,0.5411883239383463,0.004624149377463141,0.00327622914492839,1.3377329774147506,1.189505861573782,0.12347190413205855,0.09738715835324722,-4.621790231440272,-4.87533824504169,-0.015805313374223032,-0.22485986482774287,2.7080502011022096,2.7080502011022096,0,0,0,0,0,0,0,0,0,0,0.0
21402_2008,0.037527556568266465,0.054322300125174285,0.25537373026073584,0.3603660653152474,0.08850666391000253,0.07998270400769311,2.664541104918044,2.005132776123593,0.07257360653469085,0.09795035779619292,-8.42700659175657,-8.729087331994263,0.22326264371146556,-0.4198980582097211,2.7080502011022096,2.7080502011022096,0,0,1,0,0,0,0,0,0,0,0.0
21402_2009,0.054322300125174285,0.04208382215443068,0.3603660653152474,0.5509261206077009,0.07998270400769311,0.1504889525553067,2.005132776123593,0.9823833277304828,0.09795035779619292,0.19191773324208133,-8.729087331994263,-8.932894850706026,-0.4198980582097211,-0.31739371554341417,2.7080502011022096,2.7080502011022096,0,0,1,0,0,0,0,0,0,0,0.0
21402_2010,0.04208382215443068,0.05043366535470401,0.5509261206077009,0.3647963484169791,0.1504889525553067,0.14979088297882018,0.9823833277304828,1.624080954513762,0.19191773324208133,0.13800256808612205,-8.932894850706026,-8.45893525338097,-0.31739371554341417,0.4635494992017375,2.7080502011022096,2.7080502011022096,0,0,1,0,0,0,0,0,0,0,0.0
21404_2008,0.02499368657970005,0.027209097352981028,0.4760174893314769,0.5061793456085277,0.0022851752662051733,0.002535140207641694,2.040823317410623,1.9332145579256237,0.03331862770916751,0.05529876328008395,-8.751028159282804,-8.812351189857257,-0.006913193666623671,-0.0034987518934113896,2.7080502011022096,2.7080502011022096,0,0,0,0,0,0,0,0,1,0,0.0
21404_2009,0.027209097352981028,0.02382344416875255,0.5061793456085277,0.4778107076232314,0.002535140207641694,0.0015139918203727859,1.9332145579256237,2.3193083241851022,0.05529876328008395,0.049172725812789066,-8.812351189857257,-8.126862354470411,-0.0034987518934113896,0.6539031759677115,2.7080502011022096,2.7080502011022096,0,0,0,0,0,0,0,0,1,0,0.0
21404_2010,0.02382344416875255,0.0315215936544135,0.4778107076232314,0.5622658878658777,0.0015139918203727859,0.001939687722595399,2.3193083241851022,1.6959377566112197,0.049172725812789066,0.08393737475453726,-8.126862354470411,-8.529785178219218,0.6539031759677115,-0.2647905360933805,2.7080502011022096,2.7080502011022096,0,0,0,0,0,0,0,0,1,0,0.0
21405_2008,-0.19769407140972645,-0.09427069694490912,0.4822859963522406,0.5441152515752449,0.1451826285230743,0.09173942597883256,1.5499666762120154,1.61552273181107,0.15468743742100782,0.16206404005088387,-10.103137731367392,-10.233608645469939,-0.7030361034859443,-0.27505807359923884,1.7833912195575383,1.6544112780768316,0,0,1,0,0,0,0,0,0,0,0.0
21405_2009,-0.09427069694490912,-0.2438393093800965,0.5441152515752449,0.9643946275476372,0.09173942597883256,0.293917175793214,1.61552273181107,0.1432825509737345,0.16206404005088387,0.4664408313243695,-10.233608645469939,-12.381696766780589,-0.27505807359923884,-2.4924391659179226,1.6544112780768316,-0.9942522733438668,0,0,1,0,0,0,0,0,0,0,0.0
21405_2010,-0.2438393093800965,0.08302164487763132,0.9643946275476372,0.324871046728318,0.293917175793214,0.17963502863939412,0.1432825509737345,2.0563354298016217,0.4664408313243695,0.46930765266806795,-12.381696766780589,-9.736765269025943,-2.4924391659179226,2.380403940199732,-0.9942522733438668,1.6272778305624314,0,0,1,0,0,0,0,0,0,0,0.0
21409_2008,0.025025716063504382,0.02565144312010904,0.6125243501849967,0.6440860450605616,0.006669088930339389,0.004703720833512929,1.4042809480305003,1.1822666203182537,0.04035281982385455,0.05758687103067652,-7.830023586797978,-8.013845533257943,0.06860863534729025,-0.15710945509313334,2.7080502011022096,2.7080502011022096,0,0,0,0,0,0,0,0,1,0,0.0
21409_2009,0.02565144312010904,0.02120992651015597,0.6440860450605616,0.7160448414068643,0.004703720833512929,0.00921936485518375,1.1822666203182537,0.9462849216769176,0.05758687103067652,0.061428577048023986,-8.013845533257943,-7.793183295074314,-0.15710945509313334,0.244545504528532,2.7080502011022096,2.7080502011022096,0,0,0,0,0,0,0,0,1,0,0.0
21409_2010,0.02120992651015597,0.005613257500494559,0.7160448414068643,0.6951858812600277,0.00921936485518375,0.011942692066543215,0.9462849216769176,1.1057785616154607,0.061428577048023986,0.08988199042364522,-7.793183295074314,-7.893425213778085,0.244545504528532,-0.20784388712189292,2.7080502011022096,2.7080502011022096,0,0,0,0,0,0,0,0,1,0,0.0
21411_2008,0.00598998799153736,0.021985807797544773,0.4205941935945901,0.5108593337969535,0.017149650565080627,0.02640201911622353,6.185896672222277,5.853435856091803,0.02517289816040379,0.04598388151945903,-7.124501249268841,-7.352223181505033,-0.02740297507363473,-0.2468190304791149,2.7080502011022096,2.7080502011022096,0,1,0,0,0,0,0,0,0,0,0.0
21411_2009,0.021985807797544773,0.030411767785633363,0.5108593337969535,0.6194124825175602,0.02640201911622353,0.028849063684078788,5.853435856091803,14.783019910410285,0.04598388151945903,0.0920274917292294,-7.352223181505033,-7.309869456538989,-0.2468190304791149,0.055594819924137014,2.7080502011022096,2.7080502011022096,0,1,0,0,0,0,0,0,0,0,0.0
21411_2010,0.030411767785633363,0.032724472185589715,0.6194124825175602,0.6355537717263946,0.028849063684078788,0.03303158893620793,14.783019910410285,9.76170503268977,0.0920274917292294,0.09936247580165317,-7.309869456538989,-7.652431013951205,0.055594819924137014,-0.27448275145064605,2.7080502011022096,2.7080502011022096,0,1,0,0,0,0,0,0,0,0,0.0
21413_2008,0.057230729057107424,0.055723440279474484,0.0,0.0,0.0035542531353590155,0.0031433735542267657,1.427488654166145,1.4468849134362236,0.018920416520530385,0.014803201713959015,-13.735725923464678,-13.731349480045388,-0.10283806629013678,0.015929438755172182,2.211565694606877,2.226783379577764,0,0,0,0,0,0,0,0,0,1,0.0
21413_2009,0.055723440279474484,0.035535454692295264,0.0,0.0,0.0031433735542267657,0.0020767473521471256,1.4468849134362236,2.0750597327229983,0.014803201713959015,0.09750067792377017,-13.731349480045388,-12.800401029259655,0.015929438755172182,0.864403920128514,2.226783379577764,2.66374994220563,0,0,0,0,0,0,0,0,0,1,0.0
21413_2010,0.035535454692295264,0.047403849192554436,0.0,0.0,0.0020767473521471256,0.00252820529026957,2.0750597327229983,1.6057301472118055,0.09750067792377017,0.06796163055331979,-12.800401029259655,-13.349457304687071,0.864403920128514,-0.436501941606324,2.66374994220563,2.3492587331917174,0,0,0,0,0,0,0,0,0,1,0.0
21425_2008,0.047093076052291565,0.05004019798797619,0.269137248772184,0.2675230106477832,0.008612638463701795,0.02836178924207005,5.243185114633809,5.1213815027909115,0.08066495641793567,0.06832909304008003,-8.847112899095052,-8.948525193395444,-0.25762473870877656,0.0044014260461161005,2.7080502011022096,2.7080502011022096,0,0,1,0,0,0,0,0,0,0,0.0
21425_2009,0.05004019798797619,0.07598299254739496,0.2675230106477832,0.39748499822137856,0.02836178924207005,0.01755773788349745,5.1213815027909115,4.301460701134326,0.06832909304008003,0.13376821998082444,-8.948525193395444,-9.043257445948132,0.0044014260461161005,0.0009898306187628436,2.7080502011022096,2.7080502011022096,0,0,1,0,0,0,0,0,0,0,0.0
21425_2010,0.07598299254739496,0.05092752659607989,0.39748499822137856,0.2818752412978748,0.01755773788349745,0.07070172673742285,4.301460701134326,4.362330188712759,0.13376821998082444,0.17944846113882698,-9.043257445948132,-8.847705623666894,0.0009898306187628436,0.42175134306199497,2.7080502011022096,2.7080502011022096,0,0,1,0,0,0,0,0,0,0,0.0
21430_2008,0.0167205913588031,0.032015307998081916,0.5988797721892433,0.6164602753837565,0.0028260154409244674,0.016118051612827446,1.3391196704167088,1.2790462651897123,0.06846241811817545,0.042851704547239175,-8.919149191558768,-8.91045566258007,-1.4220048315704084,0.043881364378235005,2.7080502011022096,2.7080502011022096,0,0,0,0,0,0,0,0,1,0,0.0
21430_2009,0.032015307998081916,0.017801111374535734,0.6164602753837565,0.7507158348640414,0.016118051612827446,0.0020461047556937623,1.2790462651897123,0.9089113877955588,0.042851704547239175,0.07795447214454089,-8.91045566258007,-8.771291676491447,0.043881364378235005,0.1859271825685088,2.7080502011022096,2.7080502011022096,0,0,0,0,0,0,0,0,1,0,0.0
21430_2010,0.017801111374535734,0.018396390511993814,0.7507158348640414,0.7027421175581638,0.0020461047556937623,0.006003032693387456,0.9089113877955588,0.9959455478541844,0.07795447214454089,0.06773708316470213,-8.771291676491447,-8.774755869565867,0.1859271825685088,-0.2485181081040793,2.7080502011022096,2.7080502011022096,0,0,0,0,0,0,0,0,1,0,0.0
21431_2008,0.053897386211172606,0.021029651726950958,0.3408534089893371,0.3498736011053833,0.013946447516766368,0.011677508621274016,2.4648913654533144,2.5103312704775127,0.12818974204548653,0.04006123123295525,-8.922257601283583,-8.90773196819616,-0.2612660134089374,-0.077434034538653,2.7080502011022096,2.7080502011022096,0,0,0,0,0,0,0,0,0,1,0.0
21431_2009,0.021029651726950958,0.029675539467108786,0.3498736011053833,0.4172441624255589,0.011677508621274016,0.0022094427716549073,2.5103312704775127,3.6683747080225935,0.04006123123295525,0.1196411539466869,-8.90773196819616,-8.9409473666283,-0.077434034538653,-0.08088457518854403,2.7080502011022096,2.7080502011022096,0,0,0,0,0,0,0,0,0,1,0.0
21431_2010,0.029675539467108786,0.041497004657680296,0.4172441624255589,0.3186411641399508,0.0022094427716549073,0.029535383591317608,3.6683747080225935,3.8039630237305175,0.1196411539466869,0.10984796348948693,-8.9409473666283,-8.965683687665779,-0.08088457518854403,-0.06116425130388206,2.7080502011022096,2.7080502011022096,0,0,0,0,0,0,0,0,0,1,0.0
21446_2008,0.03480166656861499,0.03933129779539593,0.29169839987675944,0.2710360051366675,0.03136317855435063,0.021133915914044468,2.38373682311819,2.4209349739154096,0.03993605645483266,0.03536124455660725,-4.13521457984908,-4.033071362085588,-0.02336626053082604,0.10684284609183736,2.7080502011022096,2.7080502011022096,0,0,0,1,0,0,0,0,0,0,0.0
21446_2009,0.03933129779539593,0.04663665933332396,0.2710360051366675,0.2877298424028131,0.021133915914044468,0.013676224488554876,2.4209349739154096,2.278190428009143,0.03536124455660725,0.060493830404098635,-4.033071362085588,-3.7504425067432434,0.10684284609183736,0.36360414218109743,2.7080502011022096,2.7080502011022096,0,0,0,1,0,0,0,0,0,0,0.0
21446_2010,0.04663665933332396,0.06085346118780195,0.2877298424028131,0.3248929878569355,0.013676224488554876,0.021653795619148642,2.278190428009143,2.0786502517035084,0.060493830404098635,0.07060071612898515,-3.7504425067432434,-4.026103313993812,0.36360414218109743,-0.1901068964469364,2.7080502011022096,2.7080502011022096,0,0,0,1,0,0,0,0,0,0,0.0
21457_2008,0.017758979161203545,0.01296490080059234,0.6511379336718095,0.7166951494313916,0.01881547933891627,0.003349463775437505,1.344630241022664,0.9761391239535968,0.03840067371423185,0.06297095133982092,-8.59297441330119,-8.963612748941843,0.13065058302695368,-0.3683143501963064,2.7080502011022096,2.7080502011022096,0,0,0,0,0,0,0,0,1,0,0.0
21457_2009,0.01296490080059234,-0.052309705619732,0.7166951494313916,0.8310845946371571,0.003349463775437505,0.027905700773363157,0.9761391239535968,0.5559262895333549,0.06297095133982092,0.1663303014967192,-8.963612748941843,-9.10558606736565,-0.3683143501963064,-0.2298646062098353,2.7080502011022096,2.3105532626432224,0,0,0,0,0,0,0,0,1,0,0.0
21457_2010,-0.052309705619732,0.027106238002036383,0.8310845946371571,0.7619457460539096,0.027905700773363157,0.003190156955591943,0.5559262895333549,0.6876710238385401,0.1663303014967192,0.11480752556848005,-9.10558606736565,-9.111026056931584,-0.2298646062098353,-0.06561591395143115,2.3105532626432224,2.537657215173529,0,0,0,0,0,0,0,0,1,0,0.0
21458_2008,0.01929189897512267,0.02911401174413573,0.5645541849476342,0.456887773547068,0.005712271567331072,0.010762834812059138,2.164124584310216,2.7549035657713046,0.06227885199403415,0.0448636234468922,-6.633771143825316,-6.244263254206143,-0.15268712571661153,0.36530491927707903,2.7080502011022096,2.7080502011022096,0,0,0,0,0,0,0,0,1,0,0.0
21458_2009,0.02911401174413573,0.03314928333960875,0.456887773547068,0.5895121713364315,0.010762834812059138,0.012208502840678054,2.7549035657713046,1.7426947314266037,0.0448636234468922,0.232162903915348,-6.244263254206143,-6.276395439711719,0.36530491927707903,-0.7710021800008409,2.7080502011022096,2.7080502011022096,0,0,0,0,0,0,0,0,1,0,0.0
21458_2010,0.03314928333960875,0.04340693448954284,0.5895121713364315,0.5412779293256309,0.012208502840678054,0.009597513153466759,1.7426947314266037,1.7540491804992104,0.232162903915348,0.06506714736976152,-6.276395439711719,-6.380273778789152,-0.7710021800008409,-0.2448485503294145,2.7080502011022096,2.7080502011022096,0,0,0,0,0,0,0,0,1,0,0.0
21478_2008,0.011799692232105644,0.026137528809583737,0.7932618925946776,0.6838287147437808,0.1367216325447482,0.1038334552732222,0.9158545678045314,1.0665131786028603,0.041628018115406465,0.04193924916771973,-11.904951768565569,-11.691391472082266,-0.07641679410667818,0.1669328929572201,1.958685340544036,2.182674796321488,0,0,0,0,0,1,0,0,0,0,0.0
21478_2009,0.026137528809583737,0.0,0.6838287147437808,0.0,0.1038334552732222,0.0,1.0665131786028603,0.0,0.04193924916771973,0.0,-11.691391472082266,0.0,0.1669328929572201,0.0,2.182674796321488,0.0,0,0,0,0,0,1,0,0,0,0,0.0
21478_2010,0.0,0.0192999415765377,0.0,0.8664818602943744,0.0,0.03312309522716979,0.0,0.9617301819046729,0.0,0.07071678128193612,0.0,-11.336051471932125,0.0,-0.0857911249183479,0.0,2.166765369851511,0,0,0,0,0,1,0,0,0,0,0.0
21482_2008,0.062244089482859,0.06045994397615136,0.07810146145014224,0.202630305177938,0.0015331526995931391,0.004402062343287657,3.522491833466053,2.376157167588671,0.20188628279178708,0.14474136740777113,-8.957211196889052,-9.324444174225327,-0.7781326823908569,-0.4357235444403003,2.7080502011022096,2.4604431776096263,0,0,0,0,0,0,0,0,0,0,0.0
21482_2009,0.06045994397615136,0.0642561066915012,0.202630305177938,0.2653180971199969,0.004402062343287657,0.002339793484911683,2.376157167588671,1.9089743499403289,0.14474136740777113,0.17719736111133866,-9.324444174225327,-9.01183815395926,-0.4357235444403003,0.3226620732787279,2.4604431776096263,2.278292400425001,0,0,0,0,0,0,0,0,0,0,0.0
21482_2010,0.0642561066915012,-0.018018467642016738,0.2653180971199969,0.18958802708672,0.002339793484911683,0.003556161848538717,1.9089743499403289,2.17173410143248,0.17719736111133866,0.20788723952046928,-9.01183815395926,-9.180111201049025,0.3226620732787279,0.038238942440948935,2.278292400425001,2.3418058061473266,0,0,0,0,0,0,0,0,0,0,0.0
21495_2008,-0.0012537681183121012,0.03449232476419456,0.6516050957497261,0.7141668207878676,0.009021679286115336,0.01362431416065594,1.7837466718019996,1.2217391304347829,0.09515823538559873,0.10486926565962462,-13.916185046164596,-13.853908481673265,-0.200341229429472,-0.04609334811342367,0.22314355131420974,0.30017866378106345,0,0,0,0,0,0,0,0,0,1,0.0
21495_2009,0.03449232476419456,-0.018895723158191043,0.7141668207878676,0.716510250405764,0.01362431416065594,0.03704280435290384,1.2217391304347829,1.4145851638006777,0.10486926565962462,0.1747679833613715,-13.853908481673265,-14.12221686596525,-0.04609334811342367,-0.03801044590632824,0.30017866378106345,-0.4462871026284195,0,0,0,0,0,0,0,0,0,1,0.0
21495_2010,-0.018895723158191043,-0.029369591815267763,0.716510250405764,0.6784348028278959,0.03704280435290384,0.013480670324255796,1.4145851638006777,2.215601982003288,0.1747679833613715,0.18404073859418094,-14.12221686596525,-13.851372547797371,-0.03801044590632824,-0.2366317741187273,-0.4462871026284195,0.10885440491208208,0,0,0,0,0,0,0,0,0,1,0.0
21515_2008,0.0031076690195564896,-0.08996459414335904,0.6288295162617649,0.8151783266530459,0.0122967587820727,0.012987205732173506,2.334237377278643,1.5721544029987458,0.060564891186757064,0.11093204358108948,-8.38832667567605,-8.66569654897484,0.3105958087425168,-0.8090034464640411,1.6937790608678511,1.0260415958332745,0,0,0,1,0,0,0,0,0,0,0.0
21515_2009,-0.08996459414335904,-0.29827393534205343,0.8151783266530459,0.9746159306940292,0.012987205732173506,0.015554560838482653,1.5721544029987458,248.1116,0.11093204358108948,0.2212666131498731,-8.66569654897484,-10.3073806130847,-0.8090034464640411,-1.8327829242673084,1.0260415958332745,-1.171182981502945,0,0,0,1,0,0,0,0,0,0,0.0
21515_2010,-0.29827393534205343,-0.04575915831383992,0.9746159306940292,0.8781498176677136,0.015554560838482653,0.009355829457807222,248.1116,1349.2067,0.2212666131498731,0.2909349497930208,-10.3073806130847,-8.909642948670967,-1.8327829242673084,1.3883793117783427,-1.171182981502945,0.41210965082683293,0,0,0,1,0,0,0,0,0,0,0.0
21526_2008,0.0412719280438469,0.02701720484521892,0.10991840229948677,0.13062508365026812,0.07269228879653186,0.109451185855509,2.376114013890795,1.7852649450531923,0.0955456957119383,0.09705292901083976,-9.409836131494252,-9.717015521531506,0.12256024808729893,-0.1922711663789584,2.7080502011022096,2.7080502011022096,0,0,0,0,0,0,1,0,0,0,0.0
21526_2009,0.02701720484521892,0.0461933315052284,0.13062508365026812,0.24266350941096576,0.109451185855509,0.12303994107323235,1.7852649450531923,1.2563891478157443,0.09705292901083976,0.12661610975994714,-9.717015521531506,-9.661266118534089,-0.1922711663789584,0.30054343135996564,2.7080502011022096,2.7080502011022096,0,0,0,0,0,0,1,0,0,0,0.0
21526_2010,0.0461933315052284,-0.10625347411003208,0.24266350941096576,0.19355810216118585,0.12303994107323235,0.0982544651556376,1.2563891478157443,1.5324764398395063,0.12661610975994714,0.20869812943583974,-9.661266118534089,-9.943079224263224,0.30054343135996564,-0.08389144134234698,2.7080502011022096,2.7080502011022096,0,0,0,0,0,0,1,0,0,0,0.0
21530_2008,0.033170452367645833,0.029776627681798614,0.13869516968807416,0.11117187275028473,0.03634640168098665,0.032789204881101874,4.4094634835017095,4.789591125173585,0.04873305998165645,0.14008779103572985,-9.047104107850128,-8.798253237604023,-0.07658876541021115,-0.14488496612307575,2.7080502011022096,2.7080502011022096,0,1,0,0,0,0,0,0,0,0,0.0
21530_2009,0.029776627681798614,0.0320202479968997,0.11117187275028473,0.1598290395416665,0.032789204881101874,0.006371162583420029,4.789591125173585,4.680234370186724,0.14008779103572985,0.071668096057957,-8.798253237604023,-8.36768119253273,-0.14488496612307575,0.44201207437970136,2.7080502011022096,2.7080502011022096,0,1,0,0,0,0,0,0,0,0,0.0
21530_2010,0.0320202479968997,0.0,0.1598290395416665,0.0,0.006371162583420029,0.0,4.680234370186724,0.0,0.071668096057957,0.0,-8.36768119253273,0.0,0.44201207437970136,0.0,2.7080502011022096,0.0,0,1,0,0,0,0,0,0,0,0,0.0
21532_2008,0.06086533637562476,0.081760193196058,0.2986124403158389,0.2580341895508175,0.049350980888063285,0.048072222067309364,1.7860049778334717,1.7199610755618306,0.10435159389770267,0.07866320955298704,-8.152415225331223,-7.982860531545918,-0.4053587318700522,0.16515057564161684,2.7080502011022096,2.7080502011022096,0,0,0,0,0,0,0,0,0,0,0.0
21532_2009,0.081760193196058,0.11600314283913045,0.2580341895508175,0.5124518344495057,0.048072222067309364,0.0603383011763077,1.7199610755618306,0.6983599584581934,0.07866320955298704,0.17902749923558506,-7.982860531545918,-8.382518296750009,0.16515057564161684,-0.34101196689162244,2.7080502011022096,2.7080502011022096,0,0,0,0,0,0,0,0,0,0,0.0
21532_2010,0.11600314283913045,0.07856841398993407,0.5124518344495057,0.4490267467700877,0.0603383011763077,0.1367569376918211,0.6983599584581934,0.8430278643936616,0.17902749923558506,0.14273528441823227,-8.382518296750009,-8.257095586369429,-0.34101196689162244,0.28457482175757465,2.7080502011022096,2.7080502011022096,0,0,0,0,0,0,0,0,0,0,0.0
21538_2008,-0.021507670370106983,0.01833661311969436,0.25779801206763564,0.2826983721830203,0.02627145068735196,0.045131369852862466,1.5949459644449486,1.591018980293751,0.10407621015542984,0.08922850548331923,-10.581421290382263,-10.52324331442275,0.09413053700257716,0.08324388565264462,2.7080502011022096,2.7080502011022096,0,0,1,0,0,0,0,0,0,0,0.0
21538_2009,0.01833661311969436,-0.504046386943122,0.2826983721830203,0.711898424414504,0.045131369852862466,0.016844319718562505,1.591018980293751,0.8338868567962545,0.08922850548331923,0.3551698821530519,-10.52324331442275,-11.728944649507365,0.08324388565264462,-1.1549827618036568,2.7080502011022096,1.0885619528146082,0,0,1,0,0,0,0,0,0,0,0.0
21538_2010,-0.504046386943122,0.055750307210150785,0.711898424414504,0.5514731798393934,0.016844319718562505,0.007587376282423769,0.8338868567962545,1.0302883100514653,0.3551698821530519,0.3069501873891443,-11.728944649507365,-11.565863573803265,-1.1549827618036568,0.6438593390124089,1.0885619528146082,1.4770487243883548,0,0,1,0,0,0,0,0,0,0,0.0
21541_2008,0.030329010786272894,0.032987749490151166,0.6222910377766426,0.6454403432687584,0.023448064460809458,0.02598648913594215,1.6680399479514063,1.3838689510295843,0.07341090294029934,0.0624927773960728,-8.319994980370582,-8.458956512737291,0.02799686056866743,-0.1655422971332902,2.7080502011022096,2.7080502011022096,0,1,0,0,0,0,0,0,0,0,0.0
21541_2009,0.032987749490151166,0.026640981199968945,0.6454403432687584,0.7123170684212626,0.02598648913594215,0.02036569401981206,1.3838689510295843,1.5131002069966837,0.0624927773960728,0.15474786893531065,-8.458956512737291,-8.199885042834687,-0.1655422971332902,0.1268661588204434,2.7080502011022096,2.7080502011022096,0,1,0,0,0,0,0,0,0,0,0.0
21541_2010,0.026640981199968945,0.008808845061651534,0.7123170684212626,0.6872498946408379,0.02036569401981206,0.017048872942794457,1.5131002069966837,1.4620821115640603,0.15474786893531065,0.15930743023129906,-8.199885042834687,-8.366853862351588,0.1268661588204434,-0.09885509045921813,2.7080502011022096,2.7080502011022096,0,1,0,0,0,0,0,0,0,0,0.0
21543_2008,0.02920546603149108,0.02536617973528751,0.6487311553715788,0.6161177929089677,0.05717823382139326,0.0336670357670265,1.7598670603762383,1.8620356629485573,0.04355697249970129,0.05298821009002831,-6.755811141373254,-6.606676261461335,-0.06784871491013222,0.15406257906279694,2.7080502011022096,2.7080502011022096,0,0,0,0,0,0,0,0,1,0,0.0
21543_2009,0.02536617973528751,0.02853211767520675,0.6161177929089677,0.7641469051307741,0.0336670357670265,0.08848111689799502,1.8620356629485573,1.0887704625940635,0.05298821009002831,0.05406030476373948,-6.606676261461335,-6.620464274570759,0.15406257906279694,-0.06155960191550141,2.7080502011022096,2.7080502011022096,0,0,0,0,0,0,0,0,1,0,0.0
21543_2010,0.02853211767520675,0.021546715868001814,0.7641469051307741,0.7287099306558213,0.08848111689799502,0.04194427355637687,1.0887704625940635,1.1342969419998077,0.05406030476373948,0.06807820625646803,-6.620464274570759,-6.775465721136683,-0.06155960191550141,-0.2310451252233825,2.7080502011022096,2.7080502011022096,0,0,0,0,0,0,0,0,1,0,0.0
21545_2008,0.03252296927856095,0.01655813148388639,0.4026564625755721,0.4544801343982479,0.02954556777284888,0.0020171733950767774,2.56533889440714,2.299049138927124,0.21513075935789533,0.11007484549734724,-9.796150212750874,-9.914138900813004,-0.3794678953269074,-0.1562159102911788,2.7080502011022096,2.7080502011022096,0,0,0,0,0,0,0,0,1,0,0.0
21545_2009,0.01655813148388639,0.018678161294682652,0.4544801343982479,0.5191834316241002,0.0020171733950767774,0.0029643454344946245,2.299049138927124,1.9443071973056536,0.11007484549734724,0.08046298547211501,-9.914138900813004,-9.563248262947914,-0.1562159102911788,0.4105657977874807,2.7080502011022096,2.7080502011022096,0,0,0,0,0,0,0,0,1,0,0.0
21545_2010,0.018678161294682652,0.014541874867602897,0.5191834316241002,0.5997701442493408,0.0029643454344946245,0.0013572799955524158,1.9443071973056536,1.5508576339843017,0.08046298547211501,0.09816597725022544,-9.563248262947914,-10.076487421306924,0.4105657977874807,-0.4718288943127064,2.7080502011022096,2.7080502011022096,0,0,0,0,0,0,0,0,1,0,0.0
21548_2008,0.0246735895140916,0.030484970495066387,0.4804917765831476,0.4373795392918941,0.06897619751683955,0.03669180167336169,1.5918206306797984,2.312100348662899,0.041868363924581466,0.07257777790123596,-8.196124942704895,-7.778159727424113,0.14332131190769876,0.3650975006047492,2.7080502011022096,2.7080502011022096,0,1,0,0,0,0,0,0,0,0,0.0
21548_2009,0.030484970495066387,0.04020082313901649,0.4373795392918941,0.6637919699674716,0.03669180167336169,0.07717455317409418,2.312100348662899,1.0278607501301755,0.07257777790123596,0.2407004819929039,-7.778159727424113,-8.176919608687939,0.3650975006047492,-0.4884112495168518,2.7080502011022096,2.7080502011022096,0,1,0,0,0,0,0,0,0,0,0.0
21548_2010,0.04020082313901649,0.004844628337230636,0.6637919699674716,0.5873003860297669,0.07717455317409418,0.07991344345545423,1.0278607501301755,1.3821684898765816,0.2407004819929039,0.06414947645840836,-8.176919608687939,-8.211200183201807,-0.4884112495168518,-0.0351175476072782,2.7080502011022096,2.7080502011022096,0,1,0,0,0,0,0,0,0,0,0.0
21550_2008,0.09702959474806704,0.09115765913649444,0.0006032827338048996,0.0012796579910328086,0.00720857997785693,0.009261145285914095,9.319728817065851,9.226527164973444,0.10169960828658964,0.046879329967326085,-9.935741517197004,-9.932254856564754,-0.15980774236895656,0.012376008263891588,2.7080502011022096,2.7080502011022096,0,0,0,0,0,0,0,0,0,0,0.0
21550_2009,0.09115765913649444,0.1489593646471158,0.0012796579910328086,0.0006409625617616798,0.009261145285914095,0.010683825050356562,9.226527164973444,9.07847840007492,0.046879329967326085,0.11590075053164085,-9.932254856564754,-9.484082504438183,0.012376008263891588,0.3676553987512313,2.7080502011022096,2.7080502011022096,0,0,0,0,0,0,0,0,0,0,0.0
21550_2010,0.1489593646471158,0.06563752152879264,0.0006409625617616798,0.0005468957228740559,0.010683825050356562,0.008151589459596782,9.07847840007492,9.274123937599457,0.11590075053164085,0.11643107299578605,-9.484082504438183,-9.717915417066687,0.3676553987512313,-0.3434045287753956,2.7080502011022096,2.7080502011022096,0,0,0,0,0,0,0,0,0,0,0.0
21551_2008,0.08896009647812332,-0.1432607583121866,0.43679735922059904,0.5182405396590538,0.3271501266855165,0.27577800935317104,1.3256075143869723,1.3543616476465865,0.12014018734632045,0.10370760013535542,-10.686851152764824,-10.986425659245766,0.02261451082211416,-0.3999605170079927,0.883767540168595,0.5877866649021191,0,0,0,0,0,1,0,0,0,0,0.0
21551_2009,-0.1432607583121866,-0.24656857586298764,0.5182405396590538,0.6053262566876861,0.27577800935317104,0.4654003794310809,1.3543616476465865,0.8117366879430259,0.10370760013535542,0.15915671063075953,-10.986425659245766,-11.454347630670336,-0.3999605170079927,-0.6031836398431571,0.5877866649021191,-0.3710636813908321,0,0,0,0,0,1,0,0,0,0,0.0
21551_2010,-0.24656857586298764,0.2241201106114458,0.6053262566876861,0.3036179436640074,0.4654003794310809,0.37565394608520736,0.8117366879430259,1.0915113665955951,0.15915671063075953,0.5396159124816278,-11.454347630670336,-10.762029441815141,-0.6031836398431571,2.547243906933482,-0.3710636813908321,2.333114298028869,0,0,0,0,0,1,0,0,0,0,0.0
21560_2008,0.08846868824937065,0.07239573016031146,0.003033018686403384,0.005781632312994376,0.003033018686403384,0.005781632312994376,8.863064798307995,8.96799825032247,0.07474045319062284,0.04529863551275764,-9.025655868436743,-9.021091277428416,-0.4215179938661031,-0.005208744344980572,2.7080502011022096,2.7080502011022096,0,0,0,0,0,0,0,0,0,0,0.0
21560_2009,0.07239573016031146,0.09861325561586087,0.005781632312994376,0.005134635306841326,0.005781632312994376,0.005134635306841326,8.96799825032247,8.994637230245294,0.04529863551275764,0.11088565601664148,-9.021091277428416,-8.601447972775984,-0.005208744344980572,0.24799815245579354,2.7080502011022096,2.7080502011022096,0,0,0,0,0,0,0,0,0,0,0.0
21560_2010,0.09861325561586087,0.03730218640535397,0.005134635306841326,0.0066029555427367355,0.005134635306841326,0.0066029555427367355,8.994637230245294,8.412832026293241,0.11088565601664148,0.18032599170510427,-8.601447972775984,-9.421799767939051,0.24799815245579354,-0.4461955235129049,2.7080502011022096,2.7080502011022096,0,0,0,0,0,0,0,0,0,0,0.0
21576_2008,0.042736291438673066,0.03965817420984783,0.14298518918714714,0.09894864302539262,0.03454605333625739,0.02427850368679566,4.423717459151781,4.676530381074104,0.20635208875536595,0.05859463600336232,-5.141974219219391,-4.694879906611744,-0.8070839910598303,0.4208852015904212,2.7080502011022096,2.7080502011022096,0,0,0,0,0,0,0,0,0,0,0.0
21576_2009,0.03965817420984783,0.08284413073716633,0.09894864302539262,0.2295092504559753,0.02427850368679566,0.056273116921571685,4.676530381074104,2.498487018157803,0.05859463600336232,0.1659501064184134,-4.694879906611744,-5.043886174886024,0.4208852015904212,-0.15710599289371302,2.7080502011022096,2.7080502011022096,0,0,0,0,0,0,0,0,0,0,0.0
21576_2010,0.08284413073716633,0.034058350191347286,0.2295092504559753,0.15470793660626034,0.056273116921571685,0.05016379849497737,2.498487018157803,3.1130135348414556,0.1659501064184134,0.07764605147868107,-5.043886174886024,-4.844341461264807,-0.15710599289371302,0.17014776330520415,2.7080502011022096,2.7080502011022096,0,0,0,0,0,0,0,0,0,0,0.0
21578_2008,0.0,0.0,0.0,0.0,0.0,0.0,0.0,0.0,0.0,0.0,0.0,0.0,0.0,0.0,0.0,0.0,0,0,0,0,0,1,0,0,0,0,0.0
21578_2009,0.0,0.0,0.0,0.0,0.0,0.0,0.0,0.0,0.0,0.0,0.0,0.0,0.0,0.0,0.0,0.0,0,0,0,0,0,1,0,0,0,0,0.0
21578_2010,0.0,0.0,0.0,0.0,0.0,0.0,0.0,0.0,0.0,0.0,0.0,0.0,0.0,0.0,0.0,0.0,0,0,0,0,0,1,0,0,0,0,0.0
21587_2008,0.08784937487435003,0.07063470422798558,0.24417629304021346,0.2876697387795168,0.17327064870709566,0.13010618655489678,1.7047813369274452,1.3046407679051006,0.12306821394013452,0.10289414763477207,-8.651590242548208,-8.851684154763273,0.07786404951646239,-0.28767025339347124,2.7080502011022096,2.7080502011022096,0,0,0,1,0,0,0,0,0,0,0.0
21587_2009,0.07063470422798558,0.06256283685986247,0.2876697387795168,0.3695299196071443,0.13010618655489678,0.15895207812487358,1.3046407679051006,1.0130583783306664,0.10289414763477207,0.20218671064098426,-8.851684154763273,-8.574473344828286,-0.28767025339347124,0.3274871053447152,2.7080502011022096,2.7080502011022096,0,0,0,1,0,0,0,0,0,0,0.0
21587_2010,0.06256283685986247,0.03758778455934681,0.3695299196071443,0.32177910582187563,0.15895207812487358,0.19070185784825155,1.0130583783306664,1.0735574445581737,0.20218671064098426,0.1095539830441065,-8.574473344828286,-8.691017739087512,0.3274871053447152,-0.002319979146797713,2.7080502011022096,2.7080502011022096,0,0,0,1,0,0,0,0,0,0,0.0
21594_2008,0.02615346212920215,0.02116828045987437,0.4199395974210842,0.2503344747046418,0.014819545608894424,0.019546928501780084,1.5514687174638346,2.8317458413992767,0.12493814166452878,0.16653144175600634,-13.109247731612056,-12.098133425626544,-0.13085174924688986,0.8957231830926213,1.603419840108537,2.524127362941281,0,0,0,0,1,0,0,0,0,0,0.0
21594_2009,0.02116828045987437,0.027044490531822868,0.2503344747046418,0.4989421904474065,0.019546928501780084,0.01654455827332131,2.8317458413992767,0.9518548875663732,0.16653144175600634,0.23897405976225505,-12.098133425626544,-12.919726662142287,0.8957231830926213,-0.7174496957009224,2.524127362941281,1.2809338454620642,0,0,0,0,1,0,0,0,0,0,0.0
21594_2010,0.027044490531822868,-0.10452655150351887,0.4989421904474065,0.5298037961185753,0.01654455827332131,0.02108658562593304,0.9518548875663732,1.0076611498009016,0.23897405976225505,0.1350647530304025,-12.919726662142287,-13.240769172803436,-0.7174496957009224,-0.5914856574074809,1.2809338454620642,1.170777899468295,0,0,0,0,1,0,0,0,0,0,0.0
21596_2008,0.030190538493954963,0.057657052813947264,0.03925410127428164,0.05711768310907661,0.2819849444959829,0.25230435751596,1.8615671349031209,1.9934927277267858,0.06571936929453483,0.0999736915352242,-9.508188458195502,-9.465720452698966,-0.4937798111714162,0.10776541716910663,2.570319527636131,2.7080502011022096,0,0,0,0,0,0,1,0,0,0,0.0
21596_2009,0.057657052813947264,0.04995158739171399,0.05711768310907661,0.056946220801166424,0.25230435751596,0.32803286386039066,1.9934927277267858,1.723302000074297,0.0999736915352242,0.11373158740273664,-9.465720452698966,-9.352911980670623,0.10776541716910663,0.29525088559460205,2.7080502011022096,2.4221443280516852,0,0,0,0,0,0,1,0,0,0,0.0
21596_2010,0.04995158739171399,0.0009325278579299168,0.056946220801166424,0.10577711239484457,0.32803286386039066,0.1325807109194822,1.723302000074297,2.008355745668298,0.11373158740273664,0.07496535245510866,-9.352911980670623,-9.155388859839846,0.29525088559460205,0.073252150956225,2.4221443280516852,2.7080502011022096,0,0,0,0,0,0,1,0,0,0,0.0
21599_2008,0.0073350799540069685,0.031612449835147674,0.6098853347789498,0.528720198242112,0.005176390234924136,0.02151411166035017,1.7314430471687343,2.156977023679828,0.05788533161884867,0.0741591052265296,-8.352794313237071,-8.097584651680801,0.12055450534461452,0.26009423887243377,2.327277705584417,2.642622395779755,0,0,1,0,0,0,0,0,0,0,0.0
21599_2009,0.031612449835147674,0.012048655106090293,0.528720198242112,0.8461230504971232,0.02151411166035017,0.01593493371297421,2.156977023679828,0.9627495988115622,0.0741591052265296,0.09638341733048833,-8.097584651680801,-8.729215322659881,0.26009423887243377,-0.461281582092098,2.642622395779755,1.603419840108537,0,0,1,0,0,0,0,0,0,0,0.0
21599_2010,0.012048655106090293,0.01297326277759097,0.8461230504971232,0.7807473273010933,0.01593493371297421,0.01894327379777161,0.9627495988115622,1.3486855872728012,0.09638341733048833,0.1425456298165436,-8.729215322659881,-8.473001719654391,-0.461281582092098,0.29109065004074164,1.603419840108537,2.102913897864978,0,0,1,0,0,0,0,0,0,0,0.0
21603_2008,0.04415224467433691,0.0561149426544665,0.3299332882142512,0.2331285994782295,0.1653292081601083,0.1334233943524084,1.1340931591134091,1.6294782936115024,0.21083810006339215,0.1308194985409782,-13.377207731830854,-13.050045184572868,0.12261363456985415,0.5373100319203852,2.122261538862764,2.6741417528510234,0,1,0,0,0,0,0,0,0,0,0.0
21603_2009,0.0561149426544665,0.1567776169802219,0.2331285994782295,0.4524227401956257,0.1334233943524084,0.24165819913579864,1.6294782936115024,0.6157381332693177,0.1308194985409782,0.19731332872305288,-13.050045184572868,-13.362300152113384,0.5373100319203852,-0.5592644059083216,2.6741417528510234,1.7083778602890038,0,1,0,0,0,0,0,0,0,0,0.0
21603_2010,0.1567776169802219,0.0723604409309895,0.4524227401956257,0.29735083976896376,0.24165819913579864,0.16426542555011808,0.6157381332693177,0.938945117728268,0.19731332872305288,0.22966175135227665,-13.362300152113384,-13.06251527253519,-0.5592644059083216,0.20163616936075696,1.7083778602890038,2.2431747336624377,0,1,0,0,0,0,0,0,0,0,0.0
21609_2008,0.05011470544780823,0.060364173324091025,0.26122504877144465,0.3010092160049303,0.042660197602397185,0.002679515895761036,3.2138536186848436,3.0725115216736985,0.07632470227648615,0.04747556270372199,-7.303139506346597,-7.475888408779116,0.07886456699325584,-0.19139056750952388,2.7080502011022096,2.7080502011022096,1,0,0,0,0,0,0,0,0,0,0.0
21609_2009,0.060364173324091025,0.04864616142220746,0.3010092160049303,0.2866596627222189,0.002679515895761036,0.0026738883550417765,3.0725115216736985,3.26102771767186,0.04747556270372199,0.0904100220614097,-7.475888408779116,-7.024755454508965,-0.19139056750952388,0.4655703017370205,2.7080502011022096,2.7080502011022096,1,0,0,0,0,0,0,0,0,0,0.0
21609_2010,0.04864616142220746,0.04549705913948565,0.2866596627222189,0.29571971495003896,0.0026738883550417765,0.00723707717617472,3.26102771767186,3.3457361651075668,0.0904100220614097,0.0922020968978844,-7.024755454508965,-7.258951485382304,0.4655703017370205,-0.0412018521777634,2.7080502011022096,2.7080502011022096,1,0,0,0,0,0,0,0,0,0,0.0
21617_2008,0.021087592587711205,0.0627104173113561,0.5182275878430028,0.22473407725833933,0.10420785337093952,0.051357669349817496,0.8823096362771815,2.008214829476616,0.16649196409118167,0.2947675775393345,-13.06171574235006,-11.883423521491387,-0.03920469830314724,0.8443721772252721,1.6448050562713916,2.7080502011022096,0,1,0,0,0,0,0,0,0,0,0.0
21617_2009,0.0627104173113561,0.09408931868358876,0.22473407725833933,0.3142228189999096,0.051357669349817496,0.16848927736821034,2.008214829476616,1.03994239891298,0.2947675775393345,0.22492844042808946,-11.883423521491387,-12.426106423681214,0.8443721772252721,-0.5333650974517266,2.7080502011022096,1.7833912195575383,0,1,0,0,0,0,0,0,0,0,0.0
21617_2010,0.09408931868358876,0.08165185721137823,0.3142228189999096,0.20857552822197112,0.16848927736821034,0.20197021307730456,1.03994239891298,1.605502204147062,0.22492844042808946,0.15939986117325794,-12.426106423681214,-11.775890661565587,-0.5333650974517266,0.5589700951963429,1.7833912195575383,2.667228206581955,0,1,0,0,0,0,0,0,0,0,0.0
21629_2008,0.038651295733805976,0.04202092071095533,0.22080842445283064,0.3280275217682373,0.0491979891167958,0.04542345636457662,1.6396267498744437,1.4398118735511294,0.04842897600910485,0.06586054478083396,-8.43906074830402,-8.377467734298946,0.003153062137499177,0.06292865261644656,2.7080502011022096,2.7080502011022096,0,0,0,1,0,0,0,0,0,0,0.0
21629_2009,0.04202092071095533,0.033588165217506384,0.3280275217682373,0.4107358765094991,0.04542345636457662,0.05767740893194906,1.4398118735511294,0.9497826470174301,0.06586054478083396,0.11856978031135923,-8.377467734298946,-7.332384308956983,0.06292865261644656,0.34428682356272283,2.7080502011022096,2.7080502011022096,0,0,0,1,0,0,0,0,0,0,0.0
21629_2010,0.033588165217506384,0.049796584853874185,0.4107358765094991,0.2669049906560231,0.05767740893194906,0.02857666798953552,0.9497826470174301,1.3175878740705242,0.11856978031135923,0.08885643151390826,-7.332384308956983,-7.208381355065518,0.34428682356272283,0.016407680783714795,2.7080502011022096,2.7080502011022096,0,0,0,1,0,0,0,0,0,0,0.0
21637_2008,0.03386499523755726,0.02942113672522166,0.5354980596322971,0.4951343710771345,0.003760459489084783,0.005517762489194106,1.9725404675805467,1.9793808222485096,0.03978043556943068,0.05647743578503237,-9.473675477025305,-9.397398724100436,0.02282953239888205,0.07132860525003325,2.7080502011022096,2.7080502011022096,0,0,0,0,0,0,0,0,1,0,0.0
21637_2009,0.02942113672522166,0.03125142560179539,0.4951343710771345,0.5187429542519281,0.005517762489194106,0.002345959143263033,1.9793808222485096,2.0348735939228444,0.05647743578503237,0.050979479444865486,-9.397398724100436,-8.799015216669448,0.07132860525003325,0.5491227956141937,2.7080502011022096,2.7080502011022096,0,0,0,0,0,0,0,0,1,0,0.0
21637_2010,0.03125142560179539,0.024464693516820433,0.5187429542519281,0.5210169211638987,0.002345959143263033,0.0016096467311729544,2.0348735939228444,1.8865795526426337,0.050979479444865486,0.043535579146057116,-8.799015216669448,-9.074139714093988,0.5491227956141937,-0.2733775232135456,2.7080502011022096,2.7080502011022096,0,0,0,0,0,0,0,0,1,0,0.0
21640_2008,0.02758547101565207,0.02878209114328862,0.5277287712720544,0.5220832290211344,0.0028666917608051613,0.004344771334200135,2.118754540963254,2.097735272536502,0.027426562716600936,0.032838074160749124,-6.141928265884937,-6.080479082766648,-0.04752148416389853,0.04202865024027805,2.7080502011022096,2.7080502011022096,0,0,0,0,0,0,0,0,1,0,0.0
21640_2009,0.02878209114328862,0.028799059764089318,0.5220832290211344,0.5416996360385345,0.004344771334200135,0.008287499212687573,2.097735272536502,1.939832961800944,0.032838074160749124,0.049805687068112975,-6.080479082766648,-5.61302176267853,0.04202865024027805,0.4375163666250855,2.7080502011022096,2.7080502011022096,0,0,0,0,0,0,0,0,1,0,0.0
21640_2010,0.028799059764089318,0.02694149175544609,0.5416996360385345,0.569209995015824,0.008287499212687573,0.011562127316593666,1.939832961800944,1.6940754979767776,0.049805687068112975,0.05566859449093973,-5.61302176267853,-5.919792428514969,0.4375163666250855,-0.30058998413697297,2.7080502011022096,2.7080502011022096,0,0,0,0,0,0,0,0,1,0,0.0
21645_2008,0.019453669786244836,0.02904628746032504,0.4101614276546841,0.3895449598593019,0.006394640231530724,0.00478798312248685,1.766062416631961,1.947848328370954,0.03733298716017232,0.05484498053671056,-4.528867910429428,-3.9328542598215734,0.21534760990297205,0.08236829687379385,2.7080502011022096,2.7080502011022096,0,0,0,0,0,0,0,1,0,0,0.0
21645_2009,0.02904628746032504,0.03819815199466232,0.3895449598593019,0.5014060368069074,0.00478798312248685,0.005319894954102346,1.947848328370954,1.6225969931641293,0.05484498053671056,0.08342812441075705,-3.9328542598215734,-3.8448360501796017,0.08236829687379385,0.11971084756631516,2.7080502011022096,2.7080502011022096,0,0,0,0,0,0,0,1,0,0,0.0
21645_2010,0.03819815199466232,0.037772165337235764,0.5014060368069074,0.5015004515819813,0.005319894954102346,0.01145670304046034,1.6225969931641293,1.5281881688386842,0.08342812441075705,0.0589444490443863,-3.8448360501796017,-4.0946732164717545,0.11971084756631516,-0.16697977044098788,2.7080502011022096,2.7080502011022096,0,0,0,0,0,0,0,1,0,0,0.0
21658_2008,0.012986681441299469,0.0035600748945865727,0.6201385328817227,0.7663597177916894,0.03083905608863676,0.020751715682247276,1.382192935349538,0.8094175393362011,0.1472611462586981,0.1166417362617218,-10.7310840665984,-11.357344178955586,0.2474566023180423,-0.6789990581153791,2.7067159780890733,2.0992441689760155,0,0,1,0,0,0,0,0,0,0,0.0
21658_2009,0.0035600748945865727,-0.04812595909272455,0.7663597177916894,0.8649849698345631,0.020751715682247276,0.013890815833175672,0.8094175393362011,0.4181148377126199,0.1166417362617218,0.26326129300360784,-11.357344178955586,-11.706789416462096,-0.6789990581153791,-0.4499507708758888,2.0992441689760155,1.2412685890696329,0,0,1,0,0,0,0,0,0,0,0.0
21658_2010,-0.04812595909272455,0.007238169655381661,0.8649849698345631,0.6038686697187651,0.013890815833175672,0.02206571501603287,0.4181148377126199,0.984841282962718,0.26326129300360784,0.3161036381724102,-11.706789416462096,-10.87459800415077,-0.4499507708758888,0.9913049978237792,1.2412685890696329,2.1424163408412245,0,0,1,0,0,0,0,0,0,0,0.0
21662_2008,0.035675488859637616,0.031065833623024695,0.4291263551729768,0.4906140730478521,0.050238265649898035,0.03518269275346507,1.7042482147949711,1.5917525571550506,0.0639917520914036,0.08363332600007109,-10.434410821619068,-10.985414246297905,-0.13091292020215856,-0.5297404168705095,2.7080502011022096,2.7080502011022096,0,1,0,0,0,0,0,0,0,0,0.0
21662_2009,0.031065833623024695,0.03335641190969873,0.4906140730478521,0.5403991019898874,0.03518269275346507,0.051642068940909586,1.5917525571550506,1.1267687398126178,0.08363332600007109,0.10161685667280376,-10.985414246297905,-10.361472800089508,-0.5297404168705095,0.5114410575487698,2.7080502011022096,2.7080502011022096,0,1,0,0,0,0,0,0,0,0,0.0
21662_2010,0.03335641190969873,-0.01347503267165646,0.5403991019898874,0.6417730500343793,0.051642068940909586,0.022397723130834712,1.1267687398126178,0.8304470672438736,0.10161685667280376,0.24219403249070146,-10.361472800089508,-10.588240523046824,0.5114410575487698,-0.027589310067740458,2.7080502011022096,2.7080502011022096,0,1,0,0,0,0,0,0,0,0,0.0
21664_2008,0.04454405421579161,0.04844438335085425,0.3667229665558471,0.4391657497231035,0.02717264239899413,0.034599018887538205,2.2759528220197325,2.003145547649951,0.043703831532149344,0.06979809935300366,-8.04339980287905,-8.107064534015045,-0.0798610910692297,-0.1834192226607968,2.7080502011022096,2.7080502011022096,0,1,0,0,0,0,0,0,0,0,0.0
21664_2009,0.04844438335085425,0.053274415989629835,0.4391657497231035,0.5426406521101396,0.034599018887538205,0.03598106103863923,2.003145547649951,1.504149981146058,0.06979809935300366,0.09192398939509304,-8.107064534015045,-7.980113694928613,-0.1834192226607968,0.010642952495130531,2.7080502011022096,2.7080502011022096,0,1,0,0,0,0,0,0,0,0,0.0
21664_2010,0.053274415989629835,0.03249277390694953,0.5426406521101396,0.3994742457681856,0.03598106103863923,0.05804660947175514,1.504149981146058,1.882562681169442,0.09192398939509304,0.11522896879972393,-7.980113694928613,-7.781774389018578,0.010642952495130531,0.20274062372278576,2.7080502011022096,2.7080502011022096,0,1,0,0,0,0,0,0,0,0,0.0
21665_2008,-0.024847593324656605,0.0379985344319953,0.4128563629088898,0.3199461749303341,0.15373709248994302,0.1268578758859233,0.5668588526347379,0.6918499409095165,0.05076728438359887,0.08970409091750503,-11.833653149887787,-11.812275992781654,-0.05648700901098164,0.040851306136939415,2.7080502011022096,2.7080502011022096,0,1,0,0,0,0,0,0,0,0,0.0
21665_2009,0.0379985344319953,0.04960680049648021,0.3199461749303341,0.2908897713168176,0.1268578758859233,0.12055217393295685,0.6918499409095165,0.8433735596056613,0.08970409091750503,0.16947918460036066,-11.812275992781654,-11.352424143625779,0.040851306136939415,0.5180029708634918,2.7080502011022096,2.7080502011022096,0,1,0,0,0,0,0,0,0,0,0.0
21665_2010,0.04960680049648021,-0.03293501063228061,0.2908897713168176,0.5253543326415617,0.12055217393295685,0.1231380723608777,0.8433735596056613,0.3483077815455939,0.16947918460036066,0.29706820843148896,-11.352424143625779,-12.175529809747136,0.5180029708634918,-0.8315218934349828,2.7080502011022096,2.175887439948088,0,1,0,0,0,0,0,0,0,0,0.0
21669_2008,0.01016558472534785,0.02258846001328592,0.5555530154294374,0.5475408043093487,0.00818276227742018,0.00857488900755708,1.6293273492090516,1.4920749326397358,0.04839863851989668,0.09052343018120312,-10.688203179280077,-10.659787281552537,0.07319407793322494,0.0010222949098293993,2.7080502011022096,2.7080502011022096,1,0,0,0,0,0,0,0,0,0,0.0
21669_2009,0.02258846001328592,0.043462212066645016,0.5475408043093487,0.4708024362316676,0.00857488900755708,0.019566881495085127,1.4920749326397358,2.0553880882250564,0.09052343018120312,0.17551957048046307,-10.659787281552537,-9.762377599798269,0.0010222949098293993,0.8722815603054488,2.7080502011022096,2.7080502011022096,1,0,0,0,0,0,0,0,0,0,0.0
21669_2010,0.043462212066645016,0.06378211804299802,0.4708024362316676,0.3477733415652855,0.019566881495085127,0.0996635427264521,2.0553880882250564,2.0629014004137582,0.17551957048046307,0.1712276106766775,-9.762377599798269,-9.64652803472683,0.8722815603054488,0.27225965921105666,2.7080502011022096,2.7080502011022096,1,0,0,0,0,0,0,0,0,0,0.0
21693_2008,-0.014024983760901487,0.0140093651067905,0.2284457847332763,0.2704009494767294,0.117567010638133,0.16097351518369726,0.923175396838728,0.8897124597537531,0.06632903277569309,0.07853738355540987,-10.119564701482515,-10.188357127769182,-0.29063384587113633,-0.13125961258252142,2.7080502011022096,2.7080502011022096,0,0,1,0,0,0,0,0,0,0,0.0
21693_2009,0.0140093651067905,-0.05955061264924226,0.2704009494767294,0.3587391261216741,0.16097351518369726,0.33571020728541284,0.8897124597537531,0.6200100935175271,0.07853738355540987,0.13162380760646902,-10.188357127769182,-10.239518070226742,-0.13125961258252142,-0.12903645693488336,2.7080502011022096,2.353278207309564,0,0,1,0,0,0,0,0,0,0,0.0
21693_2010,-0.05955061264924226,-0.16327050194467094,0.3587391261216741,0.2923700844292088,0.33571020728541284,0.24361196486862505,0.6200100935175271,1.0830094819109828,0.13162380760646902,0.12827526087986554,-10.239518070226742,-10.099508515551415,-0.12903645693488336,0.10192978959654564,2.353278207309564,2.7080502011022096,0,0,1,0,0,0,0,0,0,0,0.0
21694_2008,0.02249478073988068,0.031147851482547305,0.13368882663660536,0.18890334879117252,0.04013634069200375,0.009409119514147284,1.153467740363321,0.923972847296318,0.052481383691436616,0.06982244582346314,-11.921348215015454,-12.176400335848443,0.03824995796520733,-0.2958174722051591,2.550226115908643,2.2975725511705014,0,0,1,0,0,0,0,0,0,0,0.0
21694_2009,0.031147851482547305,0.032891137117817784,0.18890334879117252,0.2912422338230013,0.009409119514147284,0.0020499162308668067,0.923972847296318,0.7764541958264533,0.06982244582346314,0.08399926995424509,-12.176400335848443,-12.047950932985685,-0.2958174722051591,0.2324541102089529,2.2975725511705014,2.027095061307626,0,0,1,0,0,0,0,0,0,0,0.0
21694_2010,0.032891137117817784,0.027653592014621118,0.2912422338230013,0.18907633909742724,0.0020499162308668067,0.08949810206663855,0.7764541958264533,0.9633537758537758,0.08399926995424509,0.09779937587024674,-12.047950932985685,-12.055897858847313,0.2324541102089529,-0.09636714131333904,2.027095061307626,2.277267285009756,0,0,1,0,0,0,0,0,0,0,0.0
21696_2008,0.048771919477612224,0.06949449191804798,0.2707200525157156,0.2641202512097189,0.00013462280612905586,0.00019218229863756482,2.1148999710729264,1.700530077370359,0.07999282513967952,0.204413506590146,-11.625297644695726,-11.694453854975619,0.3308265414731391,-0.10009387815782544,2.7080502011022096,2.7080502011022096,1,0,0,0,0,0,0,0,0,0,0.0
21696_2009,0.06949449191804798,0.09730132348014453,0.2641202512097189,0.5122671549893152,0.00019218229863756482,0.0015775076679883035,1.700530077370359,0.5033691209066767,0.204413506590146,0.25534162623718343,-11.694453854975619,-12.47538329184089,-0.10009387815782544,-0.7584497687542809,2.7080502011022096,1.5686159179138452,1,0,0,0,0,0,0,0,0,0,0.0
21696_2010,0.09730132348014453,0.0028833477947753736,0.5122671549893152,0.2082849981425876,0.0015775076679883035,0.1890537388974346,0.5033691209066767,0.9467974052646884,0.25534162623718343,0.10448871792996256,-12.47538329184089,-12.03269282887481,-0.7584497687542809,0.24503397276697006,1.5686159179138452,2.242835088588272,1,0,0,0,0,0,0,0,0,0,0.0
21698_2008,0.03441508150410297,0.03788348066794563,0.23899298001141325,0.2361589284891611,0.008123580756360303,0.007866450592569591,4.077581610448589,4.062088892792899,0.0615893602156727,0.04158053126012207,-6.328297033447653,-6.519065948926358,0.07576827136328379,-0.11863725868287757,2.7080502011022096,2.7080502011022096,0,0,0,1,0,0,0,0,0,0,0.0
21698_2009,0.03788348066794563,0.04765175516227671,0.2361589284891611,0.2874786455797692,0.007866450592569591,0.023760246895102064,4.062088892792899,3.502677204041411,0.04158053126012207,0.07991130773035816,-6.519065948926358,-6.347884885973307,-0.11863725868287757,0.18579150930211571,2.7080502011022096,2.7080502011022096,0,0,0,1,0,0,0,0,0,0,0.0
21698_2010,0.04765175516227671,0.05271647625521254,0.2874786455797692,0.3378272598191332,0.023760246895102064,0.05427089011335924,3.502677204041411,2.9933320887242645,0.07991130773035816,0.044460016059495636,-6.347884885973307,-6.3975316964399385,0.18579150930211571,-0.07077480843033904,2.7080502011022096,2.7080502011022096,0,0,0,1,0,0,0,0,0,0,0.0
216_2008,0.03122570084762429,0.047077870902544935,0.15691179300514665,0.2493669914831581,0.06644194041374159,0.10633412976124412,3.1818361584155284,2.3890191294629166,0.05264326908758837,0.09809153232364784,-5.074010733244193,-5.540904466499086,-0.1699263362755107,-0.43257414390065385,2.7080502011022096,2.7080502011022096,0,0,0,0,1,0,0,0,0,0,0.0
216_2009,0.047077870902544935,0.0548344414133329,0.2493669914831581,0.2098371367430616,0.10633412976124412,0.12482807063397422,2.3890191294629166,2.4786703192303787,0.09809153232364784,0.09650539607384534,-5.540904466499086,-4.86645306201968,-0.43257414390065385,0.6349426511605625,2.7080502011022096,2.7080502011022096,0,0,0,0,1,0,0,0,0,0,0.0
216_2010,0.0548344414133329,0.06286762371986569,0.2098371367430616,0.2315658270437268,0.12482807063397422,0.18351066189846574,2.4786703192303787,2.1624771432956646,0.09650539607384534,0.07680451123679104,-4.86645306201968,-5.172604142191963,0.6349426511605625,-0.2658193922275524,2.7080502011022096,2.7080502011022096,0,0,0,0,1,0,0,0,0,0,0.0
21718_2008,-0.002882161521865773,0.010463546675722805,0.010653119557002586,0.014909804884034853,0.08244735117844393,0.10989078414529392,4.112180031112686,3.1728505306659325,0.0698960914762314,0.06284345519507463,-9.518631962287374,-9.833022067214946,0.16983945969243358,-0.29660089130184936,2.7080502011022096,2.7080502011022096,0,0,0,0,0,0,0,0,0,1,0.0
21718_2009,0.010463546675722805,0.009474121731404965,0.014909804884034853,0.03171711083524336,0.10989078414529392,0.12681084289270372,3.1728505306659325,2.122503879268635,0.06284345519507463,0.11558267957557485,-9.833022067214946,-9.835449779969961,-0.29660089130184936,0.0029532163415632033,2.7080502011022096,2.7080502011022096,0,0,0,0,0,0,0,0,0,1,0.0
21718_2010,0.009474121731404965,0.0,0.03171711083524336,0.0,0.12681084289270372,0.0,2.122503879268635,0.0,0.11558267957557485,0.0,-9.835449779969961,0.0,0.0029532163415632033,0.0,2.7080502011022096,0.0,0,0,0,0,0,0,0,0,0,1,0.0
21722_2008,0.052149696858344134,0.07052484150931884,0.16318779069363992,0.17146475989496285,0.04580309972363397,0.058838353249576265,4.058727208684878,3.048794182283094,0.14322172979086026,0.07855353485129672,-7.2396803402527725,-7.2837362449881216,0.453950841338645,-0.19745557862195845,2.7080502011022096,2.7080502011022096,1,0,0,0,0,0,0,0,0,0,0.0
21722_2009,0.07052484150931884,0.12232342131022282,0.17146475989496285,0.4628792620493217,0.058838353249576265,0.10157231962126473,3.048794182283094,1.2340043933223075,0.07855353485129672,0.17850192047862234,-7.2837362449881216,-8.069010764388599,-0.19745557862195845,-0.5925700823470565,2.7080502011022096,2.7080502011022096,1,0,0,0,0,0,0,0,0,0,0.0
21722_2010,0.12232342131022282,0.004769073129433744,0.4628792620493217,0.33946172268941005,0.10157231962126473,0.10663466984677088,1.2340043933223075,1.9513409051918864,0.17850192047862234,0.1871431391660093,-8.069010764388599,-7.723544728130752,-0.5925700823470565,0.4097172399594711,2.7080502011022096,2.7080502011022096,1,0,0,0,0,0,0,0,0,0,0.0
21723_2008,0.0382358673386797,0.027624008809721167,0.3092144436530476,0.5312254698173796,0.06812116165627258,0.03796915145522296,1.9049016132748797,1.7208304695313097,0.07271382166346603,0.07695396777097377,-8.52786005736797,-8.550724346840331,-0.0816812463390136,-0.07507845531343121,2.7080502011022096,2.7080502011022096,0,0,0,0,1,0,0,0,0,0,0.0
21723_2009,0.027624008809721167,0.025874538623582737,0.5312254698173796,0.5704999410891622,0.03796915145522296,0.023174404552280446,1.7208304695313097,1.5054738344837193,0.07695396777097377,0.1051760090429326,-8.550724346840331,-8.28053584383646,-0.07507845531343121,0.25465695903823793,2.7080502011022096,2.7080502011022096,0,0,0,0,1,0,0,0,0,0,0.0
21723_2010,0.025874538623582737,0.068919789424265,0.5704999410891622,0.5126849043110524,0.023174404552280446,0.042832336440775116,1.5054738344837193,1.309168235809003,0.1051760090429326,0.08567319095149448,-8.28053584383646,-8.441849699475117,0.25465695903823793,-0.2834334687308458,2.7080502011022096,2.7080502011022096,0,0,0,0,1,0,0,0,0,0,0.0
21724_2008,0.0,0.0,0.0,0.0,0.0,0.0,0.0,0.0,0.0,0.0,0.0,0.0,0.0,0.0,0.0,0.0,0,0,0,0,0,0,0,1,0,0,0.0
21724_2009,0.0,0.0,0.0,0.0,0.0,0.0,0.0,0.0,0.0,0.0,0.0,0.0,0.0,0.0,0.0,0.0,0,0,0,0,0,0,0,1,0,0,0.0
21724_2010,0.0,0.0,0.0,0.0,0.0,0.0,0.0,0.0,0.0,0.0,0.0,0.0,0.0,0.0,0.0,0.0,0,0,0,0,0,0,0,1,0,0,0.0
21731_2008,0.062372946076305585,0.0367281348118356,0.11293200923030605,0.15412951777775288,0.19324450880861704,0.3015175174312245,1.8748066519059925,1.3925371108207991,0.08785850824942823,0.06891778847834966,-8.40816105907947,-8.877232691913196,-0.2572700485031727,-0.3823096086230173,2.7053799725463312,2.336019869080283,0,0,0,0,0,0,1,0,0,0,0.0
21731_2009,0.0367281348118356,-0.3195294178877168,0.15412951777775288,0.42498679985626425,0.3015175174312245,0.25918785422929075,1.3925371108207991,1.0124929443562147,0.06891778847834966,0.17548195605501446,-8.877232691913196,-9.30482408771173,-0.3823096086230173,-0.5369454127802444,2.336019869080283,1.4398351280479205,0,0,0,0,0,0,1,0,0,0,0.0
21731_2010,-0.3195294178877168,-0.05468268134840774,0.42498679985626425,0.23319842675085745,0.25918785422929075,0.18944476386063808,1.0124929443562147,2.388354616300706,0.17548195605501446,0.12949439332190088,-9.30482408771173,-8.573704980723454,-0.5369454127802444,0.5056504576635599,1.4398351280479205,2.3730435566426067,0,0,0,0,0,0,1,0,0,0,0.0
21737_2008,0.09792268384001504,0.055871857371516905,0.05797311621028305,0.05660784344904912,0.08384672099362726,0.0614863797344055,2.9000440197270776,3.3321324561448504,0.06809775460994902,0.07060617465243556,-5.719686356900724,-5.6187406299651315,-0.11985124160640145,0.05149010461105598,2.7080502011022096,2.7080502011022096,0,0,0,0,0,0,1,0,0,0,0.0
21737_2009,0.055871857371516905,0.08559984979723023,0.05660784344904912,0.11578271350177445,0.0614863797344055,0.11324146796091915,3.3321324561448504,1.9112970636249595,0.07060617465243556,0.09205345542455592,-5.6187406299651315,-5.966765352284041,0.05149010461105598,-0.27003825678816745,2.7080502011022096,2.7080502011022096,0,0,0,0,0,0,1,0,0,0,0.0
21737_2010,0.08559984979723023,0.042345447994401625,0.11578271350177445,0.06904900601536101,0.11324146796091915,0.08425879958069711,1.9112970636249595,2.6972705381360207,0.09205345542455592,0.06438301820360351,-5.966765352284041,-5.71722952399361,-0.27003825678816745,0.2589942569986262,2.7080502011022096,2.7080502011022096,0,0,0,0,0,0,1,0,0,0,0.0
21739_2008,0.024684246458440008,0.017291791115163328,0.01712962962962963,0.016279435344421042,0.018185697217955283,0.021280430932394342,6.768477408094123,6.769154883262085,0.06916840160770313,0.4808827703325272,-10.215898271149422,-10.216538479135428,0.33250977919476626,-1.7006737535216774,2.7080502011022096,2.7080502011022096,0,0,0,0,0,0,0,0,0,0,0.0
21739_2009,0.017291791115163328,0.04501713037602883,0.016279435344421042,0.02987425653838842,0.021280430932394342,0.03972535435559254,6.769154883262085,5.268541685103097,0.4808827703325272,0.16749615618107466,-10.216538479135428,-10.40205358928092,-1.7006737535216774,-0.03453092952758191,2.7080502011022096,2.7080502011022096,0,0,0,0,0,0,0,0,0,0,0.0
21739_2010,0.04501713037602883,0.02271138604494713,0.02987425653838842,0.02326980890112893,0.03972535435559254,0.026774733533752388,5.268541685103097,6.264100001516808,0.16749615618107466,0.10558412913930323,-10.40205358928092,-10.407480142822227,-0.03453092952758191,-0.050833775030274,2.7080502011022096,2.7080502011022096,0,0,0,0,0,0,0,0,0,0,0.0
21740_2008,0.05242650113204368,0.0,0.4885607562391312,0.0,0.001705093884780417,0.0,5.638159415150101,0.0,0.08550064818737857,0.0,-6.236960748892231,0.0,-0.036907434188821066,0.0,2.7080502011022096,0.0,0,0,0,0,0,0,0,0,1,0,0.0
21740_2009,0.0,0.0,0.0,0.0,0.0,0.0,0.0,0.0,0.0,0.0,0.0,0.0,0.0,0.0,0.0,0.0,0,0,0,0,0,0,0,0,1,0,0.0
21740_2010,0.0,0.0,0.0,0.0,0.0,0.0,0.0,0.0,0.0,0.0,0.0,0.0,0.0,0.0,0.0,0.0,0,0,0,0,0,0,0,0,1,0,0.0
21743_2008,0.02252781002859312,0.02674940995235571,0.5585472499768154,0.4798266568225726,0.029237423997175764,0.015489571084733788,3.3148760187309456,3.6114148392180763,0.04979980027082937,0.20593907575234094,-6.986688877965255,-6.584889774187786,-0.0004641236994108039,-0.2844977187939703,2.7080502011022096,2.7080502011022096,0,1,0,0,0,0,0,0,0,0,0.0
21743_2009,0.02674940995235571,0.023130621374587438,0.4798266568225726,0.8402222011254455,0.015489571084733788,0.026033847514196143,3.6114148392180763,1.3628441058273737,0.20593907575234094,0.17291451729225585,-6.584889774187786,-7.761333045825392,-0.2844977187939703,-0.9773805878487754,2.7080502011022096,2.6297282343267403,0,1,0,0,0,0,0,0,0,0,0.0
21743_2010,0.023130621374587438,-0.0014598240206630461,0.8402222011254455,0.7588259441601395,0.026033847514196143,0.08909635635788657,1.3628441058273737,1.6761129671710824,0.17291451729225585,0.3041501095267733,-7.761333045825392,-7.573886583366082,-0.9773805878487754,0.4371402610226677,2.6297282343267403,2.7080502011022096,0,1,0,0,0,0,0,0,0,0,0.0
21752_2008,0.08788221399033022,0.0941606864372709,0.18780737096712152,0.22155298405894028,0.09703892140294852,0.07295122555656071,1.6260668648256775,1.4235667590552392,0.12148311258102612,0.08526480445127002,-8.429447770400722,-8.360582402497766,-0.29401632083815016,0.04487611269470268,2.7080502011022096,2.7080502011022096,0,0,0,0,0,0,0,0,0,0,0.0
21752_2009,0.0941606864372709,0.14803835481973815,0.22155298405894028,0.3016540975337067,0.07295122555656071,0.09124395578328373,1.4235667590552392,0.8676925324641791,0.08526480445127002,0.10109561646595687,-8.360582402497766,-8.238315044798666,0.04487611269470268,0.1462750908219752,2.7080502011022096,2.7080502011022096,0,0,0,0,0,0,0,0,0,0,0.0
21752_2010,0.14803835481973815,0.0791246727114563,0.3016540975337067,0.2528951712134221,0.09124395578328373,0.06802301847471272,0.8676925324641791,0.9948740479583958,0.10109561646595687,0.09926865916618544,-8.238315044798666,-8.29520910586179,0.1462750908219752,-0.15487773652678002,2.7080502011022096,2.7080502011022096,0,0,0,0,0,0,0,0,0,0,0.0
21753_2008,0.03983126453170888,0.04800221810283721,0.1632319971514027,0.2030230626724192,0.030117798752719086,0.038976400405360635,2.4721137455869,2.5498238862811027,0.045787302396338984,0.07423374521762911,-7.781862783144593,-7.630930090559097,-0.06499450938194988,0.14211890422894832,2.7080502011022096,2.7080502011022096,0,0,1,0,0,0,0,0,0,0,0.0
21753_2009,0.04800221810283721,0.053878430580298384,0.2030230626724192,0.3707229395091431,0.038976400405360635,0.039289365583696056,2.5498238862811027,1.5237162514641178,0.07423374521762911,0.17341651568608932,-7.630930090559097,-7.900673389283763,0.14211890422894832,-0.1008933056526558,2.7080502011022096,2.7080502011022096,0,0,1,0,0,0,0,0,0,0,0.0
21753_2010,0.053878430580298384,0.03931913195588462,0.3707229395091431,0.23831753436884814,0.039289365583696056,0.11665573086930688,1.5237162514641178,2.3234932904129137,0.17341651568608932,0.12998278526443108,-7.900673389283763,-7.5257135088751745,-0.1008933056526558,0.4319578541554777,2.7080502011022096,2.7080502011022096,0,0,1,0,0,0,0,0,0,0,0.0
21758_2008,0.04196201116770633,0.03953614852543806,0.481864003574541,0.4345336311399551,0.01905919008813499,0.005415841844051027,1.7137464713730162,1.5136215181753303,0.10027627401041464,0.0613629394133731,-8.441187803627074,-8.31616378912424,-0.3197775524945142,0.1212271731167138,2.7080502011022096,2.7080502011022096,0,1,0,0,0,0,0,0,0,0,0.0
21758_2009,0.03953614852543806,0.0558696811873569,0.4345336311399551,0.6044188624325935,0.005415841844051027,0.02921036501455467,1.5136215181753303,1.1377296474740926,0.0613629394133731,0.21059197395649926,-8.31616378912424,-8.329119890688153,0.1212271731167138,-0.011570572915632071,2.7080502011022096,2.7080502011022096,0,1,0,0,0,0,0,0,0,0,0.0
21758_2010,0.0558696811873569,-0.02845552019694914,0.6044188624325935,0.5122050987892623,0.02921036501455467,0.16196605699817362,1.1377296474740926,1.3922128139340186,0.21059197395649926,0.14028862107899118,-8.329119890688153,-8.371806700609106,-0.011570572915632071,0.16851103852001909,2.7080502011022096,2.7080502011022096,0,1,0,0,0,0,0,0,0,0,0.0
21763_2008,0.03462471689714969,0.024722897622253468,0.08454505047606031,0.08356459119796843,0.04163223139410617,0.047368832397287314,2.3491832655693408,2.498981615964501,0.04284933587781875,0.05594289347639824,-9.306699510509572,-9.474562403798592,0.013325544980140366,-0.16264298738436567,2.7080502011022096,2.7080502011022096,0,0,0,1,0,0,0,0,0,0,0.0
21763_2009,0.024722897622253468,0.030237158603827256,0.08356459119796843,0.13827045511380087,0.047368832397287314,0.0677394384576702,2.498981615964501,1.6208576583343997,0.05594289347639824,0.06662699443472926,-9.474562403798592,-9.058295114646862,-0.16264298738436567,0.44511262310136734,2.7080502011022096,2.7080502011022096,0,0,0,1,0,0,0,0,0,0,0.0
21763_2010,0.030237158603827256,0.03035323330474255,0.13827045511380087,0.10544137120440553,0.0677394384576702,0.05656457706437605,1.6208576583343997,2.115894570231058,0.06662699443472926,0.06615412285395861,-9.058295114646862,-9.22242272362596,0.44511262310136734,-0.15950563535181347,2.7080502011022096,2.7080502011022096,0,0,0,1,0,0,0,0,0,0,0.0
21767_2008,-0.021055888233759992,-0.06873858291937282,0.8731481812928598,0.8008888121379252,0.07624609436924383,0.0912287139746416,0.5181723801546203,0.6250317631872283,0.07310959536689994,0.08745724868986292,-14.319515596530385,-13.810847008671244,0.22073242324195386,-0.14854462254060605,2.066229647707605,1.8562979903656265,0,0,0,0,0,0,1,0,0,0,0.0
21767_2009,-0.06873858291937282,-0.21065370228727692,0.8008888121379252,0.9534686350729771,0.0912287139746416,0.05126203623180813,0.6250317631872283,0.13478058321965047,0.08745724868986292,0.3125482258457949,-13.810847008671244,-15.434527875013414,-0.14854462254060605,-1.581625711387547,1.8562979903656265,-0.2613647641344075,0,0,0,0,0,0,1,0,0,0,0.0
21767_2010,-0.21065370228727692,-0.272389689144365,0.9534686350729771,0.9474020001053012,0.05126203623180813,0.029236596538064867,0.13478058321965047,0.25221540558963873,0.3125482258457949,0.4366268202716016,-15.434527875013414,-15.750218486239284,-1.581625711387547,-0.023000184384336486,-0.2613647641344075,-0.342490308946776,0,0,0,0,0,0,1,0,0,0,0.0
21783_2008,0.04755999255906244,0.0640492779541992,0.4179533287860937,0.5062100047113696,0.06438477914883943,0.06328444522530223,1.8229486972001945,1.2694767247843872,0.1622668727190628,0.1272628915650604,-8.419257837793031,-8.646116976906525,-0.4769863788344334,-0.33751568938582793,2.7080502011022096,2.7080502011022096,0,1,0,0,0,0,0,0,0,0,0.0
21783_2009,0.0640492779541992,0.06591413542241321,0.5062100047113696,0.711402176780881,0.06328444522530223,0.0373159800956839,1.2694767247843872,0.7056924419291879,0.1272628915650604,0.19688712667023126,-8.646116976906525,-8.742588361512063,-0.33751568938582793,-0.16588795680842078,2.7080502011022096,2.7080502011022096,0,1,0,0,0,0,0,0,0,0,0.0
21783_2010,0.06591413542241321,-0.032542820869377785,0.711402176780881,0.6735678559173105,0.0373159800956839,0.1938862036400693,0.7056924419291879,0.7831115048077022,0.19688712667023126,0.2369514124388261,-8.742588361512063,-8.879073380203053,-0.16588795680842078,0.11885418088566503,2.7080502011022096,2.7080502011022096,0,1,0,0,0,0,0,0,0,0,0.0
21794_2008,0.027446550374396958,0.030225072041969617,0.5983721827934647,0.5900916414419972,0.031309628974198575,0.0391461285477492,2.066855237976186,1.8889616431695215,0.04385551909070647,0.03651620828822397,-8.39154569919938,-8.395317795416764,0.13446617145942474,-0.022822653957328205,2.7080502011022096,2.7080502011022096,0,0,0,0,0,0,0,0,1,0,0.0
21794_2009,0.030225072041969617,0.03128285879631746,0.5900916414419972,0.5963485485900315,0.0391461285477492,0.0457992665904323,1.8889616431695215,1.7893593087640924,0.03651620828822397,0.047782547747535764,-8.395317795416764,-7.999634745836071,-0.022822653957328205,0.3339448833029582,2.7080502011022096,2.7080502011022096,0,0,0,0,0,0,0,0,1,0,0.0
21794_2010,0.03128285879631746,0.03718889475439203,0.5963485485900315,0.6079413209017788,0.0457992665904323,0.04130341076977157,1.7893593087640924,1.5985639390251405,0.047782547747535764,0.04008002956664133,-7.999634745836071,-8.235494522094896,0.3339448833029582,-0.344324063850632,2.7080502011022096,2.7080502011022096,0,0,0,0,0,0,0,0,1,0,0.0
21795_2008,0.10932678751203594,0.05928048239567474,0.3280639137684441,0.3524910989366676,0.05399498389732765,0.01796696117098433,1.9659267978246344,1.9984774597442576,0.1001484433469106,0.22989285711075444,-5.969926015743709,-5.696007107490527,0.08006191153219168,-0.41197245050952,2.7080502011022096,2.7080502011022096,0,0,0,0,0,0,0,0,0,0,0.0
21795_2009,0.05928048239567474,0.08691119390557424,0.3524910989366676,0.5241523448778069,0.01796696117098433,0.031655579412886305,1.9984774597442576,0.9111518286377044,0.22989285711075444,0.13613129890359565,-5.696007107490527,-6.008164039029107,-0.41197245050952,-0.1223485350713362,2.7080502011022096,2.7080502011022096,0,0,0,0,0,0,0,0,0,0,0.0
21795_2010,0.08691119390557424,0.030965741687719706,0.5241523448778069,0.5321535731460347,0.031655579412886305,0.04353829846318485,0.9111518286377044,1.007952073054883,0.13613129890359565,0.08044449420693922,-6.008164039029107,-6.107541630446201,-0.1223485350713362,-0.15995640645975964,2.7080502011022096,2.7080502011022096,0,0,0,0,0,0,0,0,0,0,0.0
21798_2008,0.00786989816761542,0.012822190255734516,0.8636686664263009,0.8379404204103802,0.020524924199189703,0.03757941790098904,0.9296124624919748,1.060682299834318,0.07761440659879576,0.053417708940106216,-7.489016005305968,-7.3125702528445435,-0.08313769159432095,0.061254606204663574,2.7080502011022096,2.7080502011022096,0,0,0,0,0,1,0,0,0,0,0.0
21798_2009,0.012822190255734516,0.011248856508594071,0.8379404204103802,0.8747653336432801,0.03757941790098904,0.032542787339757684,1.060682299834318,0.9662438924472024,0.053417708940106216,0.17322612195352108,-7.3125702528445435,-7.150624234257036,0.061254606204663574,0.22453233761854624,2.7080502011022096,2.7080502011022096,0,0,0,0,0,1,0,0,0,0,0.0
21798_2010,0.011248856508594071,0.016254300161755452,0.8747653336432801,0.8765216198768639,0.032542787339757684,0.030144615782040488,0.9662438924472024,0.7805594733465355,0.17322612195352108,0.18513955520105532,-7.150624234257036,-7.334962234946621,0.22453233761854624,0.02432247785799529,2.7080502011022096,2.7080502011022096,0,0,0,0,0,1,0,0,0,0,0.0
21808_2008,0.023362316282387264,0.02510883522428677,0.5352398769785641,0.5492408010349151,0.005735909194779669,0.014171123218794596,1.5779664351961429,1.5670208065526778,0.019529424618430418,0.03798127024341616,-7.046282558817183,-7.039795769181738,-0.048168187730603836,0.0035318940860522632,2.7080502011022096,2.7080502011022096,0,0,0,0,0,0,0,0,1,0,0.0
21808_2009,0.02510883522428677,0.027285918895245943,0.5492408010349151,0.6867178092042548,0.014171123218794596,0.004081795997337605,1.5670208065526778,1.012661782342034,0.03798127024341616,0.08500932257411094,-7.039795769181738,-7.0179023969582435,0.0035318940860522632,0.12369274529016301,2.7080502011022096,2.7080502011022096,0,0,0,0,0,0,0,0,1,0,0.0
21808_2010,0.027285918895245943,0.027363781352656096,0.6867178092042548,0.7033207200609156,0.004081795997337605,0.02781090196299361,1.012661782342034,0.8582499065802311,0.08500932257411094,0.11051704027045754,-7.0179023969582435,-7.3126817368706165,0.12369274529016301,-0.4703335823621324,2.7080502011022096,2.7080502011022096,0,0,0,0,0,0,0,0,1,0,0.0
21810_2008,0.03486436418555888,0.033593820116346755,0.4602921007636394,0.4065304980979795,0.01795319376180398,0.015900471192535015,1.5283300841447287,1.8938594339017716,0.05359384841755333,0.062171254283472185,-6.240010940304685,-5.966257681976449,-0.0655755773380053,0.2011726954330884,2.7080502011022096,2.7080502011022096,0,1,0,0,0,0,0,0,0,0,0.0
21810_2009,0.033593820116346755,0.04837654801953406,0.4065304980979795,0.5022843041805771,0.015900471192535015,0.025843587885542363,1.8938594339017716,1.4750193397356948,0.062171254283472185,0.19018460528704928,-5.966257681976449,-5.781846897408693,0.2011726954330884,-0.5391610246548273,2.7080502011022096,2.7080502011022096,0,1,0,0,0,0,0,0,0,0,0.0
21810_2010,0.04837654801953406,0.032870891727369865,0.5022843041805771,0.4410899585902967,0.025843587885542363,0.03203959414943849,1.4750193397356948,1.7468805634628397,0.19018460528704928,0.09630336202482508,-5.781846897408693,-5.729841366377684,-0.5391610246548273,0.08121786570880479,2.7080502011022096,2.7080502011022096,0,1,0,0,0,0,0,0,0,0,0.0
21814_2008,-0.04092489378910772,-0.0145285646090411,0.6023609860505877,0.6925404912565041,0.10562352386977103,0.15248564271082074,12.712502863666924,3.365835924981708,0.1007309371334977,0.09129146696885693,-8.457841954616049,-8.954036475469264,0.053593910597032224,-0.6171281469236467,2.0592388343623163,1.5539252025038417,0,0,0,0,0,0,1,0,0,0,0.0
21814_2009,-0.0145285646090411,-0.028326854010013468,0.6925404912565041,0.9315419845998588,0.15248564271082074,0.11844587687507553,3.365835924981708,314.415,0.09129146696885693,0.32109476848407426,-8.954036475469264,-10.146398042773736,-0.6171281469236467,-1.1581668652718449,1.5539252025038417,-0.16251892949777494,0,0,0,0,0,0,1,0,0,0,0.0
21814_2010,-0.028326854010013468,0.03230547428463768,0.9315419845998588,0.7216425174855726,0.11844587687507553,0.11051782961823224,314.415,1631.088,0.32109476848407426,0.7445911022324476,-10.146398042773736,-8.714154156960598,-1.1581668652718449,3.643201527332749,-0.16251892949777494,2.7080502011022096,0,0,0,0,0,0,1,0,0,0,0.0
21826_2008,0.020500933672529427,0.03231638717876854,0.3027496424700673,0.24358625462997496,0.03220379268986208,0.02268012093381169,1.8474029466998405,2.038851211044624,0.037490898984636464,0.06807821255033537,-8.124136382645867,-7.936244271481162,0.20772690567513466,0.13698425793611207,2.7080502011022096,2.7080502011022096,0,0,0,0,0,0,0,1,0,0,0.0
21826_2009,0.03231638717876854,0.005422213409641633,0.24358625462997496,0.37971009385705135,0.02268012093381169,0.028104783394819054,2.038851211044624,1.1564669834665602,0.06807821255033537,0.11010935679007026,-7.936244271481162,-8.113847644528049,0.13698425793611207,-0.07711611645082245,2.7080502011022096,2.7080502011022096,0,0,0,0,0,0,0,1,0,0,0.0
21826_2010,0.005422213409641633,0.036251137505138746,0.37971009385705135,0.3840620459545364,0.028104783394819054,0.04940897394552704,1.1564669834665602,1.069742655777426,0.11010935679007026,0.10394834238864133,-8.113847644528049,-8.379339727929423,-0.07711611645082245,-0.2857902642880935,2.7080502011022096,2.7080502011022096,0,0,0,0,0,0,0,1,0,0,0.0
21832_2008,0.040894523206458484,0.03926063326988782,0.3178639681599538,0.3002917944326552,0.02789856808243389,0.026991685373047875,2.856551694744599,2.8144871084084935,0.03133025161618985,0.041762622941815895,-5.312515133085399,-5.1362322948041985,-0.036346603287570785,0.10104343566662012,2.7080502011022096,2.7080502011022096,0,1,0,0,0,0,0,0,0,0,0.0
21832_2009,0.03926063326988782,0.052020098515882233,0.3002917944326552,0.4386928461534509,0.026991685373047875,0.04839233732699474,2.8144871084084935,2.6100437242252235,0.041762622941815895,0.07339268809058927,-5.1362322948041985,-5.037601358702244,0.10104343566662012,0.10760304749224893,2.7080502011022096,2.7080502011022096,0,1,0,0,0,0,0,0,0,0,0.0
21832_2010,0.052020098515882233,0.03852373808090988,0.4386928461534509,0.3458383318864445,0.04839233732699474,0.045174088269335416,2.6100437242252235,2.6472211483049137,0.07339268809058927,0.0836128957473462,-5.037601358702244,-5.0275363823748185,0.10760304749224893,0.07234227861996068,2.7080502011022096,2.7080502011022096,0,1,0,0,0,0,0,0,0,0,0.0
21835_2008,0.015248772533606429,0.01623901440008601,0.7281160751827318,0.6945445124450579,0.008648500891710556,0.008586145544873063,1.3997962280193803,1.5333547966599663,0.03027094909391978,0.052096893572931735,-11.396383926281393,-11.274101079503168,-0.07459217581605604,0.1012936666117448,2.7080502011022096,2.7080502011022096,0,0,0,0,0,0,0,0,1,0,0.0
21835_2009,0.01623901440008601,0.012854410679603414,0.6945445124450579,0.7867694454103658,0.008586145544873063,0.01523976523870508,1.5333547966599663,1.1360085760793808,0.052096893572931735,0.048547630159207066,-11.274101079503168,-10.795961215375122,0.1012936666117448,0.11678803978053848,2.7080502011022096,2.7080502011022096,0,0,0,0,0,0,0,0,1,0,0.0
21835_2010,0.012854410679603414,0.012834757756140371,0.7867694454103658,0.6803705086530012,0.01523976523870508,0.009882763472228086,1.1360085760793808,1.2533595096727657,0.048547630159207066,0.04558494977296624,-10.795961215375122,-10.59415840195625,0.11678803978053848,-0.1682492738562974,2.7080502011022096,2.7080502011022096,0,0,0,0,0,0,0,0,1,0,0.0
21838_2008,0.015057094538876818,0.042628412475861965,0.4387127161902672,0.3632262291309726,0.1216178147373078,0.08763480892002642,1.8344345162098,1.7972880802860602,0.1012992605959062,0.07863757273865521,-9.21797188007391,-9.12448224154194,-0.06845934464344268,0.04110933016249961,2.7080502011022096,2.7080502011022096,0,0,0,1,0,0,0,0,0,0,0.0
21838_2009,0.042628412475861965,0.07109873748861313,0.3632262291309726,0.5963250837699412,0.08763480892002642,0.11475295969495634,1.7972880802860602,0.9238738179516128,0.07863757273865521,0.13713416503679468,-9.12448224154194,-9.261050300442788,0.04110933016249961,-0.09115590726980853,2.7080502011022096,2.7080502011022096,0,0,0,1,0,0,0,0,0,0,0.0
21838_2010,0.07109873748861313,0.06670907231419994,0.5963250837699412,0.492271414261093,0.11475295969495634,0.09743223728982356,0.9238738179516128,1.3537573532438338,0.13713416503679468,0.08883801695333214,-9.261050300442788,-9.084543437523193,-0.09115590726980853,0.10308477536131544,2.7080502011022096,2.7080502011022096,0,0,0,1,0,0,0,0,0,0,0.0
21839_2008,0.07087888427398631,0.048342455681725335,0.06102443755704508,0.08573809329303161,0.0016301510116333135,0.0024638509925659666,2.3724900450350286,2.2534082571356544,0.06511557327240358,0.08054382083126191,-10.229185681508985,-10.331002218283606,0.005244323337323026,-0.1489465331672773,2.7080502011022096,2.7080502011022096,0,0,0,0,0,0,0,0,0,1,0.0
21839_2009,0.048342455681725335,0.024981183185839383,0.08573809329303161,0.1628418137801034,0.0024638509925659666,0.0013248409172615411,2.2534082571356544,2.304081848310845,0.08054382083126191,0.08322382969460655,-10.331002218283606,-9.909059746657904,-0.1489465331672773,0.3290749268116555,2.7080502011022096,2.7080502011022096,0,0,0,0,0,0,0,0,0,1,0.0
21839_2010,0.024981183185839383,0.0,0.1628418137801034,0.0,0.0013248409172615411,0.0,2.304081848310845,0.0,0.08322382969460655,0.0,-9.909059746657904,0.0,0.3290749268116555,0.0,2.7080502011022096,0.0,0,0,0,0,0,0,0,0,0,1,0.0
2183_2008,-0.006457621012419024,0.03614630465883217,0.15131225656468156,0.11976751735671892,0.2498306290629199,0.2877375704399573,1.0620969381548626,0.8055744913909736,0.16147154669756378,0.9484674546935394,-11.630566385300266,-12.002800465739385,-0.5428493670251042,2.8237264109566182,-0.6735406509210269,2.0856720914304723,0,0,0,0,0,0,0,0,0,0,0.0
2183_2009,0.03614630465883217,-0.7353013949447684,0.11976751735671892,0.2438266683528435,0.2877375704399573,0.4184009545227111,0.8055744913909736,0.4857703267044401,0.9484674546935394,0.19460390861165555,-12.002800465739385,-12.555750656082909,2.8237264109566182,-0.6002331635194069,2.0856720914304723,1.0885619528146082,0,0,0,0,0,0,0,0,0,0,0.0
2183_2010,-0.7353013949447684,-0.06711084511257018,0.2438266683528435,0.22848492316358324,0.4184009545227111,0.15468499709553066,0.4857703267044401,0.6903003733503013,0.19460390861165555,0.2097207109212496,-12.555750656082909,-12.54918347700365,-0.6002331635194069,-0.0044622731948774095,1.0885619528146082,1.3001916620664788,0,0,0,0,0,0,0,0,0,0,0.0
21849_2008,0.04678621737436641,0.05684913222678189,0.1924998233840376,0.2755999222705076,0.03009872744603637,0.030927962742885562,2.3858577778341585,1.8974815819980049,0.026990078373858358,0.07496450637669391,-7.235308434802128,-7.4401772622234885,0.28664073635068155,-0.11682282607232446,2.7080502011022096,2.7080502011022096,0,0,1,0,0,0,0,0,0,0,0.0
21849_2009,0.05684913222678189,0.06777781800917981,0.2755999222705076,0.3234705551491185,0.030927962742885562,0.042937601020488256,1.8974815819980049,1.5824485723776358,0.07496450637669391,0.11553087562915207,-7.4401772622234885,-7.171946987180972,-0.11682282607232446,0.07565387078961877,2.7080502011022096,2.7080502011022096,0,0,1,0,0,0,0,0,0,0,0.0
21849_2010,0.06777781800917981,0.042970306219896184,0.3234705551491185,0.2475509810505711,0.042937601020488256,0.06814840851659618,1.5824485723776358,1.9044050091781344,0.11553087562915207,0.06360052160339265,-7.171946987180972,-7.107643861735423,0.07565387078961877,-0.028663064887030017,2.7080502011022096,2.7080502011022096,0,0,1,0,0,0,0,0,0,0,0.0
21854_2008,0.02952170163453278,-0.012292758086052536,0.3780280961036176,0.5094904396234596,0.043937498472417284,0.041074489272214916,2.7674722618211027,13.181209683715037,0.09394363465924953,0.2475436370672231,-8.364114203904938,-8.86749569520926,0.2415770623902721,-0.5542904243650794,2.7080502011022096,2.7080502011022096,1,0,0,0,0,0,0,0,0,0,0.0
21854_2009,-0.012292758086052536,-0.00026056000859848034,0.5094904396234596,0.6016656298549657,0.041074489272214916,0.01797864059329514,13.181209683715037,1223.01,0.2475436370672231,0.17022955075331672,-8.86749569520926,-8.77261180394598,-0.5542904243650794,-0.0007161387574912692,2.7080502011022096,2.3702437414678603,1,0,0,0,0,0,0,0,0,0,0.0
21854_2010,-0.00026056000859848034,-0.009747280380520144,0.6016656298549657,0.5449071742548675,0.01797864059329514,0.02385518619443088,1223.01,1596.771,0.17022955075331672,0.3138381920983425,-8.77261180394598,-8.741194798501995,-0.0007161387574912692,-0.3577837068412156,2.3702437414678603,2.6369121732688705,1,0,0,0,0,0,0,0,0,0,0.0
21859_2008,0.032078704949655,0.03920253514616899,0.09351698156651447,0.14127293376792455,0.04791786900785156,0.043097314609316116,4.911541251177249,4.150269472646567,0.09210214981463803,0.06756082069051758,-7.6367510971233505,-7.586205845831832,-0.34066719065731343,0.10588415529678147,2.7080502011022096,2.7080502011022096,0,0,0,0,1,0,0,0,0,0,0.0
21859_2009,0.03920253514616899,0.03440529843861048,0.14127293376792455,0.11674182941560934,0.043097314609316116,0.04890953149894297,4.150269472646567,4.3697454369487705,0.06756082069051758,0.10768262420920026,-7.586205845831832,-7.497072357707263,0.10588415529678147,0.025644101259931214,2.7080502011022096,2.7080502011022096,0,0,0,0,1,0,0,0,0,0,0.0
21859_2010,0.03440529843861048,0.05084377717075805,0.11674182941560934,0.1588105034087286,0.04890953149894297,0.08821807001884675,4.3697454369487705,3.0894677111405486,0.10768262420920026,0.098587802790688,-7.497072357707263,-7.441015793401853,0.025644101259931214,-0.06417027436593503,2.7080502011022096,2.7080502011022096,0,0,0,0,1,0,0,0,0,0,0.0
21869_2008,0.03404941326800389,0.034784522116623966,0.391403775611501,0.4344197480236925,0.16364508257718602,0.14292580381948755,0.8263468857810367,0.657498586485881,0.07088527673069557,0.0904835868592886,-8.617360623134958,-8.788321825296032,-0.26128965603393906,-0.15813911393436705,2.6056482674841286,2.4344901638739844,0,0,0,0,0,0,1,0,0,0,0.0
21869_2009,0.034784522116623966,-0.9093211807327156,0.4344197480236925,0.6649232832335991,0.14292580381948755,0.1702474686794162,0.657498586485881,0.4387450153552191,0.0904835868592886,0.1531898034808837,-8.788321825296032,-9.497957672039908,-0.15813911393436705,-0.700576643746327,2.4344901638739844,1.229640551074514,0,0,0,0,0,0,1,0,0,0,0.0
21869_2010,-0.9093211807327156,-0.020747685821089268,0.6649232832335991,0.43461192017459577,0.1702474686794162,0.21012854800012012,0.4387450153552191,1.0248369626611635,0.1531898034808837,0.21540159610193746,-9.497957672039908,-8.839419871909302,-0.700576643746327,0.7403762556654178,1.229640551074514,2.122261538862764,0,0,0,0,0,0,1,0,0,0,0.0
21876_2008,0.047105014438173456,0.032825475259425974,0.14338166960513413,0.3768301370869624,0.0055645363704464705,0.00253978661118816,3.2069116513209623,2.0190821028779435,0.08522384408681527,0.09143814366202446,-7.3132418091013385,-7.439577392552379,0.1183350701297768,-0.2697847744697121,2.7080502011022096,2.7080502011022096,1,0,0,0,0,0,0,0,0,0,0.0
21876_2009,0.032825475259425974,-0.00031499714175497545,0.3768301370869624,0.4126748848438577,0.00253978661118816,0.003592268740772172,2.0190821028779435,1.948484029998813,0.09143814366202446,0.15136337897957736,-7.439577392552379,-6.9319766940964564,-0.2697847744697121,0.3027735678908985,2.7080502011022096,2.7080502011022096,1,0,0,0,0,0,0,0,0,0,0.0
21876_2010,-0.00031499714175497545,0.00272786672345448,0.4126748848438577,0.4032253869959568,0.003592268740772172,0.0023734978128203263,1.948484029998813,1.5386978226882362,0.15136337897957736,0.13834867255232827,-6.9319766940964564,-7.3152630525616384,0.3027735678908985,-0.2338142434593495,2.7080502011022096,2.7080502011022096,1,0,0,0,0,0,0,0,0,0,0.0
21880_2008,0.03966711263459759,0.04264177074114686,0.3074517609909522,0.3247855300806526,0.025918612323191068,0.01865305327605427,2.622693416017764,2.574381273146155,0.0523586300907843,0.03296440206216798,-4.1916568834762105,-4.213630251845847,-0.10351409191741194,-0.02032890643610169,2.7080502011022096,2.7080502011022096,0,0,0,1,0,0,0,0,0,0,0.0
21880_2009,0.04264177074114686,0.04770397901024923,0.3247855300806526,0.3415925296992869,0.01865305327605427,0.025898988604445013,2.574381273146155,2.3940888867601884,0.03296440206216798,0.04585913253068952,-4.213630251845847,-3.5753403351846638,-0.02032890643610169,0.5199132191528715,2.7080502011022096,2.7080502011022096,0,0,0,1,0,0,0,0,0,0,0.0
21880_2010,0.04770397901024923,0.04782223193679072,0.3415925296992869,0.325164488795186,0.025898988604445013,0.026378122631615226,2.3940888867601884,2.4109591803591344,0.04585913253068952,0.06667888384016847,-3.5753403351846638,-3.88664943977584,0.5199132191528715,-0.17064691673365434,2.7080502011022096,2.7080502011022096,0,0,0,1,0,0,0,0,0,0,0.0
21881_2008,0.030785650738902656,0.03860247804081498,0.12336945940170445,0.15524387546194213,0.02347700430505829,0.0048184546146081714,3.5381135216075768,3.0890604074312997,0.0695470485306439,0.06302523392475727,-5.622601677000186,-5.831455388635867,-0.04647445575663097,-0.19058608731771065,2.7080502011022096,2.7080502011022096,0,0,0,1,0,0,0,0,0,0,0.0
21881_2009,0.03860247804081498,0.0473268329229857,0.15524387546194213,0.2093395052935589,0.0048184546146081714,0.009719882700455571,3.0890604074312997,2.3730060012235867,0.06302523392475727,0.0885501699459577,-5.831455388635867,-5.7739470158266615,-0.19058608731771065,0.06930289206043977,2.7080502011022096,2.7080502011022096,0,0,0,1,0,0,0,0,0,0,0.0
21881_2010,0.0473268329229857,0.04532468149181566,0.2093395052935589,0.2432530014660456,0.009719882700455571,0.05845211915220694,2.3730060012235867,2.0563100054416887,0.0885501699459577,0.08982541854667336,-5.7739470158266615,-5.612038047856738,0.06930289206043977,-0.004282359423782189,2.7080502011022096,2.7080502011022096,0,0,0,1,0,0,0,0,0,0,0.0
21888_2008,0.0348140207092451,0.02868066601012789,0.23710195893473704,0.25157322705486346,0.04045921858495452,0.03708163155323038,2.000255468545483,1.9469806156733285,0.02896260536222028,0.03282517859679095,-7.679615897493258,-7.590439335857573,-0.1280736054859109,0.02000837606978791,2.7080502011022096,2.7080502011022096,0,0,1,0,0,0,0,0,0,0,0.0
21888_2009,0.02868066601012789,0.011057311826203998,0.25157322705486346,0.3851212480963017,0.03708163155323038,0.12582037095613882,1.9469806156733285,1.2442539507965724,0.03282517859679095,0.0755921614415874,-7.590439335857573,-7.820824040465831,0.02000837606978791,-0.22504824785018532,2.7080502011022096,2.7080502011022096,0,0,1,0,0,0,0,0,0,0,0.0
21888_2010,0.011057311826203998,0.014722467506755347,0.3851212480963017,0.35352584164862183,0.12582037095613882,0.13689923829868994,1.2442539507965724,1.3343629659898126,0.0755921614415874,0.11063255759465256,-7.820824040465831,-7.932109214838448,-0.22504824785018532,-0.17841237622860873,2.7080502011022096,2.7080502011022096,0,0,1,0,0,0,0,0,0,0,0.0
21889_2008,0.0,0.0,0.0,0.0,0.0,0.0,0.0,0.0,0.0,0.0,0.0,0.0,0.0,0.0,0.0,0.0,0,0,0,0,0,0,0,0,0,1,0.0
21889_2009,0.0,0.0,0.0,0.0,0.0,0.0,0.0,0.0,0.0,0.0,0.0,0.0,0.0,0.0,0.0,0.0,0,0,0,0,0,0,0,0,0,1,0.0
21889_2010,0.0,0.0,0.0,0.0,0.0,0.0,0.0,0.0,0.0,0.0,0.0,0.0,0.0,0.0,0.0,0.0,0,0,0,0,0,0,0,0,0,1,0.0
21890_2008,0.016365275326238663,0.01126485214760783,0.7025752131230653,0.666326178763937,0.013011348281133648,0.0046573100224041,1.3872924661283847,1.2168893051654994,0.047842124483119385,0.05080864408589387,-9.17707336703263,-9.33260826082323,0.17595676667970395,-0.1719144895693925,2.7080502011022096,2.7080502011022096,0,0,0,0,0,0,0,0,1,0,0.0
21890_2009,0.01126485214760783,0.019952077073014576,0.666326178763937,0.713814962344994,0.0046573100224041,0.00658917209829127,1.2168893051654994,1.0530368577569251,0.05080864408589387,0.07116680641548598,-9.33260826082323,-8.915085171330958,-0.1719144895693925,0.3812425456572933,2.7080502011022096,2.7080502011022096,0,0,0,0,0,0,0,0,1,0,0.0
21890_2010,0.019952077073014576,0.02349813630910724,0.713814962344994,0.6804887124421405,0.00658917209829127,0.009994756901928156,1.0530368577569251,1.1121405901516936,0.07116680641548598,0.10708997077224597,-8.915085171330958,-9.035288535348126,0.3812425456572933,-0.1710077996978807,2.7080502011022096,2.7080502011022096,0,0,0,0,0,0,0,0,1,0,0.0
21899_2008,0.04285832799659258,0.0,0.4443179532905068,0.0,0.009976951125346916,0.0,2.8073625795694936,0.0,0.04253564984681545,0.0,-8.078744552453033,0.0,0.023956355953249853,0.0,2.7080502011022096,0.0,0,0,0,0,0,0,0,0,0,1,0.0
21899_2009,0.0,0.028927045587106074,0.0,0.6563142548825129,0.0,0.017583057528892908,0.0,1.2296087124950117,0.0,0.2360986334519429,0.0,-8.379978136010418,0.0,-0.06526540863565261,0.0,2.7080502011022096,0,0,0,0,0,0,0,0,0,1,0.0
21899_2010,0.028927045587106074,0.0,0.6563142548825129,0.0,0.017583057528892908,0.0,1.2296087124950117,0.0,0.2360986334519429,0.0,-8.379978136010418,0.0,-0.06526540863565261,0.0,2.7080502011022096,0.0,0,0,0,0,0,0,0,0,0,1,0.0
21900_2008,0.0441862743752269,0.04018431668929777,0.1458667728210155,0.1511864973130334,0.051837024042981766,0.05309231674919203,1.6051358454827185,1.5584491877865132,0.034863971776913694,0.04905689666144188,-9.371272278568936,-9.387360705359225,-0.14988380275640084,-0.0972805713024438,2.7080502011022096,2.7080502011022096,0,0,0,1,0,0,0,0,0,0,0.0
21900_2009,0.04018431668929777,0.04295780016574335,0.1511864973130334,0.17103959613177785,0.05309231674919203,0.07265119692250485,1.5584491877865132,1.3225863630825645,0.04905689666144188,0.09500315213902827,-9.387360705359225,-9.066265283328061,-0.0972805713024438,0.31422046435052103,2.7080502011022096,2.7080502011022096,0,0,0,1,0,0,0,0,0,0,0.0
21900_2010,0.04295780016574335,0.05216819491233832,0.17103959613177785,0.18753220015374664,0.07265119692250485,0.07072943929325055,1.3225863630825645,1.3593578672607451,0.09500315213902827,0.08727935425760959,-9.066265283328061,-9.225304484994984,0.31422046435052103,-0.14075605646164505,2.7080502011022096,2.7080502011022096,0,0,0,1,0,0,0,0,0,0,0.0
21914_2008,0.01312120612490255,0.025192949451418426,0.512943574538409,0.5034763113151823,0.007038527788855011,0.003635438275267975,1.7057435548469189,1.7814830145191236,0.05462041731010694,0.07799067342280404,-6.635579654435059,-6.7248158727866745,-0.09235372009533484,-0.03391098548219885,2.7080502011022096,2.7080502011022096,0,0,0,0,0,0,0,0,0,1,0.0
21914_2009,0.025192949451418426,-0.06400851252256062,0.5034763113151823,0.6479773312764321,0.003635438275267975,0.13237134562488725,1.7814830145191236,1.2988741476977013,0.07799067342280404,0.15457349661676675,-6.7248158727866745,-7.101707004752222,-0.03391098548219885,-0.37266754348569336,2.7080502011022096,2.7080502011022096,0,0,0,0,0,0,0,0,0,1,0.0
21914_2010,-0.06400851252256062,-0.026828751972780892,0.6479773312764321,0.5511462515362475,0.13237134562488725,0.09441751611705276,1.2988741476977013,2.0033444282791475,0.15457349661676675,0.11604737536157468,-7.101707004752222,-6.992821669543753,-0.37266754348569336,0.15940379480382938,2.7080502011022096,2.7080502011022096,0,0,0,0,0,0,0,0,0,1,0.0
21916_2008,0.025436832062862458,0.03942615235250923,0.6195895329492156,0.6178201280364297,0.015391339493002225,0.01238227597320993,1.7976401455088145,1.498417501391207,0.05328153098848954,0.09309613658695133,-7.5787381752266745,-7.620429336069555,-0.0764402200862655,-0.13034507546495752,2.7080502011022096,2.7080502011022096,0,0,1,0,0,0,0,0,0,0,0.0
21916_2009,0.03942615235250923,0.030963619850424087,0.6178201280364297,0.7747571770707788,0.01238227597320993,0.010815044253975878,1.498417501391207,1.0103813049744392,0.09309613658695133,0.187480716699588,-7.620429336069555,-7.856861979110062,-0.13034507546495752,-0.3037795652739527,2.7080502011022096,2.7080502011022096,0,0,1,0,0,0,0,0,0,0,0.0
21916_2010,0.030963619850424087,0.01886846722466707,0.7747571770707788,0.6519975839157822,0.010815044253975878,0.07938562429890414,1.0103813049744392,1.5501402928854209,0.187480716699588,0.22485671608982088,-7.856861979110062,-7.412768088286469,-0.3037795652739527,0.5840930741518373,2.7080502011022096,2.7080502011022096,0,0,1,0,0,0,0,0,0,0,0.0
2191_2008,0.04317667651054061,0.05188746930418126,0.2554519412531228,0.3224451602449864,0.013036469112009308,0.01887126629123561,3.2280043178523807,2.7567363886812597,0.07115495631774336,0.1001715570936318,-8.681963335612988,-8.984431544722572,-0.3668235538351903,-0.3422955855572537,2.7080502011022096,2.7080502011022096,0,1,0,0,0,0,0,0,0,0,0.0
2191_2009,0.05188746930418126,0.03203568937913636,0.3224451602449864,0.5051263446707486,0.01887126629123561,0.034740925371152316,2.7567363886812597,1.4807107287995342,0.1001715570936318,0.20257054856997173,-8.984431544722572,-9.323731280423493,-0.3422955855572537,-0.333566574789015,2.7080502011022096,2.7080502011022096,0,1,0,0,0,0,0,0,0,0,0.0
2191_2010,0.03203568937913636,-0.0035383538997636296,0.5051263446707486,0.3156621428978668,0.034740925371152316,0.051283611753047284,1.4807107287995342,2.4821708466916346,0.20257054856997173,0.17799409151409182,-9.323731280423493,-8.98443917561727,-0.333566574789015,0.4412320055397137,2.7080502011022096,2.7080502011022096,0,1,0,0,0,0,0,0,0,0,0.0
21923_2008,0.009115177192544337,0.02590058153346093,0.5391811976675074,0.4514549847892948,0.06973627620694696,0.044449583863990026,2.219947399654618,2.676349670572954,0.056822295637841136,0.04416469311470859,-6.705892344079274,-6.406770726515367,-0.01369458741406568,0.2649543862987731,2.7080502011022096,2.7080502011022096,0,0,0,0,0,0,0,0,0,0,0.0
21923_2009,0.02590058153346093,0.055999974724976136,0.4514549847892948,0.6694721943143833,0.044449583863990026,0.05682931144516268,2.676349670572954,0.9924695337713616,0.04416469311470859,0.13437302836681375,-6.406770726515367,-6.842752956051602,0.2649543862987731,-0.3718243485268146,2.7080502011022096,2.6727683869575705,0,0,0,0,0,0,0,0,0,0,0.0
21923_2010,0.055999974724976136,0.009982263094627651,0.6694721943143833,0.5695494041464569,0.05682931144516268,0.06539257964094676,0.9924695337713616,1.3916060033988338,0.13437302836681375,0.11346607678938332,-6.842752956051602,-6.694090818976722,-0.3718243485268146,0.10191408472253738,2.6727683869575705,2.7080502011022096,0,0,0,0,0,0,0,0,0,0,0.0
21927_2008,0.04159258784835326,0.04392104483139947,0.15467359802098707,0.16712483799333114,0.1439752006147047,0.11575082595002086,3.1638449450323725,2.9593339552284337,0.05785034922050005,0.0680745046539034,-9.419963967574462,-9.938549046519741,-0.05519202200821284,-0.4842326556981446,2.7080502011022096,2.7080502011022096,0,0,1,0,0,0,0,0,0,0,0.0
21927_2009,0.04392104483139947,0.006032822977601194,0.16712483799333114,0.28502271518206274,0.11575082595002086,0.045400026653635996,2.9593339552284337,1.740892610804689,0.0680745046539034,0.2595596483504151,-9.938549046519741,-10.70973809989921,-0.4842326556981446,-0.8304232683793702,2.7080502011022096,1.7967470107390942,0,0,1,0,0,0,0,0,0,0,0.0
21927_2010,0.006032822977601194,-0.16406999230954458,0.28502271518206274,0.2669058789907256,0.045400026653635996,0.10428774134740446,1.740892610804689,2.975186141137572,0.2595596483504151,0.2466963380926144,-10.70973809989921,-10.239511038561679,-0.8304232683793702,0.49455212134359,1.7967470107390942,2.5014359517392113,0,0,1,0,0,0,0,0,0,0,0.0
21931_2008,0.022990595937972973,0.023489896597209202,0.5966219504662088,0.6012951570251642,0.002688533658991783,0.030482270465091207,1.75940902301197,1.6958759247253874,0.029145093171663267,0.037986583378688175,-7.737519586382253,-7.722671526031442,0.02892183931752315,0.028174279643382125,2.7080502011022096,2.7080502011022096,0,0,0,0,0,0,0,0,1,0,0.0
21931_2009,0.023489896597209202,0.025362466442582342,0.6012951570251642,0.6533430683016095,0.030482270465091207,0.017416831592149278,1.6958759247253874,1.4047432699924858,0.037986583378688175,0.041952190537991575,-7.722671526031442,-7.3775859205498175,0.028174279643382125,0.3390270926331612,2.7080502011022096,2.7080502011022096,0,0,0,0,0,0,0,0,1,0,0.0
21931_2010,0.025362466442582342,0.02561950838736075,0.6533430683016095,0.6097094613755629,0.017416831592149278,0.014431072454595987,1.4047432699924858,1.5359584228758048,0.041952190537991575,0.05667408749131194,-7.3775859205498175,-7.44079551484193,0.3390270926331612,-0.18536413052578696,2.7080502011022096,2.7080502011022096,0,0,0,0,0,0,0,0,1,0,0.0
21932_2008,0.02085150978512539,0.021390645194831196,0.692469585500986,0.6682474555264186,0.005931329403950079,0.003464208262684926,1.4514792324438637,1.193171434884528,0.04119749358394145,0.04140589125329551,-8.602702751049794,-8.09077716605076,-0.14227084449550734,-0.04293879060393097,2.7080502011022096,2.7080502011022096,0,0,0,0,0,0,0,0,1,0,0.0
21932_2009,0.021390645194831196,0.009000569093125804,0.6682474555264186,0.7729925045554173,0.003464208262684926,0.01766057611245766,1.193171434884528,1.0481093652482698,0.04140589125329551,0.04411438071818198,-8.09077716605076,-7.779242033090454,-0.04293879060393097,0.29690514991375205,2.7080502011022096,2.7080502011022096,0,0,0,0,0,0,0,0,1,0,0.0
21932_2010,0.009000569093125804,-0.005589677965461429,0.7729925045554173,0.7369718333489125,0.01766057611245766,0.0036687414375078703,1.0481093652482698,1.1032651785179703,0.04411438071818198,0.18071767296934355,-7.779242033090454,-8.037149751990764,0.29690514991375205,-0.2909639714621399,2.7080502011022096,2.7080502011022096,0,0,0,0,0,0,0,0,1,0,0.0
21935_2008,0.04784372905510595,0.06560296160440579,0.09525218753492604,0.11272061526065888,0.07130372631650475,0.05373826561154989,2.5834512824923377,2.2573513287673688,0.06683483747954957,0.04917667986551317,-8.989569850347133,-9.21457954621854,0.06543954936917779,-0.24401934301782666,2.7080502011022096,2.7080502011022096,0,0,1,0,0,0,0,0,0,0,0.0
21935_2009,0.06560296160440579,0.07581607253897242,0.11272061526065888,0.18582577059682104,0.05373826561154989,0.0708163150497606,2.2573513287673688,2.1007350037859043,0.04917667986551317,0.0832904638461482,-9.21457954621854,-8.939281043610118,-0.24401934301782666,0.2354310408998415,2.7080502011022096,2.7080502011022096,0,0,1,0,0,0,0,0,0,0,0.0
21935_2010,0.07581607253897242,0.0392887138549639,0.18582577059682104,0.1433537999069057,0.0708163150497606,0.10181292741595414,2.1007350037859043,2.3731885475215133,0.0832904638461482,0.12118570700968995,-8.939281043610118,-8.903508053145337,0.2354310408998415,0.10913653767495196,2.7080502011022096,2.7080502011022096,0,0,1,0,0,0,0,0,0,0,0.0
21936_2008,0.056430169475086785,0.016495517052143718,0.214479608283796,0.31600235607734145,0.10881355388821516,0.1594566648373893,1.4468420529628017,0.9376485881010356,0.0616056789388376,0.07049822113600371,-8.223967933450616,-8.71574485892066,-0.14042108104830087,-0.5133414912637385,2.7080502011022096,2.614471854142644,0,0,1,0,0,0,0,0,0,0,0.0
21936_2009,0.016495517052143718,-0.03821905874579859,0.31600235607734145,0.4552845373093257,0.1594566648373893,0.1949171996035728,0.9376485881010356,0.6177851975080564,0.07049822113600371,0.2513055316463915,-8.71574485892066,-8.840025834991453,-0.5133414912637385,-0.2031215690865684,2.614471854142644,1.993338842626424,0,0,1,0,0,0,0,0,0,0,0.0
21936_2010,-0.03821905874579859,0.018213913995947174,0.4552845373093257,0.3293682780933781,0.1949171996035728,0.2234999029919352,0.6177851975080564,0.9157552416576727,0.2513055316463915,0.11624792664010215,-8.840025834991453,-8.647131602173904,-0.2031215690865684,0.11778628689697572,1.993338842626424,2.4105422344991383,0,0,1,0,0,0,0,0,0,0,0.0
21945_2008,0.039595310014719366,0.03821407854059094,0.4751764435733389,0.500048893819257,0.057985858963704735,0.038517097665582416,2.0108502783842543,1.6115605640790749,0.04504325629557972,0.03842937416706516,-6.6567172923193,-6.756675738403526,0.06427819063295254,-0.07748388088175026,2.7080502011022096,2.7080502011022096,0,0,0,0,0,0,1,0,0,0,0.0
21945_2009,0.03821407854059094,0.010008148939462346,0.500048893819257,0.7000917751609117,0.038517097665582416,0.054348600110384664,1.6115605640790749,1.0934167088438542,0.03842937416706516,0.12535086857196456,-6.756675738403526,-7.037153221397777,-0.07748388088175026,-0.2404239459855808,2.7080502011022096,2.075684492802124,0,0,0,0,0,0,1,0,0,0,0.0
21945_2010,0.010008148939462346,0.02004466588027929,0.7000917751609117,0.6960251919376982,0.054348600110384664,0.15829086664220554,1.0934167088438542,1.038763803723347,0.12535086857196456,0.16310258482903536,-7.037153221397777,-7.207769819558139,-0.2404239459855808,-0.05445880473158776,2.075684492802124,2.135349173618132,0,0,0,0,0,0,1,0,0,0,0.0
21948_2008,-0.0336152021742108,0.017664822628146136,0.031928314482002916,0.022927568687491903,1.0963904928739807,1.068268203388516,0.8565924602921478,0.881881670231582,0.07581440407793014,0.03074662550684655,-11.459518780537314,-11.420771383698678,0.022802321884737714,-0.003199039171971037,1.9459101490553128,1.99061032797322,0,0,0,1,0,0,0,0,0,0,0.0
21948_2009,0.017664822628146136,-9.883107545505532e-05,0.022927568687491903,0.04270326051953849,1.068268203388516,1.273759608233617,0.881881670231582,0.7520528315847658,0.03074662550684655,0.03662532214769769,-11.420771383698678,-11.120652812774939,-0.003199039171971037,0.2825364686968809,1.99061032797322,1.7967470107390942,0,0,0,1,0,0,0,0,0,0,0.0
21948_2010,-9.883107545505532e-05,-0.09366399305943073,0.04270326051953849,0.04973793876042612,1.273759608233617,1.0099482896704983,0.7520528315847658,0.9354123175711851,0.03662532214769769,0.0569014417907412,-11.120652812774939,-11.202734879007707,0.2825364686968809,-0.21201292763133892,1.7967470107390942,1.94876321803772,0,0,0,1,0,0,0,0,0,0,0.0
21949_2008,0.042884287774507035,0.04288408070408909,0.22054485211062785,0.24831308029475244,0.04977736938495008,0.04070928685815888,3.9424616279554527,4.135749093945313,0.052438445676899634,0.04295282806705879,-6.888280695651381,-6.932326253280129,0.0057203146675555705,-0.04578672562507445,2.7080502011022096,2.7080502011022096,0,0,1,0,0,0,0,0,0,0,0.0
21949_2009,0.04288408070408909,0.0730154851362462,0.24831308029475244,0.3352781311434616,0.04070928685815888,0.03760374138517236,4.135749093945313,2.9443948986632384,0.04295282806705879,0.09293484109027468,-6.932326253280129,-6.820924684487742,-0.04578672562507445,-0.009434594975295474,2.7080502011022096,2.7080502011022096,0,0,1,0,0,0,0,0,0,0,0.0
21949_2010,0.0730154851362462,0.060270379977209264,0.3352781311434616,0.22719621707827736,0.03760374138517236,0.08667508706740484,2.9443948986632384,3.743785449022185,0.09293484109027468,0.06950214634527127,-6.820924684487742,-6.472582888511712,-0.009434594975295474,0.33568170847123113,2.7080502011022096,2.7080502011022096,0,0,1,0,0,0,0,0,0,0,0.0
21995_2008,0.026328018853533915,0.0,0.5326516506893294,0.0,0.014279979235571024,0.0,2.3473416061538277,0.0,0.061381742320358826,0.0,-9.910302466299264,0.0,0.19762004407659184,0.0,2.7080502011022096,0.0,0,0,0,0,0,0,0,0,0,1,0.0
21995_2009,0.0,0.0,0.0,0.0,0.0,0.0,0.0,0.0,0.0,0.0,0.0,0.0,0.0,0.0,0.0,0.0,0,0,0,0,0,0,0,0,0,1,0.0
21995_2010,0.0,0.0,0.0,0.0,0.0,0.0,0.0,0.0,0.0,0.0,0.0,0.0,0.0,0.0,0.0,0.0,0,0,0,0,0,0,0,0,0,1,0.0
22037_2008,0.11160847870460797,0.10235314608122567,0.00011592879908082422,0.00025804978438571626,0.0006130266338828925,0.0005877477030365411,9.538652348601573,9.66587219701646,0.0628419931895126,0.07463143562866842,-8.952464699014982,-8.92232807354971,-0.02106328951434884,0.07572688336484923,2.7080502011022096,2.7080502011022096,0,0,0,0,0,0,0,0,0,0,0.0
22037_2009,0.10235314608122567,0.1596008036928079,0.00025804978438571626,0.0001770978127783079,0.0005877477030365411,0.0006485092568644513,9.66587219701646,9.73445827640082,0.07463143562866842,0.09571325802679093,-8.92232807354971,-8.517763537621134,0.07572688336484923,0.3420732615897428,2.7080502011022096,2.7080502011022096,0,0,0,0,0,0,0,0,0,0,0.0
22037_2010,0.1596008036928079,0.08917681593516505,0.0001770978127783079,0.00011906568983895659,0.0006485092568644513,0.0171968099423801,9.73445827640082,8.591639646873485,0.09571325802679093,0.08531321174312709,-8.517763537621134,-8.6310067052866,0.3420732615897428,-0.1678465366003301,2.7080502011022096,2.7080502011022096,0,0,0,0,0,0,0,0,0,0,0.0
22075_2008,0.04530624956329669,0.041105414397394936,0.21361749479616465,0.21907812116528635,0.024075750470187757,0.06431939546837083,2.2411522731995364,2.1976281715143973,0.06164210542432635,0.10652292566389067,-8.518515419394364,-8.382614109370781,-0.07483926920021518,-0.3791635097641809,2.7080502011022096,2.7080502011022096,0,1,0,0,0,0,0,0,0,0,0.0
22075_2009,0.041105414397394936,0.04455829302389653,0.21907812116528635,0.34217722959288016,0.06431939546837083,0.02081139579700916,2.1976281715143973,1.5579967603228166,0.10652292566389067,0.12334150099334287,-8.382614109370781,-8.277446116008145,-0.3791635097641809,0.16311043639095946,2.7080502011022096,2.7080502011022096,0,1,0,0,0,0,0,0,0,0,0.0
22075_2010,0.04455829302389653,0.03382515451849994,0.34217722959288016,0.24760934274805255,0.02081139579700916,0.02193320731916313,1.5579967603228166,1.8099663286760819,0.12334150099334287,0.08940134146130872,-8.277446116008145,-8.279700375347756,0.16311043639095946,0.023725944082206185,2.7080502011022096,2.7080502011022096,0,1,0,0,0,0,0,0,0,0,0.0
22095_2008,0.0331189472265125,0.017894291663459173,0.2299123021097171,0.34400364621569,0.03545715305017953,0.05658135360594209,1.6040426454618564,1.1223132057807501,0.08082374178128128,0.07976472212340957,-9.582021886359609,-9.968191989277567,0.30998862511363234,-0.3735810177020735,2.7080502011022096,2.7080502011022096,1,0,0,0,0,0,0,0,0,0,0.0
22095_2009,0.017894291663459173,0.03586960105853503,0.34400364621569,0.2357952735329797,0.05658135360594209,0.056991460763966974,1.1223132057807501,1.401027010465231,0.07976472212340957,0.13580983384569242,-9.968191989277567,-9.452405532016844,-0.3735810177020735,0.6915203225749407,2.7080502011022096,2.7080502011022096,1,0,0,0,0,0,0,0,0,0,0.0
22095_2010,0.03586960105853503,-0.0019237462804728238,0.2357952735329797,0.23774120053142603,0.056991460763966974,0.12890806284294726,1.401027010465231,1.2190493870487864,0.13580983384569242,0.09237212440629736,-9.452405532016844,-9.826607799796806,0.6915203225749407,-0.33878143342840444,2.7080502011022096,2.7080502011022096,1,0,0,0,0,0,0,0,0,0,0.0
22096_2008,0.002666543983613176,-0.003919003958083421,0.9458500455741312,0.9721105784429108,0.06430821270656797,0.06116128801551906,1.8354114506112624,1.62432887929477,0.05005338672514407,0.1244839014842363,-5.600743687957698,-6.3472548284183565,-0.10444177441658058,-0.6618607995994072,2.7080502011022096,2.7080502011022096,0,0,0,0,0,1,0,0,0,0,0.0
22096_2009,-0.003919003958083421,-0.05669759342799281,0.9721105784429108,0.9973183496502016,0.06116128801551906,0.06410055540634005,1.62432887929477,2370.4998,0.1244839014842363,0.34319299171632245,-6.3472548284183565,-9.718379353208807,-0.6618607995994072,-3.3086191241810368,2.7080502011022096,-0.31471074483970024,0,0,0,0,0,1,0,0,0,0,0.0
22096_2010,-0.05669759342799281,-0.02559170034804899,0.9973183496502016,0.9943301151515056,0.06410055540634005,0.08596427048661674,2370.4998,4775.1039,0.34319299171632245,0.4867806680053995,-9.718379353208807,-9.251152665019537,-3.3086191241810368,0.6161991280116395,-0.31471074483970024,0.3852624007906449,0,0,0,0,0,1,0,0,0,0,0.0
22113_2008,0.0683296246514053,0.040216641132159565,0.19988125573500534,0.18813996339264966,0.011472770459150204,0.0020010575706045273,2.336615257843464,2.592526062580508,0.1057650905923204,0.07873666053954717,-6.730033086149043,-6.373506139892989,-0.4078896081922044,0.2384843659506881,2.7080502011022096,2.7080502011022096,0,0,0,0,0,0,0,0,0,0,0.0
22113_2009,0.040216641132159565,0.10344676552685682,0.18813996339264966,0.2944628764379727,0.0020010575706045273,0.014064091310982622,2.592526062580508,1.70028986187591,0.07873666053954717,0.15527660774601665,-6.373506139892989,-6.15807287834225,0.2384843659506881,0.14891541330860242,2.7080502011022096,2.7080502011022096,0,0,0,0,0,0,0,0,0,0,0.0
22113_2010,0.10344676552685682,0.016721663160312813,0.2944628764379727,0.2484150177382662,0.014064091310982622,0.020977553677091827,1.70028986187591,2.144810404614532,0.15527660774601665,0.12932350318743502,-6.15807287834225,-6.002189873172936,0.14891541330860242,0.06498335518256043,2.7080502011022096,2.7080502011022096,0,0,0,0,0,0,0,0,0,0,0.0
22122_2008,0.034200253091616534,0.02240883727219749,0.18603357043361596,0.07508666124398254,0.01763061480205683,0.01460960349523931,3.753623902017365,4.567896424004888,0.07834596082590257,0.2998502132504132,-6.741419055617635,-5.6444395656631965,0.3614660499930776,-0.09748100853041004,2.7080502011022096,2.7080502011022096,1,0,0,0,0,0,0,0,0,0,0.0
22122_2009,0.02240883727219749,0.1281489228340951,0.07508666124398254,0.2075160472501416,0.01460960349523931,0.010148667269534657,4.567896424004888,3.435542296294388,0.2998502132504132,0.2071179100327201,-5.6444395656631965,-5.873256122636316,-0.09748100853041004,-0.2336666084444869,2.7080502011022096,2.7080502011022096,1,0,0,0,0,0,0,0,0,0,0.0
22122_2010,0.1281489228340951,0.025633908548760586,0.2075160472501416,0.16664116597070872,0.010148667269534657,0.010001324513760202,3.435542296294388,3.5437545497835266,0.2071179100327201,0.12861303050099585,-5.873256122636316,-5.734118169262604,-0.2336666084444869,0.07443445564285389,2.7080502011022096,2.7080502011022096,1,0,0,0,0,0,0,0,0,0,0.0
22124_2008,0.026717349372529297,0.0,0.5726847625559343,0.0,0.007552097056425635,0.0,1.8234757505517625,0.0,0.03532058164676583,0.0,-7.65353483541762,0.0,0.1819542072455157,0.0,2.7080502011022096,0.0,0,0,0,0,0,0,0,0,0,1,0.0
22124_2009,0.0,0.0,0.0,0.0,0.0,0.0,0.0,0.0,0.0,0.0,0.0,0.0,0.0,0.0,0.0,0.0,0,0,0,0,0,0,0,0,0,1,0.0
22124_2010,0.0,0.0,0.0,0.0,0.0,0.0,0.0,0.0,0.0,0.0,0.0,0.0,0.0,0.0,0.0,0.0,0,0,0,0,0,0,0,0,0,1,0.0
22168_2008,0.03626406514519142,0.03464291793907217,0.3694477803389857,0.34845615863183765,0.02130927303778891,0.025925489734272916,2.9279821098578136,3.5642170430372992,0.03543240244037092,0.06022236612412354,-5.8423804579175185,-5.634310532064156,0.058372444282362074,0.2813270185960519,2.7080502011022096,2.7080502011022096,0,1,0,0,0,0,0,0,0,0,0.0
22168_2009,0.03464291793907217,0.05326266400341137,0.34845615863183765,0.5399330871377336,0.025925489734272916,0.03939376832630533,3.5642170430372992,2.7158339515277943,0.06022236612412354,0.12388561310290508,-5.634310532064156,-5.796972637266517,0.2813270185960519,-0.16717522221827746,2.7080502011022096,2.7080502011022096,0,1,0,0,0,0,0,0,0,0,0.0
22168_2010,0.05326266400341137,0.03776729650612266,0.5399330871377336,0.4745031911243001,0.03939376832630533,0.049134323043961724,2.7158339515277943,2.7344750731446927,0.12388561310290508,0.0845373945947061,-5.796972637266517,-5.804833245183891,-0.16717522221827746,-0.11875261503797092,2.7080502011022096,2.7080502011022096,0,1,0,0,0,0,0,0,0,0,0.0
22200_2008,0.05367122323596086,0.06093461140804059,0.10713878908009912,0.12159906955579244,0.06734576194306949,0.08307372873164337,3.570414499883204,3.201067594710272,0.09551477078294897,0.07238832583125128,-7.636077390936808,-7.532466160755385,-0.0573819834017597,-0.011576740187633015,2.7080502011022096,2.7080502011022096,0,0,1,0,0,0,0,0,0,0,0.0
22200_2009,0.06093461140804059,0.10606350307545397,0.12159906955579244,0.3905881852453008,0.08307372873164337,0.2034052206672501,3.201067594710272,0.8607126490809548,0.07238832583125128,0.1617529632435828,-7.532466160755385,-8.271210421533768,-0.011576740187633015,-0.8181501570447305,2.7080502011022096,2.7080502011022096,0,0,1,0,0,0,0,0,0,0,0.0
22200_2010,0.10606350307545397,6.739139121143031e-05,0.3905881852453008,0.26371498387090525,0.2034052206672501,0.18903258702762415,0.8607126490809548,1.4433738513422274,0.1617529632435828,0.14910232043840982,-8.271210421533768,-8.082628937501074,-0.8181501570447305,0.3723536141195074,2.7080502011022096,2.7080502011022096,0,0,1,0,0,0,0,0,0,0,0.0
2235_2008,0.07228387918659504,0.0484482369934957,0.2276015238500844,0.15348783703171806,0.1393749375413861,0.0922160899450136,1.960264894383332,2.9353402441125223,0.1424083617693971,0.1225697344259784,-11.054786920023801,-10.738992019700401,-0.1893582851122052,0.2593996659745694,2.7080502011022096,2.7080502011022096,0,1,0,0,0,0,0,0,0,0,0.0
2235_2009,0.0484482369934957,0.1134854703826607,0.15348783703171806,0.2719569440559969,0.0922160899450136,0.1666402102404007,2.9353402441125223,1.15047355577136,0.1225697344259784,0.16741979764216675,-10.738992019700401,-11.531780103692208,0.2593996659745694,-0.6941163547859244,2.7080502011022096,2.4849066497880004,0,1,0,0,0,0,0,0,0,0,0.0
2235_2010,0.1134854703826607,-0.01830746283490392,0.2719569440559969,0.19220075264890293,0.1666402102404007,0.22702515954942026,1.15047355577136,0.8636553727331997,0.16741979764216675,0.16812499598130032,-11.531780103692208,-11.553514700370796,-0.6941163547859244,-0.2539013551952893,2.4849066497880004,2.694627180770069,0,1,0,0,0,0,0,0,0,0,0.0
2238_2008,0.047072893270717266,0.050649942733873736,0.12420733308053555,0.1330019681756013,0.1476300207099729,0.13224027309826422,1.7257100029197887,1.6929224896838555,0.021244139194431345,0.055780357951293734,-11.379601197989068,-11.335988350755095,-0.07809816726555903,0.02385372976836837,2.660259537265861,2.7080502011022096,1,0,0,0,0,0,0,0,0,0,0.0
2238_2009,0.050649942733873736,0.1246434674423752,0.1330019681756013,0.1707789639759189,0.13224027309826422,0.1549179201471972,1.6929224896838555,1.4482069512482665,0.055780357951293734,0.050554197488582184,-11.335988350755095,-10.82217421683414,0.02385372976836837,0.4460430345769224,2.7080502011022096,2.7080502011022096,1,0,0,0,0,0,0,0,0,0,0.0
2238_2010,0.1246434674423752,0.08311445516064543,0.1707789639759189,0.13521303677432128,0.1549179201471972,0.15579385858518266,1.4482069512482665,1.8494465507944742,0.050554197488582184,0.11508479562208353,-10.82217421683414,-10.699970172455814,0.4460430345769224,0.12982523146657876,2.7080502011022096,2.7080502011022096,1,0,0,0,0,0,0,0,0,0,0.0
22462_2008,-0.002370110244945464,0.09135653448124824,0.7547465249831425,0.4692193183430067,0.02201186023851169,0.030495337297000286,14.34700230781354,3.3281557863510036,0.08176950363376563,0.058623940132791735,-8.409431845342858,-7.413502835419178,-0.2805544837052807,0.7822130589753589,2.7080502011022096,2.7080502011022096,1,0,0,0,0,0,0,0,0,0,0.0
22462_2009,0.09135653448124824,0.022957327767047918,0.4692193183430067,0.5939841935732014,0.030495337297000286,0.035951370815992575,3.3281557863510036,3.2785542755450408,0.058623940132791735,0.19792707739069812,-7.413502835419178,-7.450245882437077,0.7822130589753589,-0.19576134876607812,2.7080502011022096,2.7080502011022096,1,0,0,0,0,0,0,0,0,0,0.0
22462_2010,0.022957327767047918,0.01291000547685838,0.5939841935732014,0.5578111760736523,0.035951370815992575,0.06483727101665711,3.2785542755450408,2.8587622012330325,0.19792707739069812,0.22284635991938853,-7.450245882437077,-7.491270205817042,-0.19576134876607812,0.2514253936483101,2.7080502011022096,2.7080502011022096,1,0,0,0,0,0,0,0,0,0,0.0
2253_2008,0.01677038724987544,0.016451204858896045,0.7374957962009775,0.7631067730949574,0.03140166158646444,0.03849969688156615,2.8829046030748797,2.6686708453314973,0.0286522307891144,0.06250485757402838,-9.015590501793538,-9.205714029439674,-0.16613190894208898,-0.1275675592659925,2.7080502011022096,2.7080502011022096,0,0,0,0,0,1,0,0,0,0,0.0
2253_2009,0.016451204858896045,0.011731676644522845,0.7631067730949574,0.7103672847094696,0.03849969688156615,0.02729724992323972,2.6686708453314973,2.8595553903691138,0.06250485757402838,0.07409805678227717,-9.205714029439674,-8.578348815869859,-0.1275675592659925,0.4525910916086598,2.7080502011022096,2.7080502011022096,0,0,0,0,0,1,0,0,0,0,0.0
2253_2010,0.011731676644522845,0.020604537315394345,0.7103672847094696,0.7343244131224024,0.02729724992323972,0.05939858393704926,2.8595553903691138,2.6227275801176044,0.07409805678227717,0.09878536337236916,-8.578348815869859,-8.72234511351741,0.4525910916086598,-0.03755933368243508,2.7080502011022096,2.7080502011022096,0,0,0,0,0,1,0,0,0,0,0.0
22807_2008,0.08128319880228371,0.06447899852431177,0.3591581806134965,0.399769232470144,0.10945814203825256,0.17232630064148996,1.813207393119609,1.4391364708847862,0.08669260300745663,0.0751915285341491,-9.29195048252607,-9.39026776570602,-0.01704414677845084,-0.13340894110646492,2.7080502011022096,2.7080502011022096,0,1,0,0,0,0,0,0,0,0,0.0
22807_2009,0.06447899852431177,0.05817328373912248,0.399769232470144,0.3294340950409821,0.17232630064148996,0.21174862207909853,1.4391364708847862,1.2870763494900186,0.0751915285341491,0.1123758540221346,-9.39026776570602,-9.039468425817226,-0.13340894110646492,0.310071433176881,2.7080502011022096,2.7080502011022096,0,1,0,0,0,0,0,0,0,0,0.0
22807_2010,0.05817328373912248,0.0033964800116243164,0.3294340950409821,0.320539804202917,0.21174862207909853,0.25813320740323664,1.2870763494900186,1.271771097357545,0.1123758540221346,0.10354921047815886,-9.039468425817226,-9.270143724738356,0.310071433176881,-0.08595510302763795,2.7080502011022096,2.7080502011022096,0,1,0,0,0,0,0,0,0,0,0.0
22856_2008,0.026244006597526973,0.03029649490011773,0.456197324734499,0.6066762842148996,0.03194119797950268,0.019779234632439684,1.575009924702631,1.1506327994278644,0.2127137161990637,0.07443224150624626,-6.454683587780762,-7.0464485002594515,-0.6631846023301202,-0.4893367028987257,2.7080502011022096,2.7080502011022096,0,0,1,0,0,0,0,0,0,0,0.0
22856_2009,0.03029649490011773,-0.22593048007644556,0.6066762842148996,0.8231433418400417,0.019779234632439684,0.06143352216944365,1.1506327994278644,0.8249818484332028,0.07443224150624626,0.22293036507370328,-7.0464485002594515,-7.497679812748977,-0.4893367028987257,-0.5613484006824029,2.7080502011022096,2.336986519711378,0,0,1,0,0,0,0,0,0,0,0.0
22856_2010,-0.22593048007644556,0.015019506691597902,0.8231433418400417,0.7123108330680958,0.06143352216944365,0.07235110937724018,0.8249818484332028,1.3678054869859195,0.22293036507370328,0.17010721007848925,-7.497679812748977,-7.249169256812575,-0.5613484006824029,0.3306455479057957,2.336986519711378,2.7080502011022096,0,0,1,0,0,0,0,0,0,0,0.0
2293_2008,-0.09191206876588613,-0.01479903182237596,0.16265183134934855,0.06797748050940762,0.03688612717719125,0.04074191290858924,4.348569317859687,3.8959061952080254,0.21698546725829665,0.15121179017906106,-13.641034704931,-13.344741262567391,-0.30011454571600005,0.2132927543311867,0.14850620829922395,0.3435897043900769,0,0,0,0,1,0,0,0,0,0,0.0
2293_2009,-0.01479903182237596,-0.21475202634538895,0.06797748050940762,0.17010865153816718,0.04074191290858924,0.01982861582346734,3.8959061952080254,2.4481509480431964,0.15121179017906106,0.27107564666226913,-13.344741262567391,-13.90819058444907,0.2132927543311867,-0.8957712557105408,0.3435897043900769,-0.7337608634452423,0,0,0,0,1,0,0,0,0,0,0.0
2293_2010,-0.21475202634538895,-0.3356551757072977,0.17010865153816718,0.07743264724141931,0.01982861582346734,0.07668219867784609,2.4481509480431964,31.86432291053039,0.27107564666226913,0.17828778788904473,-13.90819058444907,-13.509390122673675,-0.8957712557105408,-0.06712157321687726,-0.7337608634452423,-0.2484613592984996,0,0,0,0,1,0,0,0,0,0,0.0
23285_2008,2.209178686175476,0.05435432204849708,0.1985708063251114,0.11968714082758168,0.034873692716036415,0.03777894463172767,2.561777013610212,1.6162251475719556,0.12170479742982103,0.08057751112633828,-9.312714409587556,-8.970368772676046,4.248467501434196,0.16193689000528122,2.7080502011022096,2.7080502011022096,1,0,0,0,0,0,0,0,0,0,0.0
23285_2009,0.05435432204849708,-0.08470244217543567,0.11968714082758168,0.4418128845150828,0.03777894463172767,0.0019784512040977678,1.6162251475719556,0.5983492149199423,0.08057751112633828,0.16726723668176988,-8.970368772676046,-9.76387707292616,0.16193689000528122,-0.6236488571068988,2.7080502011022096,2.7080502011022096,1,0,0,0,0,0,0,0,0,0,0.0
23285_2010,-0.08470244217543567,0.06856451293374713,0.4418128845150828,0.1792402799104907,0.0019784512040977678,0.030343444021743406,0.5983492149199423,0.9424391606637954,0.16726723668176988,0.10223076711067083,-9.76387707292616,-9.401423206921898,-0.6236488571068988,0.21942954903883286,2.7080502011022096,2.7080502011022096,1,0,0,0,0,0,0,0,0,0,0.0
23373_2008,-0.0930619794634838,-0.0062203396529537285,0.8005255909519018,0.7616245688116574,0.013109407373686138,0.01808148420858599,538.6509,616.9831,0.307219918599193,0.11018970777968964,-10.168558788858494,-10.032482737780068,-1.099439560763254,-0.09831390420583937,0.2468600779315258,0.16551443847757333,0,0,0,1,0,0,0,0,0,0,0.0
23373_2009,-0.0062203396529537285,0.02539655581472129,0.7616245688116574,0.8448850744441477,0.01808148420858599,0.02315955348907226,616.9831,353.6367,0.11018970777968964,0.7260865908722667,-10.032482737780068,-10.103489231712347,-0.09831390420583937,2.2501664390410827,0.16551443847757333,1.897619859927532,0,0,0,1,0,0,0,0,0,0,0.0
23373_2010,0.02539655581472129,0.017906629841633468,0.8448850744441477,0.6706913529618374,0.02315955348907226,0.01999818291739804,353.6367,897.4476,0.7260865908722667,0.4073470101793832,-10.103489231712347,-9.39663643324332,2.2501664390410827,0.7604595601283862,1.897619859927532,2.7080502011022096,0,0,0,1,0,0,0,0,0,0,0.0
2343_2008,0.01802364548846777,0.012173553023684348,0.8765471808432178,0.9327180915338764,0.041981724957366,0.07601959982843044,1.4582444169182058,0.7631464707183244,0.26205306703725645,0.09476786964747627,-9.191133269267823,-9.995255101883863,-1.1286569392454415,-0.7082392721536044,2.7080502011022096,2.367436065313662,0,0,0,0,0,1,0,0,0,0,1.0
2343_2009,0.012173553023684348,-0.056141766289583984,0.9327180915338764,0.9926672540977648,0.07601959982843044,0.2754535853709732,0.7631464707183244,0.2290663687406352,0.09476786964747627,0.2438832981626528,-9.995255101883863,-11.788282784717035,-0.7082392721536044,-2.018610315000368,2.367436065313662,0.10436001532424287,0,0,0,0,0,1,0,0,0,0,1.0
2343_2010,-0.056141766289583984,0.0,0.9926672540977648,0.0,0.2754535853709732,0.0,0.2290663687406352,0.0,0.2438832981626528,0.0,-11.788282784717035,0.0,-2.018610315000368,0.0,0.10436001532424287,0.0,0,0,0,0,0,1,0,0,0,0,1.0
23511_2008,0.03466267063080256,0.0401427412866345,0.35907019254565725,0.30095277462569736,0.04486613528438474,0.053851360209310827,2.7078307058407654,3.019114910395914,0.025486082440750527,0.05910737018674524,-8.614521763026682,-8.371157999992063,-0.15360571977370413,0.1938403284043715,2.7080502011022096,2.7080502011022096,1,0,0,0,0,0,0,0,0,0,0.0
23511_2009,0.0401427412866345,0.05148270407940324,0.30095277462569736,0.4767498316577952,0.053851360209310827,0.056717190904369226,3.019114910395914,1.8294536471487148,0.05910737018674524,0.13977178354863945,-8.371157999992063,-8.647671116910868,0.1938403284043715,-0.1684890655795454,2.7080502011022096,2.5997223242165823,1,0,0,0,0,0,0,0,0,0,0.0
23511_2010,0.05148270407940324,0.07336169413464019,0.4767498316577952,0.3459831799633996,0.056717190904369226,0.07193581837432947,1.8294536471487148,2.2661883846588404,0.13977178354863945,0.14338448310041074,-8.647671116910868,-8.340323148301012,-0.1684890655795454,0.18599092457868216,2.5997223242165823,2.7080502011022096,1,0,0,0,0,0,0,0,0,0,0.0
2366_2008,0.027008764550947282,0.004292325059481532,0.22904259741180785,0.31374988859872044,0.10651924902544962,0.13747593057202193,1.8775064131072543,1.1358503640709363,0.09815046958428277,0.11446436075942044,-9.802017414273363,-10.362484426886212,-0.08747647361350835,-0.6513261315300481,2.7080502011022096,2.694627180770069,0,1,0,0,0,0,0,0,0,0,0.0
2366_2009,0.004292325059481532,0.029676203003879024,0.31374988859872044,0.2445365753716588,0.13747593057202193,0.13871293594465636,1.1358503640709363,1.4261777535896194,0.11446436075942044,0.15283793722685152,-10.362484426886212,-9.564731242586847,-0.6513261315300481,0.8587141267738538,2.694627180770069,2.7080502011022096,0,1,0,0,0,0,0,0,0,0,0.0
2366_2010,0.029676203003879024,0.0217396450932954,0.2445365753716588,0.265199414372787,0.13871293594465636,0.08921719085840074,1.4261777535896194,1.5445661059095273,0.15283793722685152,0.16603131885864414,-9.564731242586847,-9.325712189985584,0.8587141267738538,-0.10517736458650552,2.7080502011022096,2.7080502011022096,0,1,0,0,0,0,0,0,0,0,0.0
2367_2008,0.039290374092033266,0.04152458069459385,0.09048314541099492,0.07672166292612101,0.07791084886370275,0.09144812689378516,2.609023539230375,2.872549650729783,0.07219812817086234,0.05127414159409359,-4.691512597147494,-4.418366356644277,-0.15346841788335233,0.2235801905458344,2.7080502011022096,2.7080502011022096,0,0,0,0,0,0,1,0,0,0,0.0
2367_2009,0.04152458069459385,0.0568018863550105,0.07672166292612101,0.1247988534863392,0.09144812689378516,0.12711729782736006,2.872549650729783,1.8816778641136436,0.05127414159409359,0.11015649603109083,-4.418366356644277,-4.567424891039704,0.2235801905458344,0.05605488356384963,2.7080502011022096,2.6851226964585053,0,0,0,0,0,0,1,0,0,0,0.0
2367_2010,0.0568018863550105,0.03521677379207836,0.1247988534863392,0.09181832690903287,0.12711729782736006,0.11220359148219976,1.8816778641136436,2.3087704803145543,0.11015649603109083,0.08046201932982705,-4.567424891039704,-4.4786143179542615,0.05605488356384963,0.16161157462116682,2.6851226964585053,2.7080502011022096,0,0,0,0,0,0,1,0,0,0,0.0
24025_2008,-0.033941314047525616,0.034500865821368285,0.320188736459118,0.3637653175070866,0.013897843594690179,0.007428905208929385,1.8188050906765576,1.3154703598504005,0.1306905389612862,0.12236308806560932,-9.890453757633503,-10.173695638442995,-0.3367370065176768,-0.16507186423550013,1.9754689512968575,1.6956156086751528,0,0,0,0,0,0,0,0,0,0,0.0
24025_2009,0.034500865821368285,0.05798637204157625,0.3637653175070866,0.5063094745552338,0.007428905208929385,0.012442236780048034,1.3154703598504005,0.8782072832016643,0.12236308806560932,0.17038138339703396,-10.173695638442995,-10.085524300078854,-0.16507186423550013,0.14544411014304548,1.6956156086751528,1.308332819650179,0,0,0,0,0,0,0,0,0,0,0.0
24025_2010,0.05798637204157625,-0.03467382536580861,0.5063094745552338,0.3658878188068888,0.012442236780048034,0.019439454710991903,0.8782072832016643,1.0200460607226576,0.17038138339703396,0.20007425058796488,-10.085524300078854,-10.180672954163061,0.14544411014304548,-0.29195666949748084,1.308332819650179,1.4422019930581866,0,0,0,0,0,0,0,0,0,0,0.0
2427_2008,-0.07613019772856007,-0.03972046768591686,0.7425920134370565,0.8141614094211705,0.0003171180313312615,0.0002036294402353956,0.6921811604729025,0.4809063187601251,0.09378453771982864,0.12305998759461118,-13.325882001783741,-14.382139503508544,-0.3220955548629746,-1.047117052794309,1.1939224684724346,0.14850620829922395,0,0,0,0,0,0,1,0,0,0,0.0
2427_2009,-0.03972046768591686,-0.12490565418567255,0.8141614094211705,0.9027527100493332,0.0002036294402353956,0.00019142628993972806,0.4809063187601251,0.330767384797406,0.12305998759461118,0.1700577766003882,-14.382139503508544,-14.324345896101685,-1.047117052794309,-0.1064937453349159,0.14850620829922395,-0.2876820724517809,0,0,0,0,0,0,1,0,0,0,0.0
2427_2010,-0.12490565418567255,0.0,0.9027527100493332,0.0,0.00019142628993972806,0.0,0.330767384797406,0.0,0.1700577766003882,0.0,-14.324345896101685,0.0,-0.1064937453349159,0.0,-0.2876820724517809,0.0,0,0,0,0,0,0,1,0,0,0,0.0
2488_2008,0.03636822131869299,0.04796259948214562,0.3815116347187109,0.20614079779217134,0.014553695814942896,0.06338346852646859,1.684197348787585,2.0676759471459882,0.1067609548784868,0.08537725749421317,-10.066792355277707,-9.538343509479546,-0.044266846830581325,0.4624794393814502,2.7080502011022096,2.7080502011022096,0,1,0,0,0,0,0,0,0,0,0.0
2488_2009,0.04796259948214562,0.03746745712592113,0.20614079779217134,0.5139732281183903,0.06338346852646859,0.008589340082716997,2.0676759471459882,1.5759496137536315,0.08537725749421317,0.14486670553357514,-9.538343509479546,-9.741152047428004,0.4624794393814502,-0.06797202474910907,2.7080502011022096,2.7080502011022096,0,1,0,0,0,0,0,0,0,0,0.0
2488_2010,0.03746745712592113,0.030943871973177238,0.5139732281183903,0.436134299190819,0.008589340082716997,0.017066565671873642,1.5759496137536315,1.7441526358158133,0.14486670553357514,0.18550253201553454,-9.741152047428004,-9.722370271969883,-0.06797202474910907,-0.10646102923262962,2.7080502011022096,2.7080502011022096,0,1,0,0,0,0,0,0,0,0,0.0
2498_2008,0.01521388522043644,0.023729039936573885,0.2539665090511327,0.3311720066711906,0.17004750253903125,0.12684356315719633,1.6532224215574358,1.2305393164340903,0.12935329210813373,0.11525192053056806,-9.882839143990957,-10.524931828097037,0.4421114143388368,-0.6039435705831268,2.7080502011022096,2.617395832834079,0,1,0,0,0,0,0,0,0,0,0.0
2498_2009,0.023729039936573885,-7.22991474673137e-05,0.3311720066711906,0.5189821411675432,0.12684356315719633,0.12957264602620308,1.2305393164340903,0.797356940212624,0.11525192053056806,0.18170903992815204,-10.524931828097037,-10.457615061752774,-0.6039435705831268,0.05704727877055438,2.617395832834079,2.152924318439639,0,1,0,0,0,0,0,0,0,0,0.0
2498_2010,-7.22991474673137e-05,0.03512488917051503,0.5189821411675432,0.5268632022596039,0.12957264602620308,0.20535735642235325,0.797356940212624,0.6352000997987154,0.18170903992815204,0.12502541694644434,-10.457615061752774,-10.682959574746556,0.05704727877055438,-0.08435075904572031,2.152924318439639,2.1424163408412245,0,1,0,0,0,0,0,0,0,0,0.0
2502_2008,0.0,0.0,0.0,0.0,0.0,0.0,0.0,0.0,0.0,0.0,0.0,0.0,0.0,0.0,0.0,0.0,0,0,0,0,0,1,0,0,0,0,0.0
2502_2009,0.0,-0.004332339588647279,0.0,0.8740867370975495,0.0,0.03939684787102608,0.0,0.9457661860626352,0.0,0.11635312836863032,0.0,-9.66678316311896,0.0,0.3387262348569593,0.0,2.7080502011022096,0,0,0,0,0,1,0,0,0,0,0.0
2502_2010,-0.004332339588647279,0.0,0.8740867370975495,0.0,0.03939684787102608,0.0,0.9457661860626352,0.0,0.11635312836863032,0.0,-9.66678316311896,0.0,0.3387262348569593,0.0,2.7080502011022096,0.0,0,0,0,0,0,1,0,0,0,0,0.0
2527_2008,0.032503028691309874,0.05080519918426368,0.4223283143591627,0.35487447841184305,0.05493856083342831,0.06912360220858339,1.1226395824155813,1.4095989424713782,0.06771720168558734,0.087711745058381,-13.284142728695883,-12.458361315076411,-0.16477530027443732,0.6828031438524215,2.1621729392773013,2.7080502011022096,0,0,0,0,1,0,0,0,0,0,0.0
2527_2009,0.05080519918426368,0.08802930026344535,0.35487447841184305,0.5030541835163218,0.06912360220858339,0.08322054169007136,1.4095989424713782,0.8994595056955053,0.087711745058381,0.1868186788578733,-12.458361315076411,-12.739482014156588,0.6828031438524215,-0.2379299070128717,2.7080502011022096,2.1983350716202463,0,0,0,0,1,0,0,0,0,0,0.0
2527_2010,0.08802930026344535,0.06065865243373314,0.5030541835163218,0.4236765732276619,0.08322054169007136,0.03848054490896957,0.8994595056955053,1.1024708374521537,0.1868186788578733,0.06208845262003695,-12.739482014156588,-12.498692838721073,-0.2379299070128717,0.1548929123630266,2.1983350716202463,2.6686161318568034,0,0,0,0,1,0,0,0,0,0,0.0
2535_2008,0.010569681952739744,0.00906721218435516,0.8479189216949531,0.9100461917827716,0.027641471571193326,0.025790742818176702,1.796280375988634,1.1565466939719482,0.039707796059205575,0.045628795915008916,-6.725616690456863,-7.252386678660509,-0.033085022042350726,-0.5041476366167369,2.7080502011022096,2.7080502011022096,0,0,0,0,0,1,0,0,0,0,0.0
2535_2009,0.00906721218435516,-0.01493867556653528,0.9100461917827716,0.9570826810001428,0.025790742818176702,0.06592148523161821,1.1565466939719482,0.5949290004740765,0.045628795915008916,0.20135429501319496,-7.252386678660509,-7.5292703573966415,-0.5041476366167369,-0.7008451397674866,2.7080502011022096,2.1424163408412245,0,0,0,0,0,1,0,0,0,0,0.0
2535_2010,-0.01493867556653528,-0.015304390694530138,0.9570826810001428,0.9441032144249698,0.06592148523161821,0.02538121423047919,0.5949290004740765,0.6385883707926248,0.20135429501319496,0.13665480926216628,-7.5292703573966415,-7.618703720293633,-0.7008451397674866,-0.5680289493116291,2.1424163408412245,1.7137979277583428,0,0,0,0,0,1,0,0,0,0,0.0
2551_2008,0.040993019952780214,0.04557024321054305,0.10801552793856534,0.09260838708962592,0.2506003433655136,0.1476123362955513,2.0496032230245103,2.4762148413263785,0.06770355689154578,0.04138148290496712,-7.1554443780537484,-7.302473565357184,-0.1488796152338894,-0.03934883136941922,2.7080502011022096,2.7080502011022096,0,0,0,0,0,0,1,0,0,0,0.0
2551_2009,0.04557024321054305,0.04011317567397738,0.09260838708962592,0.20852466004680426,0.1476123362955513,0.17172469239803134,2.4762148413263785,2.0887233994317977,0.04138148290496712,0.14192437120534546,-7.302473565357184,-7.659876116241473,-0.03934883136941922,-0.2307613795845261,2.7080502011022096,2.7080502011022096,0,0,0,0,0,0,1,0,0,0,0.0
2551_2010,0.04011317567397738,-0.0912659350448492,0.20852466004680426,0.24851974569600485,0.17172469239803134,0.23190777189508,2.0887233994317977,1.7979083938962408,0.14192437120534546,0.15046297484935794,-7.659876116241473,-7.3749533478036415,-0.2307613795845261,0.29352724444593425,2.7080502011022096,2.7080502011022096,0,0,0,0,0,0,1,0,0,0,0.0
2552_2008,0.06271083166439019,0.0428441522104085,0.3921019692307026,0.4875410159230809,0.18906167791202375,0.19294062820223984,4.1470276456373325,3.7589102499817586,0.10918543715389988,0.07552989054317343,-10.180811720032134,-10.46820481888888,-0.3918198660997129,-0.31912236981220204,2.1282317058492684,1.925707441737794,0,0,0,0,0,0,1,0,0,0,0.0
2552_2009,0.0428441522104085,0.006003557838436436,0.4875410159230809,0.6199435301140002,0.19294062820223984,0.29229409893618274,3.7589102499817586,2.07835207581805,0.07552989054317343,0.2782787069440676,-10.46820481888888,-11.363188181506073,-0.31912236981220204,-0.7337119062713702,1.925707441737794,0.5306282510621704,0,0,0,0,0,0,1,0,0,0,0.0
2552_2010,0.006003557838436436,-0.05310330845083403,0.6199435301140002,0.3828071145516542,0.29229409893618274,0.21357073080822045,2.07835207581805,2.3257626249394696,0.2782787069440676,0.3124396494953945,-11.363188181506073,-10.18163532162494,-0.7337119062713702,0.9625816346551842,0.5306282510621704,1.6845453849209058,0,0,0,0,0,0,1,0,0,0,0.0
2572_2008,0.03852884755300372,0.05444153498307083,0.22808233557377974,0.31580711296155994,0.2251186314726631,0.30323254990563114,2.220014502585632,1.5708070324127066,0.04916127944552396,0.11837297355503812,-9.485362455273187,-9.592756635879828,0.045062829506496815,-0.2550894191190545,2.7080502011022096,2.7080502011022096,0,1,0,0,0,0,0,0,0,0,0.0
2572_2009,0.05444153498307083,-0.013358746543993522,0.31580711296155994,0.3729912407021893,0.30323254990563114,0.3431855633408038,1.5708070324127066,1.0284937301261077,0.11837297355503812,0.10661989685505588,-9.592756635879828,-9.639847667079573,-0.2550894191190545,0.07737347081093743,2.7080502011022096,2.435366204227864,0,1,0,0,0,0,0,0,0,0,0.0
2572_2010,-0.013358746543993522,0.004900674846421471,0.3729912407021893,0.3105758746196843,0.3431855633408038,0.20659702244690376,1.0284937301261077,1.4423500138638454,0.10661989685505588,0.11233163409539243,-9.639847667079573,-9.483770910164633,0.07737347081093743,0.2659546767691993,2.435366204227864,2.7080502011022096,0,1,0,0,0,0,0,0,0,0,0.0
2577_2008,0.04130202955464902,0.018836333193804938,0.5316925368586759,0.5804634879561626,0.06134592706693525,0.06898569199741238,2.9651739800522594,2.8708694633231784,0.1212303720977746,0.05981597746266505,-11.024286796839773,-11.197488366877296,0.09266388830668362,0.03035630725593533,2.7080502011022096,2.7080502011022096,0,0,0,0,0,0,0,0,0,0,0.0
2577_2009,0.018836333193804938,0.001477171018177668,0.5804634879561626,0.5676514291424818,0.06898569199741238,0.054158386590672916,2.8708694633231784,2.6305737690211384,0.05981597746266505,0.11607243927278545,-11.197488366877296,-10.811493266922483,0.03035630725593533,0.36315375990013055,2.7080502011022096,2.7080502011022096,0,0,0,0,0,0,0,0,0,0,0.0
2577_2010,0.001477171018177668,-0.08052260288064092,0.5676514291424818,0.6247974522769509,0.054158386590672916,0.05874861638438924,2.6305737690211384,3.38644158833685,0.11607243927278545,0.2398624518939413,-10.811493266922483,-11.409290061715385,0.36315375990013055,-0.1220939675356287,2.7080502011022096,2.7080502011022096,0,0,0,0,0,0,0,0,0,0,0.0
25865_2008,0.04037501663590015,0.04347954655057525,0.3025672674327322,0.33332058478585586,0.0874189690110881,0.0054053382310705325,2.2581021527833296,3.4170065177407354,0.07531393140728446,0.22141919063470367,-8.665297834179182,-9.028572032599008,0.3236369555626812,-0.8914987791605012,2.7080502011022096,2.7080502011022096,0,0,1,0,0,0,0,0,0,0,0.0
25865_2009,0.04347954655057525,0.05326465314944192,0.33332058478585586,0.4650010159129933,0.0054053382310705325,0.021382847369678458,3.4170065177407354,2.2553560701626507,0.22141919063470367,0.11256082181381208,-9.028572032599008,-8.740948082756676,-0.8914987791605012,0.14493577251228065,2.7080502011022096,2.7080502011022096,0,0,1,0,0,0,0,0,0,0,0.0
25865_2010,0.05326465314944192,0.0562588786453017,0.4650010159129933,0.4425435866384498,0.021382847369678458,0.0251826995300848,2.2553560701626507,1.9907394344133682,0.11256082181381208,0.09661121684663708,-8.740948082756676,-9.1198808156181,0.14493577251228065,-0.4351087129403216,2.7080502011022096,2.7080502011022096,0,0,1,0,0,0,0,0,0,0,0.0
2600_2008,0.05898533337656583,0.031676128573020365,0.09499771607287404,0.10691005411997337,0.029733005221461287,0.005767490532142179,2.224099632984564,2.4363133060063555,0.06837345350696271,0.04799475685831323,-9.114970473957683,-9.304229909734783,-0.038790938672038734,-0.11388009230736387,2.7080502011022096,2.7080502011022096,0,0,0,1,0,0,0,0,0,0,0.0
2600_2009,0.031676128573020365,0.03679265821185333,0.10691005411997337,0.15742015592184774,0.005767490532142179,0.018989979917585227,2.4363133060063555,2.104112831087135,0.04799475685831323,0.10542922746773414,-9.304229909734783,-9.009982760906356,-0.11388009230736387,0.4040105416673843,2.7080502011022096,2.7080502011022096,0,0,0,1,0,0,0,0,0,0,0.0
2600_2010,0.03679265821185333,0.06676208675474103,0.15742015592184774,0.07188731306769339,0.018989979917585227,0.028840358155820825,2.104112831087135,2.547496697030733,0.10542922746773414,0.04685782846093912,-9.009982760906356,-8.86586581277215,0.4040105416673843,0.014062960576503912,2.7080502011022096,2.7080502011022096,0,0,0,1,0,0,0,0,0,0,0.0
26024_2008,0.08436471445916248,0.03299987734168143,0.2335952362902841,0.22437168951397127,0.010994008745929124,0.005932460344336965,2.55389457136906,2.900408744652105,0.09725467799724052,0.2016623246092197,-8.384873896221531,-8.096434797822333,0.057148477702044426,-0.4911124307662093,2.7080502011022096,2.7080502011022096,0,0,0,0,0,0,0,0,0,0,0.0
26024_2009,0.03299987734168143,0.04594823109422421,0.22437168951397127,0.4155982599301154,0.005932460344336965,0.006110990780343578,2.900408744652105,1.4292511293243966,0.2016623246092197,0.18981660827112967,-8.096434797822333,-7.9800234466126385,-0.4911124307662093,0.02297909502375356,2.7080502011022096,2.7080502011022096,0,0,0,0,0,0,0,0,0,0,0.0
26024_2010,0.04594823109422421,0.023217901294111217,0.4155982599301154,0.2928218365439277,0.006110990780343578,0.006285328462879398,1.4292511293243966,2.169026328233409,0.18981660827112967,0.14646933996121944,-7.9800234466126385,-7.694939492904749,0.02297909502375356,0.16430944921176965,2.7080502011022096,2.7080502011022096,0,0,0,0,0,0,0,0,0,0,0.0
26048_2008,0.0,0.0,0.0,0.0,0.0,0.0,0.0,0.0,0.0,0.0,0.0,0.0,0.0,0.0,0.0,0.0,0,0,0,0,0,0,0,0,0,1,0.0
26048_2009,0.0,-0.014531776349389212,0.0,0.0918798824741626,0.0,0.058471335531519474,0.0,2.012916301195192,0.0,0.10452810285559136,0.0,-8.160947206167071,0.0,-0.047431293055532835,0.0,2.7080502011022096,0,0,0,0,0,0,0,0,0,1,0.0
26048_2010,-0.014531776349389212,0.0,0.0918798824741626,0.0,0.058471335531519474,0.0,2.012916301195192,0.0,0.10452810285559136,0.0,-8.160947206167071,0.0,-0.047431293055532835,0.0,2.7080502011022096,0.0,0,0,0,0,0,0,0,0,0,1,0.0
26080_2008,0.022397841622837627,0.029066175415473086,0.14722034863093544,0.17321952444475153,0.06505854052220564,0.09249823287751316,3.2554779985550963,2.8730230111106825,0.05684750496639489,0.10851067518671932,-10.057183325937334,-10.153567948634755,0.37497981109683387,-0.09240528793743684,2.643333886382519,2.5564518169510957,0,0,0,0,0,0,1,0,0,0,0.0
26080_2009,0.029066175415473086,0.026232427212604274,0.17321952444475153,0.24269496092759216,0.09249823287751316,0.013448046220753058,2.8730230111106825,2.9439333359727184,0.10851067518671932,0.08777699182830381,-10.153567948634755,-9.800378183371707,-0.09240528793743684,0.3044647142268203,2.5564518169510957,2.4832385926873037,0,0,0,0,0,0,1,0,0,0,0.0
26080_2010,0.026232427212604274,0.03232596638003751,0.24269496092759216,0.16314021211387167,0.013448046220753058,0.018845045043319908,2.9439333359727184,3.6638900492187103,0.08777699182830381,0.060180272587484526,-9.800378183371707,-9.56482710103906,0.3044647142268203,0.16162325515847176,2.4832385926873037,2.7080502011022096,0,0,0,0,0,0,1,0,0,0,0.0
26087_2008,0.05588230054716888,0.05405651299504502,0.21071415775684985,0.2748698525212552,0.11225398467318684,0.2213806657651646,1.51049030980263,0.9739348360588591,0.11719718602273985,0.0755614603014336,-8.996728536928703,-9.225105139009012,-0.5102224475906421,-0.26186999659481325,2.7080502011022096,2.7080502011022096,0,0,0,0,0,0,1,0,0,0,0.0
26087_2009,0.05405651299504502,-0.11159435314406263,0.2748698525212552,0.3146827140320651,0.2213806657651646,0.29594652633449675,0.9739348360588591,0.8054670757683641,0.0755614603014336,0.08823238306438777,-9.225105139009012,-9.15303773018876,-0.26186999659481325,0.09204577754569644,2.7080502011022096,2.5470986700444485,0,0,0,0,0,0,1,0,0,0,0.0
26087_2010,-0.11159435314406263,0.03396262869422752,0.3146827140320651,0.2361957621167877,0.29594652633449675,0.265451704221959,0.8054670757683641,1.0988687033300106,0.08823238306438777,0.10054279122502376,-9.15303773018876,-9.006160934243901,0.09204577754569644,0.17999305340903832,2.5470986700444485,2.7080502011022096,0,0,0,0,0,0,1,0,0,0,0.0
26113_2008,0.024004581130035608,0.03317159642329645,0.08614943342895773,0.15804450816882415,0.028255264470165638,0.0183386887591552,2.600774546552269,1.8622177374873188,0.05141806430549456,0.13837035150036994,-9.289190326419726,-9.43357555118592,-0.18331164230528435,-0.1959877641660883,2.7080502011022096,2.7080502011022096,0,1,0,0,0,0,0,0,0,0,0.0
26113_2009,0.03317159642329645,0.02721148592562481,0.15804450816882415,0.2678773916656807,0.0183386887591552,0.016699956477700898,1.8622177374873188,2.297168633474019,0.13837035150036994,0.1777443573925502,-9.43357555118592,-8.901169223478453,-0.1959877641660883,0.5079494737926475,2.7080502011022096,2.7080502011022096,0,1,0,0,0,0,0,0,0,0,0.0
26113_2010,0.02721148592562481,0.034143745111635426,0.2678773916656807,0.28080894581601595,0.016699956477700898,0.030841874682891214,2.297168633474019,1.8268445236596809,0.1777443573925502,0.10690602585948103,-8.901169223478453,-9.257285125203827,0.5079494737926475,-0.2851935735526282,2.7080502011022096,2.7080502011022096,0,1,0,0,0,0,0,0,0,0,0.0
26127_2008,-0.07307673781249477,-0.01664269032793014,0.2409061515488749,0.15461405008511478,0.03876211799746777,0.07627241269131069,3.2663151879671477,2.663735338300937,0.11330337665591345,0.15193826303963914,-10.640412990679533,-10.534360534503195,-0.30792074403485914,-0.183623704801442,2.7080502011022096,2.7080502011022096,0,0,0,0,0,0,1,0,0,0,0.0
26127_2009,-0.01664269032793014,-0.026950317960324262,0.15461405008511478,0.2223291748797111,0.07627241269131069,0.11155434666937598,2.663735338300937,1.6177523205446815,0.15193826303963914,0.2259473986393496,-10.534360534503195,-10.696850110148263,-0.183623704801442,-0.15050389293334526,2.7080502011022096,2.0719132752590443,0,0,0,0,0,0,1,0,0,0,0.0
26127_2010,-0.026950317960324262,0.0035281307195599437,0.2223291748797111,0.15103113426423914,0.11155434666937598,0.08263305785671024,1.6177523205446815,2.139753399906405,0.2259473986393496,0.14798602125009092,-10.696850110148263,-10.563658038499966,-0.15050389293334526,0.3363472416288625,2.0719132752590443,2.424802725718295,0,0,0,0,0,0,1,0,0,0,0.0
26128_2008,0.04917248555959401,0.10657515808093873,0.19752122701977168,0.22572870877425305,0.2961304236355136,0.4177857214159746,1.8901110424199352,1.4524116743683666,0.13212971862229125,0.052918548747419435,-9.862996045408678,-10.145800761248807,-0.5358468815682322,-0.19899400731501996,2.7080502011022096,2.4221443280516852,0,0,0,0,0,0,0,0,0,1,0.0
26128_2009,0.10657515808093873,0.07851685543005503,0.22572870877425305,0.3684256390146885,0.4177857214159746,0.6074695454044509,1.4524116743683666,0.7830947978101997,0.052918548747419435,0.15929661505890788,-10.145800761248807,-10.369215108904204,-0.19899400731501996,0.00029943532440634973,2.4221443280516852,1.7047480922384253,0,0,0,0,0,0,0,0,0,1,0.0
26128_2010,0.07851685543005503,0.005297607193970989,0.3684256390146885,0.2485706561945928,0.6074695454044509,0.6273271230754084,0.7830947978101997,0.7387257228835842,0.15929661505890788,0.18557018947468246,-10.369215108904204,-10.654116989479297,0.00029943532440634973,-0.3774738545242065,1.7047480922384253,1.6544112780768316,0,0,0,0,0,0,0,0,0,1,0.0
26129_2008,-0.035876434337751374,-0.2681326676534785,0.4309359012940113,0.6548395594470509,0.23075010794331996,0.31975212624501365,0.7219821683202997,0.5526554698138901,0.14432953560929085,0.18838763439324868,-13.039165238956256,-13.715279647156994,-0.18631368306200405,-0.7333330925587398,1.6014057407368358,0.9361325740876943,0,0,0,0,0,0,1,0,0,0,0.0
26129_2009,-0.2681326676534785,-0.3741822164770428,0.6548395594470509,0.7618338086263211,0.31975212624501365,0.4462162402186677,0.5526554698138901,0.3690260318081604,0.18838763439324868,0.18914344433717886,-13.715279647156994,-14.619465792683382,-0.7333330925587398,-0.9131235979526128,0.9361325740876943,-0.4620354595965587,0,0,0,0,0,0,1,0,0,0,0.0
26129_2010,-0.3741822164770428,-0.039170397180683866,0.7618338086263211,0.625178588436994,0.4462162402186677,0.4812958376988285,0.3690260318081604,0.5037950254201893,0.18914344433717886,0.1798796388373775,-14.619465792683382,-14.422454606985033,-0.9131235979526128,-0.2915280447029348,-0.4620354595965587,-0.030459207484708574,0,0,0,0,0,0,1,0,0,0,0.0
2612_2008,0.025244463161838992,0.023690745831663532,0.21730814998637896,0.2797286652898143,0.008364780491066058,0.0037244553847690064,2.0324986718258202,1.7076392599632044,0.11050259319612236,0.06743358043231319,-10.390620335645828,-10.592112777985443,-0.022151460616410976,-0.17450380621100958,2.7080502011022096,2.7080502011022096,0,1,0,0,0,0,0,0,0,0,0.0
2612_2009,0.023690745831663532,-0.08450371689740985,0.2797286652898143,0.40446547599132304,0.0037244553847690064,0.013150663481555584,1.7076392599632044,1.3490681911347306,0.06743358043231319,0.13113125561474195,-10.592112777985443,-10.604658449874185,-0.17450380621100958,0.09031918381900884,2.7080502011022096,2.7080502011022096,0,1,0,0,0,0,0,0,0,0,0.0
2612_2010,-0.08450371689740985,-0.010712007902454955,0.40446547599132304,0.4111007097096757,0.013150663481555584,0.034402928888476486,1.3490681911347306,1.089771952779082,0.13113125561474195,0.1738449413528766,-10.604658449874185,-11.097438850248594,0.09031918381900884,-0.3766951391053269,2.7080502011022096,2.7080502011022096,0,1,0,0,0,0,0,0,0,0,0.0
2615_2008,0.0041642348467478075,-0.02095931319967597,0.39574115180582814,0.49278307226960705,0.05203633498638399,0.02319660414844836,1.2087539648720231,0.7474318043119897,0.09007261086613204,0.1865369391112757,-9.946449522307784,-10.359640066734244,-0.4246329304354273,-0.5019909497813378,2.4740142086215764,2.0706530356467567,0,0,1,0,0,0,0,0,0,0,0.0
2615_2009,-0.02095931319967597,-0.3162190369348275,0.49278307226960705,0.6431692002600695,0.02319660414844836,0.0940133187923704,0.7474318043119897,0.4740527919319474,0.1865369391112757,0.2603131640671101,-10.359640066734244,-11.160553770057303,-0.5019909497813378,-0.8292606723096241,2.0706530356467567,0.7747271675523681,0,0,1,0,0,0,0,0,0,0,0.0
2615_2010,-0.3162190369348275,0.034701322058727536,0.6431692002600695,0.28003576567510485,0.0940133187923704,0.11562948057438377,0.4740527919319474,1.7983107917859158,0.2603131640671101,0.4708510386637719,-11.160553770057303,-9.913906358155533,-0.8292606723096241,1.9882079102894417,0.7747271675523681,2.254444717666111,0,0,1,0,0,0,0,0,0,0,0.0
26174_2008,0.030671295240146224,0.016478753843155353,0.051154565518785326,0.08000955624629917,0.09455485606313624,0.051327217602178066,3.0690442823557613,2.956864622033898,0.13110584668627456,0.09844117898867126,-7.844805552000175,-7.4116515513467895,0.4148884984556015,0.2885049137911672,2.7080502011022096,2.7080502011022096,1,0,0,0,0,0,0,0,0,0,0.0
26174_2009,0.016478753843155353,0.008307432806042729,0.08000955624629917,0.09776626828260827,0.051327217602178066,0.019275124344103733,2.956864622033898,2.5963232879666345,0.09844117898867126,0.27257153002984114,-7.4116515513467895,-6.896116177526461,0.2885049137911672,0.2140768420647392,2.7080502011022096,2.7080502011022096,1,0,0,0,0,0,0,0,0,0,0.0
26174_2010,0.008307432806042729,0.008694362679645618,0.09776626828260827,0.1502606259241867,0.019275124344103733,0.027685162356457817,2.5963232879666345,2.5457055390055725,0.27257153002984114,0.18392249377087208,-6.896116177526461,-7.068268194170284,0.2140768420647392,-0.2787583141747102,2.7080502011022096,2.7080502011022096,1,0,0,0,0,0,0,0,0,0,0.0
261_2008,0.0,0.0,0.0,0.0,0.0,0.0,0.0,0.0,0.0,0.0,0.0,0.0,0.0,0.0,0.0,0.0,0,0,0,0,0,1,0,0,0,0,0.0
261_2009,0.0,-0.009037650071541557,0.0,0.8854216257014011,0.0,0.04993530836486927,0.0,0.6474004653448744,0.0,0.08695979010628478,0.0,-8.28674025873991,0.0,-0.11097337024703396,0.0,2.7080502011022096,0,0,0,0,0,1,0,0,0,0,0.0
261_2010,-0.009037650071541557,0.0,0.8854216257014011,0.0,0.04993530836486927,0.0,0.6474004653448744,0.0,0.08695979010628478,0.0,-8.28674025873991,0.0,-0.11097337024703396,0.0,2.7080502011022096,0.0,0,0,0,0,0,1,0,0,0,0,0.0
26242_2008,-0.02177177177177177,-0.19637428717243213,0.23098098098098102,0.4613131559677813,0.1155321988655322,0.2915658907848315,1.2242052426101506,0.3397822493621297,0.12473710319238206,0.24532165252545465,-13.287305354838717,-15.53527029975342,-0.16956957076271828,-1.4032626258717773,1.9530276168241771,-0.2876820724517809,0,0,0,0,1,0,0,0,0,0,0.0
26242_2009,-0.19637428717243213,0.0,0.4613131559677813,0.0,0.2915658907848315,0.0,0.3397822493621297,0.0,0.24532165252545465,0.0,-15.53527029975342,0.0,-1.4032626258717773,0.0,-0.2876820724517809,0.0,0,0,0,0,1,0,0,0,0,0,0.0
26242_2010,0.0,0.0,0.0,0.0,0.0,0.0,0.0,0.0,0.0,0.0,0.0,0.0,0.0,0.0,0.0,0.0,0,0,0,0,1,0,0,0,0,0,0.0
26251_2008,0.015109388998313275,0.0003618763689840832,0.30028101064564616,0.23854587938847335,0.0013152985769131185,0.026942451432323558,2.419219076988022,2.7177066608530005,0.13946746530476958,0.09537592413237447,-10.129877760311947,-9.61750203454208,0.09563964583700416,0.1894618055885824,2.174751721484161,2.5915163848462583,0,0,0,1,0,0,0,0,0,0,0.0
26251_2009,0.0003618763689840832,-0.026505603598712527,0.23854587938847335,0.7545904913328421,0.026942451432323558,0.05999873967503005,2.7177066608530005,0.4725857423363623,0.09537592413237447,0.3586641797781294,-9.61750203454208,-11.258628312151457,0.1894618055885824,-0.8243347617275709,2.5915163848462583,0.4510756193602167,0,0,0,1,0,0,0,0,0,0,0.0
26251_2010,-0.026505603598712527,-0.013664423341332364,0.7545904913328421,0.5588452137846815,0.05999873967503005,0.0418701530241654,0.4725857423363623,0.9435653513610665,0.3586641797781294,0.33003711269095515,-11.258628312151457,-10.724759017503557,-0.8243347617275709,0.05658334007621674,0.4510756193602167,1.2119409739751128,0,0,0,1,0,0,0,0,0,0,0.0
26255_2008,-0.06946735902467828,-0.03925724419972397,0.38151473576353306,0.3722519018641728,0.0588388530939025,0.05218518639907648,2.457000931387768,2.2167254564837475,0.07566863184299423,0.2953733237361837,-13.478808278795395,-13.523133222613435,-0.5860037102414566,0.6863312872720764,-0.3856624808119846,0.6830968447064438,0,1,0,0,0,0,0,0,0,0,0.0
26255_2009,-0.03925724419972397,-0.03325539101065211,0.3722519018641728,0.6317369590947144,0.05218518639907648,0.10144048959325656,2.2167254564837475,0.9198543461801924,0.2953733237361837,0.10443443600745576,-13.523133222613435,-14.02333079783426,0.6863312872720764,-0.654986786872646,0.6830968447064438,-0.3285040669720361,0,1,0,0,0,0,0,0,0,0,0.0
26255_2010,-0.03325539101065211,0.00689585957051421,0.6317369590947144,0.36026819389991616,0.10144048959325656,0.05655899844924098,0.9198543461801924,2.3143954433813434,0.10443443600745576,0.2321134548628606,-14.02333079783426,-13.127159316246269,-0.654986786872646,0.919923751165326,-0.3285040669720361,0.8011043220650377,0,1,0,0,0,0,0,0,0,0,0.0
26260_2008,0.04930757244335848,0.3133887219651401,0.2155438342368178,0.1581006364008757,0.059297517470211024,0.4304084764598316,2.125760512367433,1.1593009130599885,0.1505338634874055,0.16046964212923667,-11.789788729292045,-11.916947046247678,0.7414322603276402,-0.521682333971875,2.7080502011022096,2.574899688314705,0,1,0,0,0,0,0,0,0,0,0.0
26260_2009,0.3133887219651401,0.06970291337926844,0.1581006364008757,0.5087757405117971,0.4304084764598316,0.7381682244211702,1.1593009130599885,0.420810124860917,0.16046964212923667,0.19047570765478392,-11.916947046247678,-12.472457638162306,-0.521682333971875,-0.2374615129571706,2.574899688314705,1.5238800240724537,0,1,0,0,0,0,0,0,0,0,0.0
26260_2010,0.06970291337926844,0.017490506436466456,0.5087757405117971,0.2682443043607534,0.7381682244211702,0.28422821269573306,0.420810124860917,0.7910478605700055,0.19047570765478392,0.12011490235883987,-12.472457638162306,-11.815708618022668,-0.2374615129571706,0.2533503220578945,1.5238800240724537,2.1186622548331173,0,1,0,0,0,0,0,0,0,0,0.0
26268_2008,0.035560742395153395,0.041342952543434966,0.4038972957267706,0.4178569004427718,0.1269545443463336,0.1842037433081552,1.2080768254634342,1.0716571830430983,0.03262082884407772,0.06444328617654617,-7.282032566221058,-7.219323282947193,-0.02021803320633342,0.012172870155612577,2.7080502011022096,2.7080502011022096,0,0,1,0,0,0,0,0,0,0,0.0
26268_2009,0.041342952543434966,0.0077204983014033815,0.4178569004427718,0.6335158183658607,0.1842037433081552,0.29979456080238204,1.0716571830430983,0.4839788039103918,0.06444328617654617,0.1310768222064202,-7.219323282947193,-7.760052878661632,0.012172870155612577,-0.5478464474118607,2.7080502011022096,2.7080502011022096,0,0,1,0,0,0,0,0,0,0,0.0
26268_2010,0.0077204983014033815,-0.0463287396398883,0.6335158183658607,0.4645090467342148,0.29979456080238204,0.1253601190255801,0.4839788039103918,0.7921148275325576,0.1310768222064202,0.1409717471881468,-7.760052878661632,-7.46950298717332,-0.5478464474118607,0.3007456508426424,2.7080502011022096,2.7080502011022096,0,0,1,0,0,0,0,0,0,0,0.0
26284_2008,0.0,0.0,0.0,0.0,0.0,0.0,0.0,0.0,0.0,0.0,0.0,0.0,0.0,0.0,0.0,0.0,0,0,0,0,0,1,0,0,0,0,0.0
26284_2009,0.0,-0.01633779865743726,0.0,0.868300902763668,0.0,0.09287688497253684,0.0,0.4186764907515605,0.0,0.1321587203115469,0.0,-10.763435112632914,0.0,-0.7980287550349391,0.0,2.5556757206762075,0,0,0,0,0,1,0,0,0,0,0.0
26284_2010,-0.01633779865743726,0.0,0.868300902763668,0.0,0.09287688497253684,0.0,0.4186764907515605,0.0,0.1321587203115469,0.0,-10.763435112632914,0.0,-0.7980287550349391,0.0,2.5556757206762075,0.0,0,0,0,0,0,1,0,0,0,0,0.0
2636_2008,0.04869229172970749,-0.002293970707632614,0.3103789038594941,0.3973075338094415,0.02138699060655484,0.042069784227476696,1.673592452518181,1.3292596458107169,0.058800891151748025,0.06559536488500829,-7.9982040454735355,-8.375030805347661,-0.1347117114439897,-0.3462060074721669,2.7080502011022096,2.7080502011022096,0,0,1,0,0,0,0,0,0,0,0.0
2636_2009,-0.002293970707632614,0.0270619529756056,0.3973075338094415,0.3864882364619535,0.042069784227476696,0.04269256374599848,1.3292596458107169,1.3725586485222436,0.06559536488500829,0.13437797589143868,-8.375030805347661,-8.104492470348001,-0.3462060074721669,0.19745675101326474,2.7080502011022096,2.7080502011022096,0,0,1,0,0,0,0,0,0,0,0.0
2636_2010,0.0270619529756056,0.024728508404684737,0.3864882364619535,0.3286148921005377,0.04269256374599848,0.05761875169427884,1.3725586485222436,1.783283412638219,0.13437797589143868,0.09182016846447352,-8.104492470348001,-8.070699992997701,0.19745675101326474,0.19391056185130684,2.7080502011022096,2.7080502011022096,0,0,1,0,0,0,0,0,0,0,0.0
26503_2008,0.027105437217957197,0.02862362193354596,0.5724248484001849,0.5562804633627415,0.011499744149987534,0.01058908557079157,1.31950522930411,1.340043076633754,0.02428556557419114,0.05093080101919209,-12.360224896561654,-12.139940043632846,-0.11014615029191746,0.19957407755924705,2.7080502011022096,2.7080502011022096,0,0,0,0,0,0,0,0,1,0,0.0
26503_2009,0.02862362193354596,0.030833265155853717,0.5562804633627415,0.5435084325802644,0.01058908557079157,0.010044003693271466,1.340043076633754,1.3704529565376813,0.05093080101919209,0.04937774153492553,-12.139940043632846,-11.842781335841297,0.19957407755924705,0.2915844014953547,2.7080502011022096,2.7080502011022096,0,0,0,0,0,0,0,0,1,0,0.0
26503_2010,0.030833265155853717,0.035890113891589595,0.5435084325802644,0.5454796073537509,0.010044003693271466,0.05470865173616307,1.3704529565376813,1.3264600405152411,0.04937774153492553,0.042804246474096,-11.842781335841297,-11.935514230618866,0.2915844014953547,-0.18240067892327927,2.7080502011022096,2.7080502011022096,0,0,0,0,0,0,0,0,1,0,0.0
2664_2008,0.04451140176676025,0.06104808854863696,0.2677927085583047,0.4389850712766192,0.03292263444287001,0.08655564643803958,2.9484514433468587,2.4834074918270095,0.05588680470112264,0.051507462258947014,-7.008455965614255,-7.562618639465767,0.09640781302795004,-0.4062796533594712,2.7080502011022096,2.7080502011022096,0,0,1,0,0,0,0,0,0,0,0.0
2664_2009,0.06104808854863696,0.02879837472445192,0.4389850712766192,0.6672059816842337,0.08655564643803958,0.1535476979626459,2.4834074918270095,1.3099124499183856,0.051507462258947014,0.1785492411464016,-7.562618639465767,-7.7947469434457695,-0.4062796533594712,-0.22133407776137964,2.7080502011022096,2.306577114263583,0,0,1,0,0,0,0,0,0,0,0.0
2664_2010,0.02879837472445192,0.040242677719030666,0.6672059816842337,0.4481489266523303,0.1535476979626459,0.16204863974359668,1.3099124499183856,2.3820668572797845,0.1785492411464016,0.13186988367023686,-7.7947469434457695,-7.378379379330694,-0.22133407776137964,0.5909042245498485,2.306577114263583,2.7080502011022096,0,0,1,0,0,0,0,0,0,0,0.0
2706_2008,0.02786346470390491,0.02313225958129616,0.3391176185595234,0.2295965728270588,0.000418210059890244,0.00040311325025327766,2.4978630708077443,3.305450435969457,0.11156629710567656,0.08716778934503586,-8.114862355008277,-7.426135378584455,-0.18915528151334052,0.497954525998174,2.7080502011022096,2.7080502011022096,0,0,0,0,0,0,0,0,0,0,0.0
2706_2009,0.02313225958129616,0.04097486897666626,0.2295965728270588,0.3675058368159786,0.00040311325025327766,8.913292871876339e-05,3.305450435969457,1.9455930627160256,0.08716778934503586,0.11649714695381636,-7.426135378584455,-7.292904285155793,0.497954525998174,0.002505488760557173,2.7080502011022096,2.7080502011022096,0,0,0,0,0,0,0,0,0,0,0.0
2706_2010,0.04097486897666626,-0.004942417578191165,0.3675058368159786,0.27682786373372154,8.913292871876339e-05,7.037004422633422e-05,1.9455930627160256,2.6911429916540968,0.11649714695381636,0.07586367112739442,-7.292904285155793,-7.1399846094323625,0.002505488760557173,0.03325789343974017,2.7080502011022096,2.7080502011022096,0,0,0,0,0,0,0,0,0,0,0.0
2709_2008,0.0489363630274351,0.052695815888435686,0.1897879818281396,0.27709857475545874,0.01254536069882072,0.009942606771402962,2.664542437714696,2.1009477096281293,0.22400958838857649,0.07199677060329024,-5.592290192789599,-5.96343503578546,-0.818043802027148,-0.4159283233098818,2.7080502011022096,2.7080502011022096,0,0,1,0,0,0,0,0,0,0,0.0
2709_2009,0.052695815888435686,0.052906992159159665,0.27709857475545874,0.3526570397634009,0.009942606771402962,0.015932356180958784,2.1009477096281293,1.4183591503438835,0.07199677060329024,0.10387220458186858,-5.96343503578546,-5.514635107424025,-0.4159283233098818,0.21468823426475087,2.7080502011022096,2.7080502011022096,0,0,1,0,0,0,0,0,0,0,0.0
2709_2010,0.052906992159159665,0.03916671334600815,0.3526570397634009,0.3061286131183228,0.015932356180958784,0.02321885362127348,1.4183591503438835,1.5544316953511017,0.10387220458186858,0.11840497744431355,-5.514635107424025,-5.664118069926567,0.21468823426475087,-0.049647804655205165,2.7080502011022096,2.7080502011022096,0,0,1,0,0,0,0,0,0,0,0.0
2728_2008,0.06765089771195335,0.03184102876156776,0.1424608035658086,0.1212614710361832,0.03359891985438509,0.0765439220362313,1.4266761304986946,1.5744059772826955,0.09914758748223892,0.05506009257152896,-10.7100808934665,-10.70521888229056,-0.3982076413945687,-0.0808298836144502,2.387844936944869,2.318458442150336,0,0,1,0,0,0,0,0,0,0,0.0
2728_2009,0.03184102876156776,0.00921183311818721,0.1212614710361832,0.15687365431996336,0.0765439220362313,0.01857007947798799,1.5744059772826955,1.091753296366366,0.05506009257152896,0.17390249183281606,-10.70521888229056,-11.112784970992463,-0.0808298836144502,-0.3983858370850836,2.318458442150336,1.4327007339340465,0,0,1,0,0,0,0,0,0,0,0.0
2728_2010,0.00921183311818721,-0.17265391510300218,0.15687365431996336,0.2041221792116007,0.01857007947798799,0.005764280154472251,1.091753296366366,0.7659174914587812,0.17390249183281606,0.1162325246359678,-11.112784970992463,-11.474851650629597,-0.3983858370850836,-0.5067102747337944,1.4327007339340465,1.3029127521808397,0,0,1,0,0,0,0,0,0,0,0.0
27321_2008,0.053543750880653794,0.05881383855024711,0.19224672396787373,0.3906919275123559,0.006340707341130055,0.024958813838550246,1.158746882745761,0.885475896907957,0.17992246463459732,0.07338296034029931,-13.97291262320164,-14.419677497816082,-0.6158566733911376,-0.4666666278368769,1.8115620965242347,1.3812818192963463,0,0,0,0,0,0,0,0,0,0,0.0
27321_2009,0.05881383855024711,0.04645295398737717,0.3906919275123559,0.14205638619026273,0.024958813838550246,0.008885962163255753,0.885475896907957,1.802585946075698,0.07338296034029931,0.4964822770458406,-14.419677497816082,-12.730754196236242,-0.4666666278368769,1.684340025725498,1.3812818192963463,2.516897766633501,0,0,0,0,0,0,0,0,0,0,0.0
27321_2010,0.04645295398737717,0.0222310924835623,0.14205638619026273,0.13249952876736631,0.008885962163255753,0.008870261340074731,1.802585946075698,1.2995669715749312,0.4964822770458406,0.2599494478681553,-12.730754196236242,-13.174614146479426,1.684340025725498,-0.33993436475058536,2.516897766633501,2.298577071596507,0,0,0,0,0,0,0,0,0,0,0.0
2736_2008,0.04000259696171124,0.03606582696561133,0.3127148653373665,0.3094168361315668,0.025038778426757467,0.06223899600214644,1.0802822730267112,0.9696064375201736,0.06069398732250556,0.1317460353917493,-11.192622938179293,-11.21427081122159,0.07821600468975054,-0.2581982171454042,2.3804716316511167,2.353278207309564,0,1,0,0,0,0,0,0,0,0,0.0
2736_2009,0.03606582696561133,-0.03002256461617796,0.3094168361315668,0.4265099960951589,0.06223899600214644,0.08143531228296089,0.9696064375201736,0.6044445421857647,0.1317460353917493,0.21220795410696586,-11.21427081122159,-11.314410339669235,-0.2581982171454042,-0.041064721689615835,2.353278207309564,1.749199854809259,0,1,0,0,0,0,0,0,0,0,0.0
2736_2010,-0.03002256461617796,-0.09004654333974857,0.4265099960951589,0.4334038458358403,0.08143531228296089,0.14450822935601265,0.6044445421857647,0.5937637008985458,0.21220795410696586,0.254200505617205,-11.314410339669235,-11.63684518215096,-0.041064721689615835,0.04825738285146231,1.749199854809259,1.6505798557652755,0,1,0,0,0,0,0,0,0,0,0.0
27454_2008,0.05594989548238035,0.05606464756946634,0.17314997738928303,0.15433043098895854,0.038431665042328964,0.060114854875038135,2.5200308190806453,2.3810882042715327,0.07765182046021897,0.05332367998686385,-8.505194508851634,-8.344714626316152,0.20057524330561605,0.141147369182896,2.7080502011022096,2.7080502011022096,0,1,0,0,0,0,0,0,0,0,0.0
27454_2009,0.05606464756946634,0.07347726666617055,0.15433043098895854,0.25041824751565217,0.060114854875038135,0.09841411202682043,2.3810882042715327,1.946918283966396,0.05332367998686385,0.16052320644936113,-8.344714626316152,-8.195786892339433,0.141147369182896,0.229184138873525,2.7080502011022096,2.7080502011022096,0,1,0,0,0,0,0,0,0,0,0.0
27454_2010,0.07347726666617055,0.01675617482082559,0.25041824751565217,0.2137353996614684,0.09841411202682043,0.13388658329743006,1.946918283966396,1.9105454864880629,0.16052320644936113,0.16823505846648593,-8.195786892339433,-8.379169557085186,0.229184138873525,-0.03547213993241788,2.7080502011022096,2.7080502011022096,0,1,0,0,0,0,0,0,0,0,0.0
27456_2008,0.062342397826887164,0.06006655466186118,0.3340732711812732,0.16354626621511167,0.02463513790476928,0.014402301539643747,1.3606624354678991,2.1909713373510327,0.06294817715084193,0.20879808733735705,-11.742504622388893,-11.02945332708725,0.4448879491790951,-0.242091622691787,2.7080502011022096,2.7080502011022096,1,0,0,0,0,0,0,0,0,0,0.0
27456_2009,0.06006655466186118,0.07306252059201072,0.16354626621511167,0.14236386245304433,0.014402301539643747,0.023128001709948758,2.1909713373510327,1.96039868013596,0.20879808733735705,0.14660331085799766,-11.02945332708725,-11.308519443521444,-0.242091622691787,-0.2409932289397408,2.7080502011022096,2.4239173781615704,1,0,0,0,0,0,0,0,0,0,0.0
27456_2010,0.07306252059201072,0.0531230708046918,0.14236386245304433,0.17349653805641946,0.023128001709948758,0.09686952441331664,1.96039868013596,1.35847799527553,0.14660331085799766,0.0965236406762842,-11.308519443521444,-11.469516552552278,-0.2409932289397408,-0.21742918449708595,2.4239173781615704,2.468946630209271,1,0,0,0,0,0,0,0,0,0,0.0
27497_2008,0.050467124134180176,0.04115539504349122,0.18541289291345556,0.11963605041035902,0.06044358652740051,0.03003521627535981,2.075345964080882,2.9997494419876767,0.3216840094303952,0.06045736732056376,-9.146479423493787,-8.554706204646703,-0.9619240572020856,0.4679510560885984,2.7080502011022096,2.7080502011022096,0,1,0,0,0,0,0,0,0,0,0.0
27497_2009,0.04115539504349122,0.04563283680229131,0.11963605041035902,0.1113447957318396,0.03003521627535981,0.04112234463821842,2.9997494419876767,2.9520539718510364,0.06045736732056376,0.2948773703096981,-8.554706204646703,-8.523497279102576,0.4679510560885984,-0.5830679205327058,2.7080502011022096,2.7080502011022096,0,1,0,0,0,0,0,0,0,0,0.0
27497_2010,0.04563283680229131,0.0357983663239177,0.1113447957318396,0.3745503482820753,0.04112234463821842,0.03826872374225571,2.9520539718510364,2.052474168002949,0.2948773703096981,0.2344957388469993,-8.523497279102576,-8.636812177463268,-0.5830679205327058,-0.07131869386196954,2.7080502011022096,2.7080502011022096,0,1,0,0,0,0,0,0,0,0,0.0
27626_2008,0.06688082546022753,0.09327409483630746,0.2651782443763308,0.27789099455910066,0.17742800820316576,0.260089072503754,1.392382391533416,1.0146360975631206,0.1025700253657365,0.08001199252899001,-10.043569600188897,-10.171832149952431,0.3236320988479087,-0.14345632683558845,2.7080502011022096,2.7080502011022096,0,0,1,0,0,0,0,0,0,0,0.0
27626_2009,0.09327409483630746,0.007725218483527931,0.27789099455910066,0.5446863010686163,0.260089072503754,0.2890566523808522,1.0146360975631206,0.3660849615123936,0.08001199252899001,0.1670761631505122,-10.171832149952431,-10.75932881072444,-0.14345632683558845,-0.5273282173174094,2.7080502011022096,2.239645293220172,0,0,1,0,0,0,0,0,0,0,0.0
27626_2010,0.007725218483527931,-0.18563477407440887,0.5446863010686163,0.3327832540272126,0.2890566523808522,0.2411977682367262,0.3660849615123936,0.5573840189986077,0.1670761631505122,0.23693019925816414,-10.75932881072444,-10.95005324394008,-0.5273282173174094,-0.06112994354861034,2.239645293220172,2.274185618472348,0,0,1,0,0,0,0,0,0,0,0.0
2767_2008,0.03235407741676636,0.04283230451842522,0.2812974841590096,0.19320969439436952,0.037220815897026034,0.04873494464214048,3.462547704386357,3.4297897941577493,0.2303665199353117,0.19931104301181984,-8.154053891801082,-7.6156948374113345,-0.21743384790838632,-0.07717116678883633,2.7080502011022096,2.7080502011022096,0,1,0,0,0,0,0,0,0,0,0.0
2767_2009,0.04283230451842522,-0.0018152460856169128,0.19320969439436952,0.8084800696837346,0.04873494464214048,0.03065560445523141,3.4297897941577493,0.8801023232218593,0.19931104301181984,0.19112033615428572,-7.6156948374113345,-8.847315087714449,-0.07717116678883633,-1.0594553717784594,2.7080502011022096,2.158714722574344,0,1,0,0,0,0,0,0,0,0,0.0
2767_2010,-0.0018152460856169128,-0.14155744711577006,0.8084800696837346,0.7380405667218825,0.03065560445523141,0.023097061450727038,0.8801023232218593,1.9236920797888617,0.19112033615428572,0.2889652712427414,-8.847315087714449,-8.938860894931864,-1.0594553717784594,0.2981364768739443,2.158714722574344,2.2995805839737473,0,1,0,0,0,0,0,0,0,0,0.0
27739_2008,0.06186526592874971,0.0,0.050417079200583366,0.0,0.05961831472731261,0.0,4.6418262542891595,0.0,0.19845628723007824,0.0,-10.347827964886088,0.0,1.2118239117574614,0.0,2.7080502011022096,0.0,0,0,0,0,0,1,0,0,0,0,0.0
27739_2009,0.0,0.0,0.0,0.0,0.0,0.0,0.0,0.0,0.0,0.0,0.0,0.0,0.0,0.0,0.0,0.0,0,0,0,0,0,1,0,0,0,0,0.0
27739_2010,0.0,0.0,0.0,0.0,0.0,0.0,0.0,0.0,0.0,0.0,0.0,0.0,0.0,0.0,0.0,0.0,0,0,0,0,0,1,0,0,0,0,0.0
2775_2008,0.09755994971281154,0.09432855693634287,4.673530525164625e-05,0.00012680699974638602,0.03399993457057265,0.025932031448135936,6.307886885458555,6.477184047315892,0.09032754538785603,0.06494758596408727,-12.447374263478244,-12.097472861713051,-0.40749920755756336,0.32829880770851283,2.7080502011022096,2.7080502011022096,0,0,0,0,0,0,0,0,0,0,0.0
2775_2009,0.09432855693634287,0.08764142342584702,0.00012680699974638602,0.0001345110523247993,0.025932031448135936,0.02494432737001001,6.477184047315892,8.164610258851098,0.06494758596408727,0.08803257902145982,-12.097472861713051,-12.163176479481368,0.32829880770851283,-0.006025370718487022,2.7080502011022096,2.7080502011022096,0,0,0,0,0,0,0,0,0,0,0.0
2775_2010,0.08764142342584702,0.10819922937443337,0.0001345110523247993,0.0,0.02494432737001001,0.029436763372620123,8.164610258851098,7.883322538136822,0.08803257902145982,0.08436443787319459,-12.163176479481368,-12.730171208274793,-0.006025370718487022,-0.672112238084811,2.7080502011022096,2.6875072998708807,0,0,0,0,0,0,0,0,0,0,0.0
27849_2008,0.03872464698881479,0.01580789275192391,0.2549284910572578,0.2585154709538135,0.04345822230085534,0.026770215683125858,1.5400843190759623,1.823766866396444,0.05980737831632639,0.053315654814502136,-10.00751988746385,-9.766464228006145,-0.03727412772181463,0.2388029954188405,2.7080502011022096,2.7080502011022096,0,0,1,0,0,0,0,0,0,0,0.0
27849_2009,0.01580789275192391,0.035816739335584366,0.2585154709538135,0.30583423056048953,0.026770215683125858,0.03311564858671355,1.823766866396444,1.3500855617134049,0.053315654814502136,0.1424003658359152,-9.766464228006145,-9.56034331970327,0.2388029954188405,0.18829271521088967,2.7080502011022096,2.7080502011022096,0,0,1,0,0,0,0,0,0,0,0.0
27849_2010,0.035816739335584366,0.020321228764038662,0.30583423056048953,0.3838320368945555,0.03311564858671355,0.058793645251817586,1.3500855617134049,1.2243920255380103,0.1424003658359152,0.12372484802504655,-9.56034331970327,-9.874265510011435,0.18829271521088967,-0.21761224039246296,2.7080502011022096,2.7080502011022096,0,0,1,0,0,0,0,0,0,0,0.0
2784_2008,0.01971345235074393,0.021500528052539547,0.3254888799757709,0.37818223784237853,0.003118681804415268,0.005343596473924135,2.148653229381242,1.6500835594881949,0.06997626658715288,0.0808527507958645,-10.817564397926539,-10.901388254327896,-0.2420204893258453,-0.1181634703374625,2.7080502011022096,2.7080502011022096,0,0,0,0,0,0,0,0,0,1,0.0
2784_2009,0.021500528052539547,-0.2448725303330311,0.37818223784237853,0.6677646391186612,0.005343596473924135,0.04215474009511649,1.6500835594881949,2.741617758593484,0.0808527507958645,0.20729187618944195,-10.901388254327896,-11.178178311354403,-0.1181634703374625,-0.2946699298330284,2.7080502011022096,2.5974910105351463,0,0,0,0,0,0,0,0,0,1,0.0
2784_2010,-0.2448725303330311,-0.4933768062755356,0.6677646391186612,0.8203763608472981,0.04215474009511649,0.007527857274067231,2.741617758593484,44.8829,0.20729187618944195,0.17490201410038975,-11.178178311354403,-12.252500972611509,-0.2946699298330284,-0.8053571356177952,2.5974910105351463,1.7137979277583428,0,0,0,0,0,0,0,0,0,1,0.0
282_2008,0.04805987012826851,0.046078031216670624,0.04817873364609861,0.058772818272585375,0.1862495114044691,0.10037432378729412,2.603169504621468,3.2539557335510776,0.0599021290699316,0.06812135253120204,-7.0320301441596555,-7.199025389176702,-0.2955835211686185,-0.049554545949912834,2.7080502011022096,2.7080502011022096,0,0,0,0,0,0,1,0,0,0,0.0
282_2009,0.046078031216670624,0.11410946619178865,0.058772818272585375,0.097339546715121,0.10037432378729412,0.19020488965311716,3.2539557335510776,2.221208156866112,0.06812135253120204,0.11463445714395375,-7.199025389176702,-7.256783287602812,-0.049554545949912834,0.020716583040682468,2.7080502011022096,2.7080502011022096,0,0,0,0,0,0,1,0,0,0,0.0
282_2010,0.11410946619178865,0.0296535193100754,0.097339546715121,0.1047379411580644,0.19020488965311716,0.21733686785462256,2.221208156866112,2.4734588000175552,0.11463445714395375,0.07386289625963686,-7.256783287602812,-6.982020592061442,0.020716583040682468,0.161096220745711,2.7080502011022096,2.7080502011022096,0,0,0,0,0,0,1,0,0,0,0.0
28344_2008,0.10480241440196532,-0.0016793689155531206,0.7161887393851352,0.8690472902822758,0.01914348078989949,0.024255063048485,1.2593836269753196,0.4581070527477572,0.16006648753188418,0.13051559019767642,-10.772335099058273,-11.603099318953507,-0.8746672073815105,-0.8252976992681582,2.10900034392138,1.3480731482996928,0,0,0,0,0,0,0,1,0,0,0.0
28344_2009,-0.0016793689155531206,-0.4865622521261952,0.8690472902822758,0.9815393515236416,0.024255063048485,0.08058516650232894,0.4581070527477572,11.3925,0.13051559019767642,0.33911774990746785,-11.603099318953507,-13.475777791021613,-0.8252976992681582,-1.6556584927445868,1.3480731482996928,-1.0498221244986778,0,0,0,0,0,0,0,1,0,0,0.0
28344_2010,-0.4865622521261952,-0.2353843375591104,0.9815393515236416,0.9350700094438528,0.08058516650232894,0.013076694409703543,11.3925,33.8337,0.33911774990746785,0.29202921094462825,-13.475777791021613,-12.492712507983804,-1.6556584927445868,1.0938994281579038,-1.0498221244986778,0.15272108701766393,0,0,0,0,0,0,0,1,0,0,0.0
28409_2008,0.0053765707212575726,0.005038444135242538,0.4554219822416046,0.5166930827722565,0.03745204964992891,0.029250141984798923,5.755982566711491,8.260022372695445,0.057619590721057774,0.04481802141823328,-11.678085188731007,-11.868842438811937,-0.04211722421457791,-0.2609293598617366,2.7080502011022096,2.7080502011022096,0,0,0,0,0,0,0,0,0,1,0.0
28409_2009,0.005038444135242538,0.030423403926847014,0.5166930827722565,0.6607915261899193,0.029250141984798923,0.04970265305763991,8.260022372695445,73.3866,0.04481802141823328,0.06601083177795115,-11.868842438811937,-11.792264083325662,-0.2609293598617366,0.13769494353797826,2.7080502011022096,2.7080502011022096,0,0,0,0,0,0,0,0,0,1,0.0
28409_2010,0.030423403926847014,0.007335802856551626,0.6607915261899193,0.6841125065660666,0.04970265305763991,0.016868253437662732,73.3866,69.4575,0.06601083177795115,0.04750773963100476,-11.792264083325662,-12.092687452488773,0.13769494353797826,-0.3701234834161946,2.7080502011022096,2.7080502011022096,0,0,0,0,0,0,0,0,0,1,0.0
2847_2008,0.030872186759883118,0.03338627043049998,0.4416433583099947,0.4676204461417746,0.005273079821373147,0.004571166775788885,1.850885228738619,1.6822592767810467,0.03636550970119347,0.05442724928405766,-9.7165683735824,-9.712788102143275,-0.04677854377233938,0.019493359965084025,2.7080502011022096,2.7080502011022096,0,0,0,0,0,0,0,0,1,0,0.0
2847_2009,0.03338627043049998,0.03413332229364955,0.4676204461417746,0.5110638330903309,0.004571166775788885,0.0057641380184716325,1.6822592767810467,1.493897937874764,0.05442724928405766,0.05243559127093618,-9.712788102143275,-9.248397833486932,0.019493359965084025,0.4275045300689766,2.7080502011022096,2.7080502011022096,0,0,0,0,0,0,0,0,1,0,0.0
2847_2010,0.03413332229364955,0.031750401759598715,0.5110638330903309,0.4856789793251634,0.0057641380184716325,0.005104644273720999,1.493897937874764,1.546341883626773,0.05243559127093618,0.044677090981598805,-9.248397833486932,-9.394116684421087,0.4275045300689766,-0.18772268849677434,2.7080502011022096,2.7080502011022096,0,0,0,0,0,0,0,0,1,0,0.0
2850_2008,0.040576039291276185,0.03410092440498518,0.12359617963991515,0.16296909726846795,0.04457282260476378,0.024654769639283324,3.7988318726157178,3.4531192895138196,0.05223852182569562,0.06864071836954921,-5.3298014263391815,-5.422278105185184,-0.1588720209866792,-0.07830642451845714,2.7080502011022096,2.7080502011022096,0,0,0,0,1,0,0,0,0,0,0.0
2850_2009,0.03410092440498518,0.046522621705237466,0.16296909726846795,0.2318623977102891,0.024654769639283324,0.03594832364129922,3.4531192895138196,2.364305148401534,0.06864071836954921,0.1079684133226236,-5.422278105185184,-5.409318103761978,-0.07830642451845714,0.028197547821529667,2.7080502011022096,2.7080502011022096,0,0,0,0,1,0,0,0,0,0,0.0
2850_2010,0.046522621705237466,0.05046909410697403,0.2318623977102891,0.21922054720037992,0.03594832364129922,0.06147816400575249,2.364305148401534,2.6693691790150647,0.1079684133226236,0.07512135076337215,-5.409318103761978,-5.319805976618267,0.028197547821529667,-0.024207916540875733,2.7080502011022096,2.7080502011022096,0,0,0,0,1,0,0,0,0,0,0.0
28754_2008,0.030947169084635764,0.1134716968019938,0.2666706507462676,0.2624245535430726,0.00922888792345388,0.2124618658652716,2.2138801339263328,1.7683895727137418,0.04258294001196624,0.0759781934784021,-6.172577734495159,-6.199891388210037,0.03875684316656455,-0.04884732266744467,2.7080502011022096,2.7080502011022096,0,1,0,0,0,0,0,0,0,0,0.0
28754_2009,0.1134716968019938,0.0351803507409857,0.2624245535430726,0.3961733163159258,0.2124618658652716,0.02105813165350105,1.7683895727137418,1.1806117954432265,0.0759781934784021,0.11340863931691265,-6.199891388210037,-6.036024688640925,-0.04884732266744467,0.22200131765736114,2.7080502011022096,2.7080502011022096,0,1,0,0,0,0,0,0,0,0,0.0
28754_2010,0.0351803507409857,0.02009634076231635,0.3961733163159258,0.3628294319149011,0.02105813165350105,0.0264538324489733,1.1806117954432265,1.3435423682359109,0.11340863931691265,0.07938634802465495,-6.036024688640925,-5.916560488084728,0.22200131765736114,-0.01735118384742479,2.7080502011022096,2.7080502011022096,0,1,0,0,0,0,0,0,0,0,0.0
28826_2008,-0.10453287165548568,-0.16691897410621556,0.3455711365198995,0.4995019608961911,0.3890283334957148,0.37971460325919704,1.8903244965587032,1.4288904117505927,0.0819740707325526,0.0988996574700718,-9.904047151619672,-10.571694246567366,0.2352308646722553,-0.7694083316804136,2.135349173618132,1.4861396960896067,0,0,0,0,1,0,0,0,0,0,0.0
28826_2009,-0.16691897410621556,0.4107994160107344,0.4995019608961911,0.4523297748644636,0.37971460325919704,0.8830888573654336,1.4288904117505927,0.5501360364124467,0.0988996574700718,0.17640123256712292,-10.571694246567366,-10.684225306996543,-0.7694083316804136,-0.00035968697655014426,1.4861396960896067,0.8796267475025636,0,0,0,0,1,0,0,0,0,0,0.0
28826_2010,0.4107994160107344,0.3526323479553608,0.4523297748644636,0.05384493170350426,0.8830888573654336,0.6671267524516236,0.5501360364124467,0.6828810738309455,0.17640123256712292,0.21460816279130107,-10.684225306996543,-10.524350962672582,-0.00035968697655014426,0.5027081404034314,0.8796267475025636,1.6014057407368358,0,0,0,0,1,0,0,0,0,0,0.0
28858_2008,0.0442928530562617,0.04120017310738197,0.16308551334842886,0.16840884963772268,0.044274835890054084,0.03143789667467152,5.076353644248231,5.763190460482495,0.0766936609633651,0.05219469661713756,-8.692362955259556,-8.668023242525313,-0.20750631737977773,-0.02028423178841954,2.7080502011022096,2.7080502011022096,0,1,0,0,0,0,0,0,0,0,0.0
28858_2009,0.04120017310738197,0.0462854671310596,0.16840884963772268,0.17123661766685366,0.03143789667467152,0.0510642235995715,5.763190460482495,4.657672804361124,0.05219469661713756,0.11916571950310414,-8.668023242525313,-8.282254613694919,-0.02028423178841954,0.15642080666400393,2.7080502011022096,2.7080502011022096,0,1,0,0,0,0,0,0,0,0,0.0
28858_2010,0.0462854671310596,0.03023613694919075,0.17123661766685366,0.1634933362380413,0.0510642235995715,0.04726621854445268,4.657672804361124,4.467150252906327,0.11916571950310414,0.07125184606852539,-8.282254613694919,-8.536506755780525,0.15642080666400393,-0.21895055472273067,2.7080502011022096,2.7080502011022096,0,1,0,0,0,0,0,0,0,0,0.0
28924_2008,0.015316451535981403,0.01726557356706871,0.5293248608236967,0.4367773531046131,0.06060269988491197,0.04495904398730729,3.2826537664132687,3.1555512303717146,0.0702542698674512,0.05855801528806653,-8.271650268133378,-8.013997628483544,0.13712143315583333,0.13923320293448452,2.7080502011022096,2.7080502011022096,0,1,0,0,0,0,0,0,0,0,0.0
28924_2009,0.01726557356706871,0.02148994526145727,0.4367773531046131,0.4772303758917356,0.04495904398730729,0.0567497002859874,3.1555512303717146,2.4627273917934125,0.05855801528806653,0.08393564337301827,-8.013997628483544,-7.748281835837879,0.13923320293448452,0.2766491141915028,2.7080502011022096,2.7080502011022096,0,1,0,0,0,0,0,0,0,0,0.0
28924_2010,0.02148994526145727,0.016083310869916215,0.4772303758917356,0.5565135692225257,0.0567497002859874,0.08938520153751674,2.4627273917934125,1.8379150604154944,0.08393564337301827,0.10714763949025273,-7.748281835837879,-8.172544624846221,0.2766491141915028,-0.25146501514937264,2.7080502011022096,2.7080502011022096,0,1,0,0,0,0,0,0,0,0,0.0
28929_2008,0.03191895770738104,0.06231660904680283,0.029263961225251375,0.09654958697694237,0.030473459622666,0.08153937034562234,3.36478304149388,1.156960326800709,0.14011679246749092,0.18954193480595288,-12.18636198404958,-13.443937488426585,0.8459694178943258,-1.4831935204966145,2.7080502011022096,1.928618651945252,0,0,0,0,1,0,0,0,0,0,0.0
28929_2009,0.06231660904680283,0.046719295975152064,0.09654958697694237,0.3042577973340235,0.08153937034562234,0.3002458910314481,1.156960326800709,0.3569294506632673,0.18954193480595288,0.14864080482294706,-13.443937488426585,-14.185427071654027,-1.4831935204966145,-0.9535103513256656,1.928618651945252,0.6931471805599453,0,0,0,0,1,0,0,0,0,0,0.0
28929_2010,0.046719295975152064,0.03271375464684015,0.3042577973340235,0.19182156133829,0.3002458910314481,0.3213645309424885,0.3569294506632673,0.5839450657447757,0.14864080482294706,0.21633161946631035,-14.185427071654027,-13.887343328633163,-0.9535103513256656,0.10992784192800564,0.6931471805599453,1.2395329797244872,0,0,0,0,1,0,0,0,0,0,0.0
28947_2008,0.013068019170725705,0.01112813390415372,0.8361890457082526,0.8717887773657307,0.04460290002451638,0.0609059625912191,1.5922585829724538,1.2830675321325709,0.03595091383094719,0.0954349369514921,-11.26790882964209,-11.470047277754855,0.03864833033481596,-0.29841612304669296,2.7080502011022096,2.7080502011022096,0,0,0,0,0,1,0,0,0,0,0.0
28947_2009,0.01112813390415372,0.006291539363750888,0.8717887773657307,0.9326206438614312,0.0609059625912191,0.048952582292672936,1.2830675321325709,0.6469456135089346,0.0954349369514921,0.09661147075109744,-11.470047277754855,-11.699629870884173,-0.29841612304669296,-0.2811684692433842,2.7080502011022096,2.331172549845958,0,0,0,0,0,1,0,0,0,0,0.0
28947_2010,0.006291539363750888,0.0077304671145008545,0.9326206438614312,0.8924092455466276,0.048952582292672936,0.06675093779560133,0.6469456135089346,0.9721000044744126,0.09661147075109744,0.12273726805407455,-11.699629870884173,-11.432939756403458,-0.2811684692433842,0.22186083980134874,2.331172549845958,2.7080502011022096,0,0,0,0,0,1,0,0,0,0,0.0
29005_2008,0.03995439581257144,0.0,0.06770964674077799,0.0,0.04100739026399598,0.0,2.5753582863412015,0.0,0.05719329872821485,0.0,-9.042248045556882,0.0,0.148953769269763,0.0,2.7080502011022096,0.0,0,0,0,0,0,0,0,0,0,1,0.0
29005_2009,0.0,0.0,0.0,0.0,0.0,0.0,0.0,0.0,0.0,0.0,0.0,0.0,0.0,0.0,0.0,0.0,0,0,0,0,0,0,0,0,0,1,0.0
29005_2010,0.0,0.0,0.0,0.0,0.0,0.0,0.0,0.0,0.0,0.0,0.0,0.0,0.0,0.0,0.0,0.0,0,0,0,0,0,0,0,0,0,1,0.0
29009_2008,0.054343558357874605,0.048031102330376725,0.3872640674330364,0.35490895859982363,0.009503905815279576,0.007406507060016962,6.030091381085626,6.87954904530608,0.054149909991854,0.06360925577655745,-7.35150534054595,-7.4375290816035715,0.06234562710741238,-0.06356788237687143,2.7080502011022096,2.7080502011022096,0,0,1,0,0,0,0,0,0,0,0.0
29009_2009,0.048031102330376725,0.04857916802410958,0.35490895859982363,0.38065124672089895,0.007406507060016962,0.018357923177609987,6.87954904530608,7.982682821263137,0.06360925577655745,0.1008774516496821,-7.4375290816035715,-6.887235031100794,-0.06356788237687143,0.5651609598869273,2.7080502011022096,2.7080502011022096,0,0,1,0,0,0,0,0,0,0,0.0
29009_2010,0.04857916802410958,0.04965633764148158,0.38065124672089895,0.4346667952647227,0.018357923177609987,0.007006236121493513,7.982682821263137,20.878883397097113,0.1008774516496821,0.06914149477485326,-6.887235031100794,-7.1458957943245185,0.5651609598869273,-0.12317969705238033,2.7080502011022096,2.7080502011022096,0,0,1,0,0,0,0,0,0,0,0.0
29028_2008,0.09250418960159597,0.03620297065761585,0.4162688532071819,0.4124008477755489,0.09573577701125872,0.016515803451312802,1.8080100845741789,2.2275904052407016,0.10662297868050184,0.09862662891499156,-7.292332328958405,-6.803511918465081,0.09717517228446808,0.3533513382283594,2.7080502011022096,2.7080502011022096,1,0,0,0,0,0,0,0,0,0,0.0
29028_2009,0.03620297065761585,0.13758417356743802,0.4124008477755489,0.7184082699345201,0.016515803451312802,0.04716427162065583,2.2275904052407016,0.8935132271580847,0.09862662891499156,0.2975921596192362,-6.803511918465081,-7.5041486033046425,0.3533513382283594,-0.5880665906414486,2.7080502011022096,2.7080502011022096,1,0,0,0,0,0,0,0,0,0,0.0
29028_2010,0.13758417356743802,-0.07637186436531328,0.7184082699345201,0.5692729333097549,0.04716427162065583,0.06639609621481198,0.8935132271580847,1.5807503351175056,0.2975921596192362,0.2193300630936716,-7.5041486033046425,-7.136023869670838,-0.5880665906414486,0.3106197298487867,2.7080502011022096,2.7080502011022096,1,0,0,0,0,0,0,0,0,0,0.0
29031_2008,-0.07658174234386829,0.054609956332841963,0.5263178727150578,0.656794014879573,0.13162501237558885,0.19449581916739192,5.309621146874932,1.720024554116044,0.09354229226115593,0.11516258728272832,-9.558719616555573,-10.8590119850545,0.28196078695430604,-1.3728439255365863,2.7080502011022096,1.6272778305624314,0,0,1,0,0,0,0,0,0,0,0.0
29031_2009,0.054609956332841963,0.07532772248651269,0.656794014879573,0.82760484482261,0.19449581916739192,0.2903601376615203,1.720024554116044,0.5488742574582496,0.11516258728272832,0.4246017629845376,-10.8590119850545,-10.746817218107843,-1.3728439255365863,-0.2302570331216299,1.6272778305624314,1.2441545939587682,0,0,1,0,0,0,0,0,0,0,0.0
29031_2010,0.07532772248651269,-0.02881267399857985,0.82760484482261,0.5523505889862281,0.2903601376615203,0.33796225231602395,0.5488742574582496,1.7950876478233624,0.4246017629845376,0.2944668414621461,-10.746817218107843,-10.035283148190548,-0.2302570331216299,1.0169376687210163,1.2441545939587682,2.1849270495258133,0,0,1,0,0,0,0,0,0,0,0.0
29052_2008,0.0,0.0,0.0,0.0,0.0,0.0,0.0,0.0,0.0,0.0,0.0,0.0,0.0,0.0,0.0,0.0,0,0,0,0,0,1,0,0,0,0,0.0
29052_2009,0.0,-0.2708196274879222,0.0,0.9819713896276284,0.0,0.07943581742006034,0.0,373.4107,0.0,0.6356009343453961,0.0,-9.953581735997847,0.0,-1.771877950248436,0.0,0.26236426446749106,0,0,0,0,0,1,0,0,0,0,0.0
29052_2010,-0.2708196274879222,0.0,0.9819713896276284,0.0,0.07943581742006034,0.0,373.4107,0.0,0.6356009343453961,0.0,-9.953581735997847,0.0,-1.771877950248436,0.0,0.26236426446749106,0.0,0,0,0,0,0,1,0,0,0,0,0.0
29106_2008,0.0,0.0,0.0,0.0,0.0,0.0,0.0,0.0,0.0,0.0,0.0,0.0,0.0,0.0,0.0,0.0,0,0,0,0,0,0,0,0,0,1,0.0
29106_2009,0.0,0.0733536187785264,0.0,0.035064585877942436,0.0,0.12785799780206994,0.0,1.636406008979691,0.0,0.12081417273862186,0.0,-9.24052298606542,0.0,0.3454204364568759,0.0,2.7080502011022096,0,0,0,0,0,0,0,0,0,1,0.0
29106_2010,0.0733536187785264,0.0,0.035064585877942436,0.0,0.12785799780206994,0.0,1.636406008979691,0.0,0.12081417273862186,0.0,-9.24052298606542,0.0,0.3454204364568759,0.0,2.7080502011022096,0.0,0,0,0,0,0,0,0,0,0,1,0.0
2913_2008,0.03707287715834502,0.029138040499037336,0.06992431720960843,0.07360645837312177,0.36700524757105,0.4631245064083043,1.9111285288071842,1.5890680462501652,0.15567057773507606,0.07759355976398179,-11.905919346973256,-12.052385824844706,0.292712012389107,-0.2931362843743168,1.3532545070416904,1.1731011406588492,0,0,0,0,0,1,0,0,0,0,0.0
2913_2009,0.029138040499037336,-0.036957087781482816,0.07360645837312177,0.1048867349252879,0.4631245064083043,0.6492058425796048,1.5890680462501652,1.0450966672370905,0.07759355976398179,0.1336935996126619,-12.052385824844706,-12.123753061341974,-0.2931362843743168,-0.17737132258728078,1.1731011406588492,0.6523251860396901,0,0,0,0,0,1,0,0,0,0,0.0
2913_2010,-0.036957087781482816,-0.021146750943827942,0.1048867349252879,0.08392560919803227,0.6492058425796048,0.4596871067383595,1.0450966672370905,1.2630619555310625,0.1336935996126619,0.16202247453458948,-12.123753061341974,-12.174161779341045,-0.17737132258728078,0.11528377426798064,0.6523251860396901,0.8372475245337022,0,0,0,0,0,1,0,0,0,0,0.0
29231_2008,0.0,0.051714606701499716,0.0,0.21163882118227784,0.0,0.004557486588772517,0.0,2.61444972431344,0.0,0.09535970694531128,0.0,-9.651957277940411,0.0,-0.1759991035397455,0.0,2.7080502011022096,1,0,0,0,0,0,0,0,0,0,0.0
29231_2009,0.051714606701499716,0.07854303164241487,0.21163882118227784,0.29779742208503235,0.004557486588772517,0.008968053311874063,2.61444972431344,1.4112074275599635,0.09535970694531128,0.2925151775290165,-9.651957277940411,-10.189045633649462,-0.1759991035397455,-0.1645078496482985,2.7080502011022096,2.7080502011022096,1,0,0,0,0,0,0,0,0,0,0.0
29231_2010,0.07854303164241487,-0.08044135277750361,0.29779742208503235,0.40795828525024574,0.008968053311874063,0.16174520314508747,1.4112074275599635,1.3305072500672537,0.2925151775290165,0.19548943172765776,-10.189045633649462,-10.122160255464221,-0.1645078496482985,0.29333831978997826,2.7080502011022096,2.7080502011022096,1,0,0,0,0,0,0,0,0,0,0.0
29244_2008,0.02973708068902992,0.035722527136903916,0.5343608340888486,0.6038215638277173,0.016455122393472348,0.020089679605807903,1.122549341026818,0.8842030216337342,0.07583547030105152,0.0598003442317658,-13.336832341390837,-13.518282459707386,-0.05428585061991184,-0.2419909271733716,2.0386195471595814,1.8531680973566984,0,0,0,0,0,0,1,0,0,0,0.0
29244_2009,0.035722527136903916,0.047432326455555854,0.6038215638277173,0.7037237350928905,0.020089679605807903,0.02171502744801104,0.8842030216337342,0.5205541935116027,0.0598003442317658,0.2520176942516336,-13.518282459707386,-13.482373370891287,-0.2419909271733716,0.1201006351370269,1.8531680973566984,1.3862943611198906,0,0,0,0,0,0,1,0,0,0,0.0
29244_2010,0.047432326455555854,-0.1225090883534906,0.7037237350928905,0.7156319680038845,0.02171502744801104,0.007826525853091317,0.5205541935116027,0.5081086881574111,0.2520176942516336,0.08462210315690198,-13.482373370891287,-13.924577802083032,0.1201006351370269,-0.5411493527623383,1.3862943611198906,1.1786549963416462,0,0,0,0,0,0,1,0,0,0,0.0
29298_2008,0.1174452719476416,0.0066643735488864046,0.6881516587677725,0.8217602545360735,0.02924847664184157,0.018488262103362282,1.5591361451492791,0.7927068294595135,0.1805731386503313,0.2284746340030414,-15.129906927342374,-15.864533956583474,-0.0012565771229555713,-0.7818822436815088,1.2527629684953678,0.5187937934151675,0,0,0,0,0,0,0,0,0,0,0.0
29298_2009,0.0066643735488864046,1.328275684711328,0.8217602545360735,0.3056877116283057,0.018488262103362282,0.016287343020016287,0.7927068294595135,0.4207128146126217,0.2284746340030414,0.3301149547245429,-15.864533956583474,-13.789605163594091,-0.7818822436815088,1.344945013948048,0.5187937934151675,1.425515074273172,0,0,0,0,0,0,0,0,0,0,0.0
29298_2010,1.328275684711328,-0.13103207024741936,0.3056877116283057,0.4054879314127154,0.016287343020016287,0.00919003207617647,0.4207128146126217,0.5744342363286072,0.3301149547245429,0.21277497413600527,-13.789605163594091,-13.805539247639912,1.344945013948048,0.10392646877099893,1.425515074273172,1.6389967146756448,0,0,0,0,0,0,0,0,0,0,0.0
29327_2008,0.012750820275699263,0.037597048752879225,0.3770127887208031,0.4701720460343944,0.04045204500416906,0.09517351782552612,1.553924363985532,0.8348669119786187,0.06342862042446658,0.12935226995864268,-10.205635490987273,-10.919372053827601,-0.4504508382875275,-0.7458791545964032,2.7080502011022096,2.039920783517553,0,1,0,0,0,0,0,0,0,0,0.0
29327_2009,0.037597048752879225,-0.4011617897428376,0.4701720460343944,0.5692163976866229,0.09517351782552612,0.09490075050852212,0.8348669119786187,0.8912436924903531,0.12935226995864268,0.1842381187494548,-10.919372053827601,-10.947920570922694,-0.7458791545964032,-0.2938333120039565,2.039920783517553,1.5040773967762742,0,1,0,0,0,0,0,0,0,0,0.0
29327_2010,-0.4011617897428376,-0.4955236584365867,0.5692163976866229,0.7204509355373703,0.09490075050852212,0.005395177256893215,0.8912436924903531,1.0655753527071379,0.1842381187494548,0.4470131025729703,-10.947920570922694,-12.035723580705936,-0.2938333120039565,-0.6968560707398486,1.5040773967762742,0.636576829071551,0,1,0,0,0,0,0,0,0,0,0.0
29335_2008,0.02789291209592641,0.0,0.2655439959350477,0.0,0.022474408506022867,0.0,2.712487300181759,0.0,0.058488270794711035,0.0,-7.067511196102688,0.0,0.1426035216973584,0.0,2.7080502011022096,0.0,0,0,0,0,0,0,0,0,0,1,0.0
29335_2009,0.0,0.024910680871841336,0.0,0.5060407319566699,0.0,0.01357436830871597,0.0,1.2167704324414166,0.0,0.22020497193358304,0.0,-7.385889647864857,0.0,-0.25333077343226024,0.0,2.7080502011022096,0,0,0,0,0,0,0,0,0,1,0.0
29335_2010,0.024910680871841336,0.0,0.5060407319566699,0.0,0.01357436830871597,0.0,1.2167704324414166,0.0,0.22020497193358304,0.0,-7.385889647864857,0.0,-0.25333077343226024,0.0,2.7080502011022096,0.0,0,0,0,0,0,0,0,0,0,1,0.0
29347_2008,0.01508594424595206,0.0,0.8669673972246741,0.0,0.0020537840780595674,0.0,1.2830435547048429,0.0,0.043950432506832976,0.0,-9.591333205083556,0.0,-0.0743676771744375,0.0,2.7080502011022096,0.0,0,0,0,0,0,1,0,0,0,0,0.0
29347_2009,0.0,0.0,0.0,0.0,0.0,0.0,0.0,0.0,0.0,0.0,0.0,0.0,0.0,0.0,0.0,0.0,0,0,0,0,0,1,0,0,0,0,0.0
29347_2010,0.0,0.0,0.0,0.0,0.0,0.0,0.0,0.0,0.0,0.0,0.0,0.0,0.0,0.0,0.0,0.0,0,0,0,0,0,1,0,0,0,0,0.0
29432_2008,0.01869091226017108,0.038701840980220704,0.2141493817192285,0.20330749831064515,0.03720687308742171,0.03536106250368233,1.5862210532469656,1.8014381016969108,0.08037372148144159,0.07350532991472145,-9.39880269839514,-9.318070937411576,-0.1636534233520908,0.03665282668721079,2.6679224100114314,2.7080502011022096,0,0,1,0,0,0,0,0,0,0,0.0
29432_2009,0.038701840980220704,0.07687175093255323,0.20330749831064515,0.3194122545019971,0.03536106250368233,0.044533249448460065,1.8014381016969108,1.01202852703426,0.07350532991472145,0.10407880293730573,-9.318070937411576,-9.479401819585952,0.03665282668721079,-0.2406722675493294,2.7080502011022096,2.2289385528257477,0,0,1,0,0,0,0,0,0,0,0.0
29432_2010,0.07687175093255323,-0.02366790119225113,0.3194122545019971,0.25753654372024354,0.044533249448460065,0.12146317260615695,1.01202852703426,0.6994650464878733,0.10407880293730573,0.15347135037175802,-9.479401819585952,-9.924356975174575,-0.2406722675493294,-0.3059370047151072,2.2289385528257477,2.020222182019865,0,0,1,0,0,0,0,0,0,0,0.0
29434_2008,0.0832624429059404,0.07945919922971997,0.0064652069782355475,0.007060900264783759,0.006448847648837179,0.00705287651448287,6.316104756734497,5.992852161785216,0.06692678898035233,0.035313444373732836,-10.643492614444344,-10.85883192844124,-0.05104066572860784,-0.1527698059109486,2.7080502011022096,2.7080502011022096,0,0,0,0,0,0,0,0,0,0,0.0
29434_2009,0.07945919922971997,0.18350680544435552,0.007060900264783759,0.00898496575037808,0.00705287651448287,0.00898496575037808,5.992852161785216,5.182938176945696,0.035313444373732836,0.1562517616091064,-10.85883192844124,-10.757668186690774,-0.1527698059109486,-0.037151439957603116,2.7080502011022096,2.7080502011022096,0,0,0,0,0,0,0,0,0,0,0.0
29434_2010,0.18350680544435552,0.05563750073750664,0.00898496575037808,0.005251047259425335,0.00898496575037808,0.005251047259425335,5.182938176945696,5.813592634736732,0.1562517616091064,0.2158235250415593,-10.757668186690774,-10.800975086343913,-0.037151439957603116,-0.28055216649002124,2.7080502011022096,2.7080502011022096,0,0,0,0,0,0,0,0,0,0,0.0
29468_2008,0.04991970448928861,0.0810444499764888,0.15187903111051745,0.09703708732834944,0.008682950344559216,0.006135540116122639,1.5284387162816695,1.5117967492578748,0.12114241053310415,0.08390799942978215,-12.911269412047027,-12.751485136567855,0.0657296847677315,0.2772712082460531,2.151762203259462,2.322387720290225,1,0,0,0,0,0,0,0,0,0,0.0
29468_2009,0.0810444499764888,0.047405416542151656,0.09703708732834944,0.09605443641567536,0.006135540116122639,0.004825923375473544,1.5117967492578748,1.7144529829468946,0.08390799942978215,0.2817895405200989,-12.751485136567855,-12.631450419557913,0.2772712082460531,0.015715253637407,2.322387720290225,1.9227877316344588,1,0,0,0,0,0,0,0,0,0,0.0
29468_2010,0.047405416542151656,-0.08907173669915322,0.09605443641567536,0.09961655216488256,0.004825923375473544,0.0037013367417585343,1.7144529829468946,1.41778935054153,0.2817895405200989,0.17507652563521475,-12.631450419557913,-12.451355107273226,0.015715253637407,-0.12842621152307318,1.9227877316344588,2.21467149093994,1,0,0,0,0,0,0,0,0,0,0.0
29489_2008,-0.08696201971836202,-0.014801275783856056,0.3840721239895676,0.4814152325658232,0.04055148137831363,0.04341707563264443,1.5541271738567537,1.1319350431736814,0.1015474106805576,0.08091741982004481,-6.2199467385590435,-6.609595767289448,-0.34640096775771434,-0.4784446687078499,2.7080502011022096,2.4535879665305735,0,0,0,0,1,0,0,0,0,0,0.0
29489_2009,-0.014801275783856056,-0.0795695969509931,0.4814152325658232,0.5457708356682802,0.04341707563264443,0.06413246984114915,1.1319350431736814,0.8927553573317066,0.08091741982004481,0.1630123645242433,-6.609595767289448,-6.515623063378857,-0.4784446687078499,-0.03072225459755662,2.4535879665305735,2.046401687601636,0,0,0,0,1,0,0,0,0,0,0.0
29489_2010,-0.0795695969509931,-0.038719007512091855,0.5457708356682802,0.4863862836348241,0.06413246984114915,0.03263729023458279,0.8927553573317066,1.0938176280869178,0.1630123645242433,0.13720061645935566,-6.515623063378857,-6.5934514538872815,-0.03072225459755662,-0.2821462338466461,2.046401687601636,2.19722457733622,0,0,0,0,1,0,0,0,0,0,0.0
29494_2008,0.0423178465364001,0.05829008974734819,0.1312185661173941,0.23977939868733544,0.02368038416026126,0.03569258334652301,3.109796044378672,2.0471543569818613,0.06635435651392615,0.06704138647672513,-6.343565554915269,-6.797613753417674,0.3277660564933154,-0.454095640947653,2.7080502011022096,2.7080502011022096,0,0,1,0,0,0,0,0,0,0,0.0
29494_2009,0.05829008974734819,0.056042630394103184,0.23977939868733544,0.2909784030066713,0.03569258334652301,0.04280770412024152,2.0471543569818613,1.5583760336991308,0.06704138647672513,0.11895395170064695,-6.797613753417674,-6.5678147447140525,-0.454095640947653,0.1908928970723998,2.7080502011022096,2.7080502011022096,0,0,1,0,0,0,0,0,0,0,0.0
29494_2010,0.056042630394103184,0.04771169234961549,0.2909784030066713,0.25550550080666945,0.04280770412024152,0.10914470893701142,1.5583760336991308,1.7951571959281916,0.11895395170064695,0.0787713307623982,-6.5678147447140525,-6.3975882897828384,0.1908928970723998,0.08794169697901527,2.7080502011022096,2.7080502011022096,0,0,1,0,0,0,0,0,0,0,0.0
2949_2008,0.04651105817521015,0.0711239014789662,0.1839546576627599,0.35482560961075843,0.033253064830146374,0.07990347697341507,6.1840501651203015,8.677246683318536,0.08204198073649534,0.08269960780978124,-8.601548446587035,-8.781600883666046,0.0772905071688075,-0.16612258196449772,2.7080502011022096,2.7080502011022096,0,1,0,0,0,0,0,0,0,0,0.0
2949_2009,0.0711239014789662,0.044583030649522314,0.35482560961075843,0.4978219878262101,0.07990347697341507,0.13388021850930082,8.677246683318536,9.140754036069236,0.08269960780978124,0.13305675777516965,-8.781600883666046,-9.325947109753383,-0.16612258196449772,-0.4713775423844511,2.7080502011022096,2.567254391136754,0,1,0,0,0,0,0,0,0,0,0.0
2949_2010,0.044583030649522314,0.01583954307787621,0.4978219878262101,0.3864736570768028,0.13388021850930082,0.08222010170106059,9.140754036069236,6.0326189277372535,0.13305675777516965,0.12583065087591075,-9.325947109753383,-9.314653981826687,-0.4713775423844511,0.07828174356895551,2.567254391136754,2.7080502011022096,0,1,0,0,0,0,0,0,0,0,0.0
29505_2008,0.008190561136961374,0.007589863283833694,0.8464572327469815,0.8721909854447099,0.01486702696535843,0.016822419140017125,1.618095294120926,1.3205069607723636,0.043448287931845166,0.07325732225169035,-9.459413962646169,-9.712950015357952,-0.11022972453438463,-0.22783013122022625,2.5974910105351463,2.365559892155434,0,0,0,0,0,1,0,0,0,0,0.0
29505_2009,0.007589863283833694,0.0063121587292788136,0.8721909854447099,0.8457476703450748,0.016822419140017125,0.012974740641430298,1.3205069607723636,1.5198327861386376,0.07325732225169035,0.13052360953347114,-9.712950015357952,-8.935211969870531,-0.22783013122022625,0.4852823967314963,2.365559892155434,2.5160822672564502,0,0,0,0,0,1,0,0,0,0,0.0
29505_2010,0.0063121587292788136,-0.003234335123931585,0.8457476703450748,0.9361714022229092,0.012974740641430298,0.01443699259191531,1.5198327861386376,0.6443292401269936,0.13052360953347114,0.1132510959191272,-8.935211969870531,-10.130578066742805,0.4852823967314963,-1.0205496841574593,2.5160822672564502,1.5368672195992648,0,0,0,0,0,1,0,0,0,0,0.0
29506_2008,0.14426815204680726,0.031303033386619744,0.42013624512003744,0.3927219729322519,0.15443705479493555,0.025135978834242047,1.1732255857914469,1.4011751124282783,0.11765851892698695,0.07047244301046844,-11.433939042518125,-11.311646284791529,-0.127630881542388,0.09813190020349837,1.9459101490553128,2.0681277817795625,0,1,0,0,0,0,0,0,0,0,0.0
29506_2009,0.031303033386619744,0.02329811790409366,0.3927219729322519,0.3990838517111448,0.025135978834242047,0.06336068179663229,1.4011751124282783,1.7546628721235558,0.07047244301046844,0.13815490147991766,-11.311646284791529,-11.25013210454258,0.09813190020349837,0.2053604790878504,2.0681277817795625,1.80005827204275,0,1,0,0,0,0,0,0,0,0,0.0
29506_2010,0.02329811790409366,-0.06412464998431221,0.3990838517111448,0.44324861917701175,0.06336068179663229,0.009992836888249536,1.7546628721235558,1.3151899849388111,0.13815490147991766,0.170719074038582,-11.25013210454258,-11.439536356426322,0.2053604790878504,0.1304305900279663,1.80005827204275,1.840549633397487,0,1,0,0,0,0,0,0,0,0,0.0
29540_2008,0.038954869092694695,0.032780091082699817,0.2494215606076788,0.2205484632828376,0.0014194081855637742,0.0004734592594782472,3.1715814949965138,3.7685266172131375,0.033347376632079866,0.0356400175244558,-6.498946607802438,-6.1294093595697605,0.013848153770324377,0.3243177036636939,2.7080502011022096,2.7080502011022096,1,0,0,0,0,0,0,0,0,0,0.0
29540_2009,0.032780091082699817,0.04492128185233258,0.2205484632828376,0.32431607533851675,0.0004734592594782472,0.0011870198342482598,3.7685266172131375,3.3547920207924413,0.0356400175244558,0.08391969346937916,-6.1294093595697605,-6.061252109417594,0.3243177036636939,0.113087251170587,2.7080502011022096,2.7080502011022096,1,0,0,0,0,0,0,0,0,0,0.0
29540_2010,0.04492128185233258,0.037677743176015376,0.32431607533851675,0.2604691830884189,0.0011870198342482598,0.0013520721235412215,3.3547920207924413,3.397355879751969,0.08391969346937916,0.07387301296788855,-6.061252109417594,-5.9987061383707045,0.113087251170587,-0.042121033674468566,2.7080502011022096,2.7080502011022096,1,0,0,0,0,0,0,0,0,0,0.0
29553_2008,0.11136358625009964,0.07527886520046673,0.09019986871795337,0.09683710539482507,0.04224404099934924,0.06720161872811428,1.9723246137957628,1.9044980694865183,0.04770521813676691,0.0735525438452979,-9.892810221260769,-10.016835367872977,0.08560029503102222,-0.1354164151650809,2.7080502011022096,2.7080502011022096,0,0,0,0,0,0,0,0,0,1,0.0
29553_2009,0.07527886520046673,0.08357396394012045,0.09683710539482507,0.08758766107050202,0.06720161872811428,0.0410664999997083,1.9044980694865183,1.626866582981402,0.0735525438452979,0.11137509725681133,-10.016835367872977,-9.725235597592784,-0.1354164151650809,0.17020658896997906,2.7080502011022096,2.7080502011022096,0,0,0,0,0,0,0,0,0,1,0.0
29553_2010,0.08357396394012045,0.0,0.08758766107050202,0.0,0.0410664999997083,0.0,1.626866582981402,0.0,0.11137509725681133,0.0,-9.725235597592784,0.0,0.17020658896997906,0.0,2.7080502011022096,0.0,0,0,0,0,0,0,0,0,0,1,0.0
29554_2008,0.0,0.0,0.0,0.0,0.0,0.0,0.0,0.0,0.0,0.0,0.0,0.0,0.0,0.0,0.0,0.0,0,0,0,0,0,0,0,0,0,1,0.0
29554_2009,0.0,0.0,0.0,0.0,0.0,0.0,0.0,0.0,0.0,0.0,0.0,0.0,0.0,0.0,0.0,0.0,0,0,0,0,0,0,0,0,0,1,0.0
29554_2010,0.0,0.032758184389668515,0.0,0.3150931127384459,0.0,0.004650161333389878,0.0,2.0132381819800766,0.0,0.08648325891180167,0.0,-8.69899883327157,0.0,-0.011923159828955143,0.0,2.7080502011022096,0,0,0,0,0,0,0,0,0,1,0.0
29577_2008,0.014437306826655425,0.015126766756875656,0.8463714666036734,0.8756789854342127,0.0828221481481814,0.10009041856799143,1.0494283037585468,0.971900057175825,0.0443458591595026,0.06787491063651209,-10.177237026485939,-10.273006984435744,-0.1363743001908584,-0.042393363117696994,2.7080502011022096,2.7080502011022096,0,0,0,0,0,1,0,0,0,0,0.0
29577_2009,0.015126766756875656,0.012798859190419851,0.8756789854342127,0.8785826223030159,0.10009041856799143,0.20912140994716494,0.971900057175825,0.9186726246342836,0.06787491063651209,0.16514623320077426,-10.273006984435744,-9.902476150687981,-0.042393363117696994,0.3489864230722598,2.7080502011022096,2.6644465636200785,0,0,0,0,0,1,0,0,0,0,0.0
29577_2010,0.012798859190419851,0.014923467382314143,0.8785826223030159,0.8618175924781938,0.20912140994716494,0.11548699679132668,0.9186726246342836,0.770998334973105,0.16514623320077426,0.1372543872143304,-9.902476150687981,-10.166461396967623,0.3489864230722598,-0.015229597132937091,2.6644465636200785,2.631888840136646,0,0,0,0,0,1,0,0,0,0,0.0
29602_2008,0.07150518078845634,0.0,0.4742406962458514,0.0,0.0582965978576548,0.0,1.046884568840487,0.0,0.0436697819388112,0.0,-7.982747933253492,0.0,-0.16479329658258068,0.0,2.7080502011022096,0.0,0,0,0,0,0,1,0,0,0,0,0.0
29602_2009,0.0,-0.06431760372621306,0.0,0.9532852985026766,0.0,0.2971078563005448,0.0,0.16054656319144833,0.0,0.5193223749928089,0.0,-10.177369021819397,0.0,-0.4884477148386725,0.0,1.3029127521808397,0,0,0,0,0,1,0,0,0,0,0.0
29602_2010,-0.06431760372621306,-0.022149666313350042,0.9532852985026766,0.9093754683507316,0.2971078563005448,0.22573640274944104,0.16054656319144833,0.3244192004118994,0.5193223749928089,0.4532524213218056,-10.177369021819397,-9.705444250641282,-0.4884477148386725,0.5231658993439926,1.3029127521808397,1.9892432737616872,0,0,0,0,0,1,0,0,0,0,0.0
29610_2008,0.031965921106614364,-0.038358601650988915,0.2819388994049722,0.2281199580503752,0.048833606408773295,0.08375551207863531,1.4212218955785232,1.5899165685208274,0.0509062208235987,0.033520667902339894,-9.3329701351637,-9.208473737832033,-0.05408684068204099,0.12532862800133612,2.7080502011022096,2.7080502011022096,1,0,0,0,0,0,0,0,0,0,0.0
29610_2009,-0.038358601650988915,0.0582639351711873,0.2281199580503752,0.31773643179513283,0.08375551207863531,0.17057329920213382,1.5899165685208274,1.0664367728483208,0.033520667902339894,0.10677003876518712,-9.208473737832033,-9.234416922063822,0.12532862800133612,0.14717768744877596,2.7080502011022096,2.7080502011022096,1,0,0,0,0,0,0,0,0,0,0.0
29610_2010,0.0582639351711873,-0.017689335395850173,0.31773643179513283,0.2411469135878642,0.17057329920213382,0.2377950387643692,1.0664367728483208,1.3541862044683908,0.10677003876518712,0.11167705400168558,-9.234416922063822,-9.182888922831117,0.14717768744877596,0.06838045863136405,2.7080502011022096,2.7080502011022096,1,0,0,0,0,0,0,0,0,0,0.0
29637_2008,-0.010563534377513556,-0.060726632430113975,0.3802268745369022,0.5928926535998944,0.008088649180496094,0.02330405782332105,1.8925980764206,1.095719776271776,0.13033733322211594,0.12917121719718352,-9.425268758069652,-10.199250180502727,0.10062136393150288,-0.7719758339021779,2.66095859356836,1.8961194845522975,0,0,0,1,0,0,0,0,0,0,0.0
29637_2009,-0.060726632430113975,-0.17159420095441585,0.5928926535998944,0.87557757587978,0.02330405782332105,0.020540999625650758,1.095719776271776,0.4137938758419008,0.12917121719718352,0.40461296742808056,-10.199250180502727,-11.354527698965633,-0.7719758339021779,-1.0751537181490278,1.8961194845522975,0.2468600779315258,0,0,0,1,0,0,0,0,0,0,0.0
29637_2010,-0.17159420095441585,0.07231066008187162,0.87557757587978,0.419224379002262,0.020540999625650758,0.02741594351570348,0.4137938758419008,1.585487450968025,0.40461296742808056,0.40134906756527977,-11.354527698965633,-9.60847171986678,-1.0751537181490278,2.108543232192752,0.2468600779315258,2.1041341542702074,0,0,0,1,0,0,0,0,0,0,0.0
29709_2008,0.0,0.0,0.0,0.0,0.0,0.0,0.0,0.0,0.0,0.0,0.0,0.0,0.0,0.0,0.0,0.0,0,0,0,0,0,0,0,0,0,1,0.0
29709_2009,0.0,0.0,0.0,0.0,0.0,0.0,0.0,0.0,0.0,0.0,0.0,0.0,0.0,0.0,0.0,0.0,0,0,0,0,0,0,0,0,0,1,0.0
29709_2010,0.0,0.0,0.0,0.0,0.0,0.0,0.0,0.0,0.0,0.0,0.0,0.0,0.0,0.0,0.0,0.0,0,0,0,0,0,0,0,0,0,1,0.0
29710_2008,0.034530297473150506,0.03874714156928317,0.3112372013514016,0.2681190064404217,0.08004759958184753,0.10521452289633346,1.3736081553384918,1.4578769889668344,0.10966263682951913,0.1008992276819062,-10.523870206537033,-10.32299835378262,0.13174062919041793,0.06445164068285346,2.7080502011022096,2.7080502011022096,0,1,0,0,0,0,0,0,0,0,0.0
29710_2009,0.03874714156928317,-0.0680076455088665,0.2681190064404217,0.4899758213796888,0.10521452289633346,0.1210106783881724,1.4578769889668344,0.8887014087451782,0.1008992276819062,0.12437392113368527,-10.32299835378262,-10.718601699856864,0.06445164068285346,-0.2530873955446718,2.7080502011022096,2.601207105484161,0,1,0,0,0,0,0,0,0,0,0.0
29710_2010,-0.0680076455088665,-0.019011016376944433,0.4899758213796888,0.364639894637122,0.1210106783881724,0.14657801705214998,0.8887014087451782,1.0245721828247158,0.12437392113368527,0.1502666315400418,-10.718601699856864,-10.833175423003373,-0.2530873955446718,0.16681246289670226,2.601207105484161,2.7080502011022096,0,1,0,0,0,0,0,0,0,0,0.0
29717_2008,0.02930340271395597,0.032270705586597316,0.5480755035211479,0.3628948860476337,0.0205423444792313,0.06787182165779751,1.7337555057447842,2.2798799205935616,0.12778681078068013,0.10880522447605454,-10.331649441562913,-9.599738907200353,3.081074852719563,0.6387023167134445,2.7080502011022096,2.7080502011022096,0,1,0,0,0,0,0,0,0,0,0.0
29717_2009,0.032270705586597316,0.09793934496393043,0.3628948860476337,0.6253988821929558,0.06787182165779751,0.1916359422157368,2.2798799205935616,0.7666536626808406,0.10880522447605454,0.3068717882963264,-9.599738907200353,-10.166085656547144,0.6387023167134445,-0.44731415461581103,2.7080502011022096,2.363680192353857,0,1,0,0,0,0,0,0,0,0,0.0
29717_2010,0.09793934496393043,0.0663321952345975,0.6253988821929558,0.4884398392832371,0.1916359422157368,0.2295854354673663,0.7666536626808406,0.9904547065452084,0.3068717882963264,0.2597441245614665,-10.166085656547144,-9.956981611815552,-0.44731415461581103,0.3725265796133225,2.363680192353857,2.7080502011022096,0,1,0,0,0,0,0,0,0,0,0.0
2971_2008,0.035894534156133084,0.028120003366678505,0.2587536659394689,0.2303953072196074,0.03442209339519905,0.03119586276316685,2.5245258406330926,3.097721943692063,0.05373809698756028,0.030665980324328438,-9.168707751674548,-8.847864983485017,-0.1882380184860395,0.2850177957981568,2.7080502011022096,2.7080502011022096,0,1,0,0,0,0,0,0,0,0,0.0
2971_2009,0.028120003366678505,0.05269812814710278,0.2303953072196074,0.3597057699069907,0.03119586276316685,0.03808495262728478,3.097721943692063,1.9591521421944595,0.030665980324328438,0.12936455973192593,-8.847864983485017,-9.124379141853966,0.2850177957981568,-0.20390426958358027,2.7080502011022096,2.7080502011022096,0,1,0,0,0,0,0,0,0,0,0.0
2971_2010,0.05269812814710278,0.031143186943210787,0.3597057699069907,0.3135020875178582,0.03808495262728478,0.04458593732073066,1.9591521421944595,1.96703556650584,0.12936455973192593,0.11163324799761416,-9.124379141853966,-9.250031082433443,-0.20390426958358027,0.005030699151053808,2.7080502011022096,2.7080502011022096,0,1,0,0,0,0,0,0,0,0,0.0
29745_2008,0.12353074998104195,0.10531179536465457,0.0005403048456813529,0.0008255399894035168,0.000587700007583226,0.0009117904360576155,5.848527038045738,5.6710071751262285,0.1538677963109363,0.0946216664039835,-11.70126868225593,-11.974658197844038,-0.6231894285205297,-0.4351118311198222,2.3860067011331183,2.1234584270966104,0,0,0,0,0,0,0,0,0,0,0.0
29745_2009,0.10531179536465457,0.20173345943733148,0.0008255399894035168,0.0004375996950918253,0.0009117904360576155,0.0006352253638429721,5.6710071751262285,5.845399461770872,0.0946216664039835,0.08732288282017213,-11.974658197844038,-11.616260388628435,-0.4351118311198222,0.12671811919929155,2.1234584270966104,1.9878743481543453,0,0,0,0,0,0,0,0,0,0,1.0
29745_2010,0.20173345943733148,0.06582278481012659,0.0004375996950918253,0.004078762306610408,0.0006352253638429721,0.0018284106891701829,5.845399461770872,4.163885744527587,0.08732288282017213,0.22157914660929168,-11.616260388628435,-12.767116186916091,0.12671811919929155,-1.3243565675572029,1.9878743481543453,1.0715836162801904,0,0,0,0,0,0,0,0,0,0,1.0
29758_2008,0.005367976014519872,0.0,0.5796326428583762,0.0,0.0005180135583997352,0.0,7.54383028263542,0.0,0.05199781693065144,0.0,-9.193598853929153,0.0,0.06324302633186654,0.0,2.7080502011022096,0.0,0,0,0,0,0,0,0,0,0,1,0.0
29758_2009,0.0,0.006640256563579613,0.0,0.6513687896839951,0.0,0.01643901575746705,0.0,5.756389792721031,0.0,0.11200000904389973,0.0,-9.016146200186137,0.0,0.2905591101051329,0.0,2.7080502011022096,0,0,0,0,0,0,0,0,0,1,0.0
29758_2010,0.006640256563579613,0.0,0.6513687896839951,0.0,0.01643901575746705,0.0,5.756389792721031,0.0,0.11200000904389973,0.0,-9.016146200186137,0.0,0.2905591101051329,0.0,2.7080502011022096,0.0,0,0,0,0,0,0,0,0,0,1,0.0
29768_2008,0.032715003645220925,0.035721856458777186,0.4898971926805436,0.6121409513557523,0.028381211790226606,0.04331486102594185,1.3666444822665154,0.8176960717653141,0.08649796865454791,0.09690250483163368,-11.215546372445809,-11.712800513977413,-0.151787533373417,-0.4683358186127254,2.262804222982201,1.7732559976634952,0,0,0,0,0,0,0,1,0,0,0.0
29768_2009,0.035721856458777186,-0.3611159989833226,0.6121409513557523,0.8492026251132357,0.04331486102594185,0.037973336113989516,0.8176960717653141,0.452484130740018,0.09690250483163368,0.2533134262208219,-11.712800513977413,-12.704652521094234,-0.4683358186127254,-0.8420364848625468,1.7732559976634952,0.5007752879124892,0,0,0,0,0,0,0,1,0,0,0.0
29768_2010,-0.3611159989833226,-0.013462621794738049,0.8492026251132357,0.7211604665233993,0.037973336113989516,0.06728181268125769,0.452484130740018,0.8481425364313535,0.2533134262208219,0.4820861520344888,-12.704652521094234,-12.283073818162231,-0.8420364848625468,0.7483528308846424,0.5007752879124892,2.5289235352047745,0,0,0,0,0,0,0,1,0,0,0.0
29780_2008,0.054616789426212,0.04780214866953667,0.25165908649050056,0.2713412560501893,0.11078701032965,0.1021123830745578,2.3808448003270763,2.2253014300549734,0.08057653066346092,0.035547590567304665,-9.315379750396993,-9.62690443213106,-0.26820055670647946,-0.2959281991812318,2.7080502011022096,2.7080502011022096,0,0,1,0,0,0,0,0,0,0,0.0
29780_2009,0.04780214866953667,0.05318554604572169,0.2713412560501893,0.35370329733533745,0.1021123830745578,0.06811765003265939,2.2253014300549734,1.7263674822438788,0.035547590567304665,0.16011752295116405,-9.62690443213106,-9.853907259744144,-0.2959281991812318,-0.3470250714523065,2.7080502011022096,2.6651427000909336,0,0,1,0,0,0,0,0,0,0,0.0
29780_2010,0.05318554604572169,-0.08225591053844235,0.35370329733533745,0.5316916393947844,0.06811765003265939,0.08268212314453104,1.7263674822438788,0.9824331313728388,0.16011752295116405,0.18382421389176504,-9.853907259744144,-10.149649899692145,-0.3470250714523065,-0.13268566077693253,2.6651427000909336,2.596746131543536,0,0,1,0,0,0,0,0,0,0,0.0
29794_2008,0.05138979530620783,0.03605605031396159,0.062125824966279115,0.0701093840859852,0.11190196248115504,0.08650304949356305,3.660737211111424,3.7765266311327337,0.10997270431567187,0.07964012375375785,-11.38861566438629,-11.502646061916325,-0.7140951129745512,-0.20355422033229906,2.1610215286722587,2.102913897864978,0,0,0,1,0,0,0,0,0,0,0.0
29794_2009,0.03605605031396159,0.0399340208471945,0.0701093840859852,0.10790918163672657,0.08650304949356305,0.06861277445109781,3.7765266311327337,3.0745087922954557,0.07964012375375785,0.06122524297003189,-11.502646061916325,-11.71178383788964,-0.20355422033229906,-0.13367988563907268,2.102913897864978,1.5040773967762742,0,0,0,1,0,0,0,0,0,0,0.0
29794_2010,0.0399340208471945,0.047910784974873034,0.10790918163672657,0.22644751530668614,0.06861277445109781,0.109747130115405,3.0745087922954557,2.6889981683259454,0.06122524297003189,0.13768504471190268,-11.71178383788964,-12.406899999053119,-0.13367988563907268,-0.6669972105118749,1.5040773967762742,1.1878434223960523,0,0,0,1,0,0,0,0,0,0,0.0
29796_2008,0.03173603138303309,0.034018553880274034,0.727753323563115,0.7312141684125775,0.05874952100277753,0.0621914059106794,1.3337197433290124,1.1950643025466048,0.04554796238235243,0.03845606263197167,-6.468244149663428,-6.44882853566857,-0.0040086973289014255,0.049968727700459535,2.7080502011022096,2.7080502011022096,0,0,0,0,0,1,0,0,0,0,0.0
29796_2009,0.034018553880274034,0.0,0.7312141684125775,0.0,0.0621914059106794,0.0,1.1950643025466048,0.0,0.03845606263197167,0.0,-6.44882853566857,0.0,0.049968727700459535,0.0,2.7080502011022096,0.0,0,0,0,0,0,1,0,0,0,0,0.0
29796_2010,0.0,0.0,0.0,0.0,0.0,0.0,0.0,0.0,0.0,0.0,0.0,0.0,0.0,0.0,0.0,0.0,0,0,0,0,0,1,0,0,0,0,0.0
29805_2008,0.038282140296662784,0.03956492235322229,0.2399884963091085,0.22118410324133744,0.06346227611611288,0.08757687844684671,1.934384204210756,2.169359619271074,0.05818400374392153,0.21044454160376289,-8.741619037679241,-8.43446053198841,-0.059993996317543236,-0.4166315179743407,2.7080502011022096,2.7080502011022096,1,0,0,0,0,0,0,0,0,0,0.0
29805_2009,0.03956492235322229,0.04979969165362424,0.22118410324133744,0.22711475520464286,0.08757687844684671,0.062315556697579176,2.169359619271074,1.896449578370216,0.21044454160376289,0.10130877939121044,-8.43446053198841,-8.101788273659714,-0.4166315179743407,0.3527269342013787,2.7080502011022096,2.7080502011022096,1,0,0,0,0,0,0,0,0,0,0.0
29805_2010,0.04979969165362424,0.04009608156624613,0.22711475520464286,0.2260399988520352,0.062315556697579176,0.10712751019172684,1.896449578370216,1.7582958552658106,0.10130877939121044,0.07196023006376054,-8.101788273659714,-8.32119870684158,0.3527269342013787,-0.148589335022065,2.7080502011022096,2.7080502011022096,1,0,0,0,0,0,0,0,0,0,0.0
29819_2008,0.039487967411068026,0.034994775910164734,0.4548223715149333,0.4770094085812986,0.006510710077588141,0.013384433943456646,1.3766211340954335,1.2913188229570365,0.0698867063404515,0.06608234735853966,-7.2797107651287245,-7.213294746457911,-0.09336344035650604,-0.07398267408817308,2.7080502011022096,2.7080502011022096,0,0,1,0,0,0,0,0,0,0,0.0
29819_2009,0.034994775910164734,0.045581966314097284,0.4770094085812986,0.7675065241007689,0.013384433943456646,0.0320084839429042,1.2913188229570365,0.4561413769264847,0.06608234735853966,0.22439272123984866,-7.213294746457911,-7.8912992920336995,-0.07398267408817308,-0.6531203326445607,2.7080502011022096,2.6210388241125804,0,0,1,0,0,0,0,0,0,0,0.0
29819_2010,0.045581966314097284,0.010061758011476813,0.7675065241007689,0.6649427520034698,0.0320084839429042,0.01763175638290935,0.4561413769264847,0.7418627397757205,0.22439272123984866,0.3313766101089701,-7.8912992920336995,-7.515219355406488,-0.6531203326445607,1.0630550237012808,2.6210388241125804,2.7080502011022096,0,0,1,0,0,0,0,0,0,0,0.0
29844_2008,0.0141895293712612,0.0,0.3247265526324222,0.0,0.0006966334065298558,0.0,2.0278483449717304,0.0,0.06273967099391017,0.0,-8.814728139633964,0.0,0.015791502049132992,0.0,2.7080502011022096,0.0,0,0,0,0,0,0,0,0,0,1,0.0
29844_2009,0.0,0.01694069468794312,0.0,0.4347564446011613,0.0,0.0016813919845224171,0.0,1.6280648265842768,0.0,0.14109573493359287,0.0,-8.645646695370955,0.0,0.3248176154395117,0.0,2.7080502011022096,0,0,0,0,0,0,0,0,0,1,0.0
29844_2010,0.01694069468794312,0.0,0.4347564446011613,0.0,0.0016813919845224171,0.0,1.6280648265842768,0.0,0.14109573493359287,0.0,-8.645646695370955,0.0,0.3248176154395117,0.0,2.7080502011022096,0.0,0,0,0,0,0,0,0,0,0,1,0.0
29848_2008,0.0,0.0,0.0,0.0,0.0,0.0,0.0,0.0,0.0,0.0,0.0,0.0,0.0,0.0,0.0,0.0,0,0,0,0,0,0,0,0,0,1,0.0
29848_2009,0.0,0.0,0.0,0.0,0.0,0.0,0.0,0.0,0.0,0.0,0.0,0.0,0.0,0.0,0.0,0.0,0,0,0,0,0,0,0,0,0,1,0.0
29848_2010,0.0,0.0,0.0,0.0,0.0,0.0,0.0,0.0,0.0,0.0,0.0,0.0,0.0,0.0,0.0,0.0,0,0,0,0,0,0,0,0,0,1,0.0
29863_2008,0.0,0.0,0.0,0.0,0.0,0.0,0.0,0.0,0.0,0.0,0.0,0.0,0.0,0.0,0.0,0.0,0,0,0,0,0,1,0,0,0,0,0.0
29863_2009,0.0,0.0,0.0,0.0,0.0,0.0,0.0,0.0,0.0,0.0,0.0,0.0,0.0,0.0,0.0,0.0,0,0,0,0,0,1,0,0,0,0,0.0
29863_2010,0.0,0.016375438853020154,0.0,0.8600950600569057,0.0,0.032747136688630385,0.0,0.908340450527499,0.0,0.1330794304837618,0.0,-7.9592271034027675,0.0,-0.006001364378911135,0.0,2.7080502011022096,0,0,0,0,0,1,0,0,0,0,0.0
29866_2008,0.04895272259508979,0.046589854415633056,0.1638590772208204,0.32428383816029743,0.016506080470690927,0.018466307674800585,2.7772289654376845,2.8649331961279514,0.08200583285324818,0.056445327194444575,-6.288195173961578,-5.650794061468773,-0.1082401365558861,0.598325588374078,2.7080502011022096,2.7080502011022096,0,0,0,0,0,0,0,0,0,0,0.0
29866_2009,0.046589854415633056,0.1245807425892803,0.32428383816029743,0.5527566313266401,0.018466307674800585,0.03842376068436632,2.8649331961279514,0.9209417264732596,0.056445327194444575,0.1469160258900127,-5.650794061468773,-6.255065293573396,0.598325588374078,-0.5304102468278646,2.7080502011022096,2.7080502011022096,0,0,0,0,0,0,0,0,0,0,0.0
29866_2010,0.1245807425892803,0.0748922634413084,0.5527566313266401,0.3738020957741759,0.03842376068436632,0.027498951178701103,0.9209417264732596,1.2571693593496014,0.1469160258900127,0.08351619656912039,-6.255065293573396,-5.922504892780535,-0.5304102468278646,0.1193319304842777,2.7080502011022096,2.7080502011022096,0,0,0,0,0,0,0,0,0,0,0.0
29867_2008,0.01922887317174565,0.014588824478511809,0.3747834116811088,0.3968547237751892,0.0043566341880180645,0.0012313915398295945,4.029951102701535,4.29722827214931,0.05235170981619782,0.07567124198060457,-9.259190521761324,-9.296156118085447,0.11027482178025157,-0.09081102008930804,2.7080502011022096,2.7080502011022096,0,0,0,0,0,0,0,0,0,1,0.0
29867_2009,0.014588824478511809,0.01363538062178542,0.3968547237751892,0.4205010905094113,0.0012313915398295945,0.0024209221373653693,4.29722827214931,4.637671534647627,0.07567124198060457,0.07999179077989367,-9.296156118085447,-8.793544409559027,-0.09081102008930804,0.42153519187437183,2.7080502011022096,2.7080502011022096,0,0,0,0,0,0,0,0,0,1,0.0
29867_2010,0.01363538062178542,0.0,0.4205010905094113,0.0,0.0024209221373653693,0.0,4.637671534647627,0.0,0.07999179077989367,0.0,-8.793544409559027,0.0,0.42153519187437183,0.0,2.7080502011022096,0.0,0,0,0,0,0,0,0,0,0,1,0.0
29911_2008,0.0,0.0,0.0,0.0,0.0,0.0,0.0,0.0,0.0,0.0,0.0,0.0,0.0,0.0,0.0,0.0,0,0,0,0,0,0,0,0,0,1,0.0
29911_2009,0.0,0.0,0.0,0.0,0.0,0.0,0.0,0.0,0.0,0.0,0.0,0.0,0.0,0.0,0.0,0.0,0,0,0,0,0,0,0,0,0,1,0.0
29911_2010,0.0,0.0,0.0,0.0,0.0,0.0,0.0,0.0,0.0,0.0,0.0,0.0,0.0,0.0,0.0,0.0,0,0,0,0,0,0,0,0,0,1,0.0
29931_2008,0.0,0.0,0.0,0.0,0.0,0.0,0.0,0.0,0.0,0.0,0.0,0.0,0.0,0.0,0.0,0.0,0,0,0,0,0,0,0,0,0,1,0.0
29931_2009,0.0,0.0,0.0,0.0,0.0,0.0,0.0,0.0,0.0,0.0,0.0,0.0,0.0,0.0,0.0,0.0,0,0,0,0,0,0,0,0,0,1,0.0
29931_2010,0.0,0.0,0.0,0.0,0.0,0.0,0.0,0.0,0.0,0.0,0.0,0.0,0.0,0.0,0.0,0.0,0,0,0,0,0,0,0,0,0,1,0.0
29936_2008,0.03555381766762285,0.03543657970603705,0.4278723851162646,0.3094712740705731,0.03064752524846128,0.02494686079132105,1.6787128685560588,2.120499198827458,0.05357679108081993,0.2226972693968451,-8.228783887016569,-7.737221815517922,-0.0368487127119459,-0.3646793772467468,2.7080502011022096,2.7080502011022096,0,0,1,0,0,0,0,0,0,0,0.0
29936_2009,0.03543657970603705,-0.006950909940496307,0.3094712740705731,0.5089198528062815,0.02494686079132105,0.020188878872115675,2.120499198827458,1.2227699491212356,0.2226972693968451,0.14585442361270504,-7.737221815517922,-8.043897724817704,-0.3646793772467468,-0.4234110823921656,2.7080502011022096,2.7080502011022096,0,0,1,0,0,0,0,0,0,0,0.0
29936_2010,-0.006950909940496307,0.004173068978790053,0.5089198528062815,0.4001045801997707,0.020188878872115675,0.055239068630354236,1.2227699491212356,1.6482011017476603,0.14585442361270504,0.14787609755777195,-8.043897724817704,-7.847767175883072,-0.4234110823921656,0.3803266001559603,2.7080502011022096,2.7080502011022096,0,0,1,0,0,0,0,0,0,0,0.0
29940_2008,0.0453359663851484,0.049235209761584735,0.3704541126968377,0.5109090704747802,0.012077474332435414,0.003532607469439164,2.31415839383617,1.8372896534988392,0.04662950862668785,0.07991503403378948,-6.755280472955433,-7.1714086178282335,0.07449638481025042,-0.4508174921774864,2.7080502011022096,2.7080502011022096,0,0,0,0,0,0,0,0,0,1,0.0
29940_2009,0.049235209761584735,0.0,0.5109090704747802,0.0,0.003532607469439164,0.0,1.8372896534988392,0.0,0.07991503403378948,0.0,-7.1714086178282335,0.0,-0.4508174921774864,0.0,2.7080502011022096,0.0,0,0,0,0,0,0,0,0,0,1,0.0
29940_2010,0.0,0.0,0.0,0.0,0.0,0.0,0.0,0.0,0.0,0.0,0.0,0.0,0.0,0.0,0.0,0.0,0,0,0,0,0,0,0,0,0,1,0.0
29951_2008,0.0,0.0,0.0,0.0,0.0,0.0,0.0,0.0,0.0,0.0,0.0,0.0,0.0,0.0,0.0,0.0,0,0,0,0,0,0,0,0,0,1,0.0
29951_2009,0.0,0.0,0.0,0.0,0.0,0.0,0.0,0.0,0.0,0.0,0.0,0.0,0.0,0.0,0.0,0.0,0,0,0,0,0,0,0,0,0,1,0.0
29951_2010,0.0,0.0,0.0,0.0,0.0,0.0,0.0,0.0,0.0,0.0,0.0,0.0,0.0,0.0,0.0,0.0,0,0,0,0,0,0,0,0,0,1,0.0
29956_2008,0.029462499624653075,0.046005560337445,0.2288128277136153,0.3342261701561226,0.11356523458110568,0.05366884806939064,1.8515908792169264,1.7050420052901805,0.06429895945721781,0.11970762143570172,-8.90793685610315,-8.762793774606624,0.2613019022940612,0.011523691042419409,2.7080502011022096,2.7080502011022096,0,0,0,0,0,0,1,0,0,0,0.0
29956_2009,0.046005560337445,-0.1762459596438653,0.3342261701561226,0.5261085444534492,0.05366884806939064,0.1110183515927904,1.7050420052901805,1.589138236719941,0.11970762143570172,0.17508852537439915,-8.762793774606624,-8.998253133808682,0.011523691042419409,-0.2853171704002339,2.7080502011022096,2.7080502011022096,0,0,0,0,0,0,1,0,0,0,0.0
29956_2010,-0.1762459596438653,-0.01190115915502678,0.5261085444534492,0.5111701036534996,0.1110183515927904,0.1476253218202288,1.589138236719941,1.7097120078782804,0.17508852537439915,0.19545077166590355,-8.998253133808682,-9.180581824217358,-0.2853171704002339,0.22114932337015247,2.7080502011022096,2.7080502011022096,0,0,0,0,0,0,1,0,0,0,0.0
29969_2008,0.05115245616383349,0.07061384653379313,0.05990095034131977,0.1791872090151564,0.07217239994645966,0.1557483512764459,2.7038301450105555,1.1798232178144274,0.0784628827038526,0.13542880858842032,-11.887174876776216,-12.789650350835645,0.03434496970620485,-0.9116198215225608,2.0881534822818573,1.184789984909162,0,0,1,0,0,0,0,0,0,0,0.0
29969_2009,0.07061384653379313,0.07977745643489131,0.1791872090151564,0.2975110904144507,0.1557483512764459,0.3315176098625034,1.1798232178144274,0.7534894786582841,0.13542880858842032,0.10475877361759156,-12.789650350835645,-12.713898007687762,-0.9116198215225608,0.11067064669796044,1.184789984909162,0.7654678421395714,0,0,1,0,0,0,0,0,0,0,0.0
29969_2010,0.07977745643489131,0.06692322586891276,0.2975110904144507,0.2010318843385936,0.3315176098625034,0.2603712847323071,0.7534894786582841,1.1655713866204191,0.10475877361759156,0.13204100575108835,-12.713898007687762,-12.428239495683634,0.11067064669796044,0.5450757953315719,0.7654678421395714,1.3635373739972745,0,0,1,0,0,0,0,0,0,0,0.0
29992_2008,0.0173310636839788,0.04974530799566094,0.4142647812180649,0.5092461168216853,0.027010831848017832,0.03577719125221285,2.8319775306717805,1.9339518199742127,0.09410103231262087,0.06775691111543856,-8.086052848105439,-8.36739039811154,-0.10260037778428588,-0.3507533435232017,2.7080502011022096,2.7080502011022096,0,0,1,0,0,0,0,0,0,0,0.0
29992_2009,0.04974530799566094,-0.0575160553887312,0.5092461168216853,0.8928728940181858,0.03577719125221285,0.03158437550260942,1.9339518199742127,0.3879312059777541,0.06775691111543856,0.1757833478390347,-8.36739039811154,-9.847114478555572,-0.3507533435232017,-1.310158533325226,2.7080502011022096,1.5539252025038417,0,0,1,0,0,0,0,0,0,0,0.0
29992_2010,-0.0575160553887312,0.0010537965237436804,0.8928728940181858,0.8208699717711243,0.03158437550260942,0.0271760730492446,0.3879312059777541,0.6478192473589531,0.1757833478390347,0.3081323207977497,-9.847114478555572,-9.530395297201007,-1.310158533325226,0.2572607855223368,1.5539252025038417,2.124653884501384,0,0,1,0,0,0,0,0,0,0,0.0
29993_2008,0.0152390808570189,0.0,0.6321900289687923,0.0,0.003722194880013297,0.0,2.2508982241431434,0.0,0.04057464390766023,0.0,-8.410214715343473,0.0,-0.08098413394864007,0.0,2.7080502011022096,0.0,0,0,0,0,0,0,0,0,0,1,0.0
29993_2009,0.0,0.0,0.0,0.0,0.0,0.0,0.0,0.0,0.0,0.0,0.0,0.0,0.0,0.0,0.0,0.0,0,0,0,0,0,0,0,0,0,1,0.0
29993_2010,0.0,0.0,0.0,0.0,0.0,0.0,0.0,0.0,0.0,0.0,0.0,0.0,0.0,0.0,0.0,0.0,0,0,0,0,0,0,0,0,0,1,0.0
30004_2008,0.0018691756421894907,0.0,0.6267565561823859,0.0,0.023517667531105152,0.0,1.6113081447140676,0.0,0.04558130481034527,0.0,-9.27401821503491,0.0,-0.09516992085936687,0.0,2.7080502011022096,0.0,0,0,0,0,0,0,0,0,0,1,0.0
30004_2009,0.0,0.0,0.0,0.0,0.0,0.0,0.0,0.0,0.0,0.0,0.0,0.0,0.0,0.0,0.0,0.0,0,0,0,0,0,0,0,0,0,1,0.0
30004_2010,0.0,0.0,0.0,0.0,0.0,0.0,0.0,0.0,0.0,0.0,0.0,0.0,0.0,0.0,0.0,0.0,0,0,0,0,0,0,0,0,0,1,0.0
30005_2008,0.02475878509293096,0.035355652977763836,0.2431084654684175,0.3799716728070021,0.007859285399565256,0.016865052857209184,4.4098238294960685,4.869284234632128,0.19826494463484245,0.05100548451266708,-6.514175522951453,-6.931163123803822,-0.43898545025401897,-0.3594410194193679,2.7080502011022096,2.7080502011022096,0,0,1,0,0,0,0,0,0,0,0.0
30005_2009,0.035355652977763836,0.0252939548845282,0.3799716728070021,0.5248845002557344,0.016865052857209184,0.00936295567548834,4.869284234632128,3.5378871284285096,0.05100548451266708,0.12219918201247845,-6.931163123803822,-7.053049409115611,-0.3594410194193679,-0.19435491195159926,2.7080502011022096,2.7080502011022096,0,0,1,0,0,0,0,0,0,0,0.0
30005_2010,0.0252939548845282,-0.020903881415784847,0.5248845002557344,0.4102839846664592,0.00936295567548834,0.010210277338923813,3.5378871284285096,4.870988749410524,0.12219918201247845,0.14892218144924158,-7.053049409115611,-6.927369941273568,-0.19435491195159926,0.2165790896149532,2.7080502011022096,2.7080502011022096,0,0,1,0,0,0,0,0,0,0,0.0
30011_2008,0.0,0.0,0.0,0.0,0.0,0.0,0.0,0.0,0.0,0.0,0.0,0.0,0.0,0.0,0.0,0.0,0,0,0,0,0,0,0,0,0,1,0.0
30011_2009,0.0,0.0,0.0,0.0,0.0,0.0,0.0,0.0,0.0,0.0,0.0,0.0,0.0,0.0,0.0,0.0,0,0,0,0,0,0,0,0,0,1,0.0
30011_2010,0.0,0.0,0.0,0.0,0.0,0.0,0.0,0.0,0.0,0.0,0.0,0.0,0.0,0.0,0.0,0.0,0,0,0,0,0,0,0,0,0,1,0.0
30020_2008,0.02134191789726263,0.01615887340250725,0.661082599206286,0.7328172096102005,0.05532900404893795,0.09127269936836073,1.820064976170742,1.4103906593628608,0.1328897105768925,0.09440851643768644,-8.835375615040341,-9.186770114463252,-0.03344480396443186,-0.2604874682329092,2.7080502011022096,2.7080502011022096,0,1,0,0,0,0,0,0,0,0,0.0
30020_2009,0.01615887340250725,0.0035618474030201385,0.7328172096102005,0.8253722103975026,0.09127269936836073,0.1086977020001752,1.4103906593628608,0.9238973748212016,0.09440851643768644,0.12515666248755158,-9.186770114463252,-9.358494464664409,-0.2604874682329092,-0.2790052023836382,2.7080502011022096,2.7080502011022096,0,1,0,0,0,0,0,0,0,0,0.0
30020_2010,0.0035618474030201385,0.016348280480918416,0.8253722103975026,0.7348026797697385,0.1086977020001752,0.101719174044502,0.9238973748212016,1.2701995090563432,0.12515666248755158,0.10979539531629333,-9.358494464664409,-9.228480775837298,-0.2790052023836382,0.18382125752860606,2.7080502011022096,2.7080502011022096,0,1,0,0,0,0,0,0,0,0,0.0
30030_2008,0.04366893934579169,0.053900991140548235,0.1858636965183716,0.3161760923969115,0.014949283569159226,0.013293134116883695,3.193918366478129,2.422334768262368,0.048986299145086745,0.0685400821510605,-8.695102033511903,-9.264022594837828,-0.1289223624821566,-0.4661644267587277,2.7080502011022096,2.7080502011022096,0,0,0,0,0,0,0,1,0,0,0.0
30030_2009,0.053900991140548235,0.06584278098515141,0.3161760923969115,0.5847404808377369,0.013293134116883695,0.03165209539684021,2.422334768262368,1.0982296613495068,0.0685400821510605,0.13920787003004256,-9.264022594837828,-9.897316124938568,-0.4661644267587277,-0.5257687697807198,2.7080502011022096,1.8309801823813363,0,0,0,0,0,0,0,1,0,0,0.0
30030_2010,0.06584278098515141,0.040034517867863016,0.5847404808377369,0.4249775453466533,0.03165209539684021,0.07265868549347589,1.0982296613495068,1.5937639494475218,0.13920787003004256,0.17361182844333128,-9.897316124938568,-9.58094427131823,-0.5257687697807198,0.24044691722198666,1.8309801823813363,2.3776925654808507,0,0,0,0,0,0,0,1,0,0,0.0
30033_2008,-0.0798416816725522,-0.06762384544393088,0.4720688141724314,0.3387473558470097,0.3429523508814009,0.19959234685589708,490.4023,849.5567,0.158710757116443,0.1481577269637454,-10.164175153455602,-9.62552788527538,0.0324219166525572,0.2850785110235302,1.7647307968401356,2.307572634505085,0,0,0,0,1,0,0,0,0,0,0.0
30033_2009,-0.06762384544393088,-0.21764924702265026,0.3387473558470097,0.551224818339759,0.19959234685589708,0.24088852276108486,849.5567,368.9186,0.1481577269637454,0.2400451265116521,-9.62552788527538,-9.965684598792476,0.2850785110235302,-0.7306673460056032,2.307572634505085,1.332366019094335,0,0,0,0,1,0,0,0,0,0,0.0
30033_2010,-0.21764924702265026,-0.11163454642136117,0.551224818339759,0.4293053567089164,0.24088852276108486,0.2578917673381565,368.9186,66.99991092372103,0.2400451265116521,0.23006974083583395,-9.965684598792476,-9.123229048472624,-0.7306673460056032,0.8376742733815136,1.332366019094335,2.2093727112718664,0,0,0,0,1,0,0,0,0,0,0.0
30036_2008,0.02793406482858724,-0.18749620437475534,0.6179819928575021,0.7848072554062507,0.05065209424648085,0.03328443226592425,0.8736783930482123,0.32589743547124395,0.0816102099457485,0.1879128348802769,-10.085370475390274,-11.375391129509538,-0.14783066317237092,-1.2513317027828321,2.7080502011022096,2.3513752571634776,0,0,1,0,0,0,0,0,0,0,0.0
30036_2009,-0.18749620437475534,-0.483127312810015,0.7848072554062507,0.7090524368159987,0.03328443226592425,0.07711203842217149,0.32589743547124395,0.6487473649699333,0.1879128348802769,0.2275282090462264,-11.375391129509538,-10.880384240434392,-1.2513317027828321,0.07067147086388581,2.3513752571634776,2.355177543113216,0,0,1,0,0,0,0,0,0,0,0.0
30036_2010,-0.483127312810015,-0.11729784917115868,0.7090524368159987,0.6365744019526411,0.07711203842217149,0.2497307828430767,0.6487473649699333,0.8490791815935861,0.2275282090462264,0.3071996435095756,-10.880384240434392,-10.851184651514616,0.07067147086388581,-0.13513908639979344,2.355177543113216,2.340843805111136,0,0,1,0,0,0,0,0,0,0,0.0
30070_2008,0.044953830327933465,0.03411401241816005,0.4554735278214089,0.4465524225537151,0.1032069600927372,0.10097747675775376,2.1340408713530548,2.06186485519366,0.05863805230673809,0.04271268493050268,-7.8664345120004056,-7.86309954983675,0.10218040780795724,0.025328052256732733,2.7080502011022096,2.7080502011022096,1,0,0,0,0,0,0,0,0,0,0.0
30070_2009,0.03411401241816005,0.05741914040825208,0.4465524225537151,0.6186663452079877,0.10097747675775376,0.0642231425953571,2.06186485519366,1.4119104347481786,0.04271268493050268,0.12779637374294267,-7.86309954983675,-8.135435259416745,0.025328052256732733,-0.3138774699041733,2.7080502011022096,2.7080502011022096,1,0,0,0,0,0,0,0,0,0,0.0
30070_2010,0.05741914040825208,0.01626313289835193,0.6186663452079877,0.4785666019059149,0.0642231425953571,0.09482841462053736,1.4119104347481786,2.4255202861554666,0.12779637374294267,0.18829332187808207,-8.135435259416745,-7.726051439202428,-0.3138774699041733,0.5454689590183631,2.7080502011022096,2.7080502011022096,1,0,0,0,0,0,0,0,0,0,0.0
30086_2008,0.01433308196802682,0.0,0.42984799446783295,0.0,0.023624774861317758,0.0,4.460430175453684,0.0,0.037687454612299366,0.0,-6.341993749646568,0.0,0.09604560354617528,0.0,2.7080502011022096,0.0,0,0,0,0,0,0,0,0,0,1,0.0
30086_2009,0.0,0.0,0.0,0.0,0.0,0.0,0.0,0.0,0.0,0.0,0.0,0.0,0.0,0.0,0.0,0.0,0,0,0,0,0,0,0,0,0,1,0.0
30086_2010,0.0,0.0,0.0,0.0,0.0,0.0,0.0,0.0,0.0,0.0,0.0,0.0,0.0,0.0,0.0,0.0,0,0,0,0,0,0,0,0,0,1,0.0
30104_2008,0.0,0.0,0.0,0.0,0.0,0.0,0.0,0.0,0.0,0.0,0.0,0.0,0.0,0.0,0.0,0.0,0,0,0,0,0,0,0,0,0,1,0.0
30104_2009,0.0,0.011964738256270618,0.0,0.5851397389188028,0.0,0.003892129473427316,0.0,2.204560411485041,0.0,0.12377177302329533,0.0,-8.922024930277445,0.0,0.21093573363435197,0.0,2.7080502011022096,0,0,0,0,0,0,0,0,0,1,0.0
30104_2010,0.011964738256270618,0.0,0.5851397389188028,0.0,0.003892129473427316,0.0,2.204560411485041,0.0,0.12377177302329533,0.0,-8.922024930277445,0.0,0.21093573363435197,0.0,2.7080502011022096,0.0,0,0,0,0,0,0,0,0,0,1,0.0
30106_2008,0.03887680210216792,0.061734936296441785,0.11978440249643295,0.1469227397584724,0.08014081026844397,0.14720977404083616,2.0249415760110794,1.536090417447748,0.2198522025628418,0.0621690215384566,-9.442777432087402,-9.228645905933595,-0.6063779294365941,0.2605096375256524,2.7080502011022096,2.7080502011022096,0,0,0,0,0,0,1,0,0,0,0.0
30106_2009,0.061734936296441785,-0.09299457757314517,0.1469227397584724,0.15440060274024422,0.14720977404083616,0.3126328130619703,1.536090417447748,1.1095877290389526,0.0621690215384566,0.18608549941598002,-9.228645905933595,-9.406961934573216,0.2605096375256524,0.060731174509324026,2.7080502011022096,2.580216829592325,0,0,0,0,0,0,1,0,0,0,0.0
30106_2010,-0.09299457757314517,0.03557949155890856,0.15440060274024422,0.052098053998132034,0.3126328130619703,0.2289320584129208,1.1095877290389526,2.291607864385705,0.18608549941598002,0.18685100766291052,-9.406961934573216,-8.959049185652185,0.060731174509324026,0.6431572908932797,2.580216829592325,2.7080502011022096,0,0,0,0,0,0,1,0,0,0,0.0
30249_2008,0.02913130758246558,0.04249142295393365,0.3061019482678803,0.2770820385634314,0.030461857831215317,0.024151237572637,2.6902972234309104,2.535456152618756,0.060992343649201725,0.20976535368672505,-8.225123980652922,-8.088015609313626,0.38990477522622735,-0.6537695355256481,2.7080502011022096,2.7080502011022096,1,0,0,0,0,0,0,0,0,0,0.0
30249_2009,0.04249142295393365,0.05130712945115147,0.2770820385634314,0.4639876272361435,0.024151237572637,0.06692129747049473,2.535456152618756,1.7458825744508144,0.20976535368672505,0.13250707743492765,-8.088015609313626,-8.258476513044522,-0.6537695355256481,-0.06564747524724558,2.7080502011022096,2.7080502011022096,1,0,0,0,0,0,0,0,0,0,0.0
30249_2010,0.05130712945115147,0.03680406406269302,0.4639876272361435,0.3132701236683654,0.06692129747049473,0.06371526140329567,1.7458825744508144,2.3471877741798703,0.13250707743492765,0.10523422046458404,-8.258476513044522,-7.998777176740293,-0.06564747524724558,0.19470623552527103,2.7080502011022096,2.7080502011022096,1,0,0,0,0,0,0,0,0,0,0.0
30251_2008,0.08884394750221998,-0.1402878735162542,0.6530292152226523,0.8894579416734736,0.03940857452040024,0.1568174027087815,0.9018199951215202,0.2646895979087731,0.08281651734335248,0.2415365024609099,-8.841436180027268,-10.69581033943934,-0.5429359594485152,-1.7844332027548075,2.7080502011022096,2.0055258587296683,0,0,1,0,0,0,0,0,0,0,0.0
30251_2009,-0.1402878735162542,-0.3804934929198085,0.8894579416734736,0.9061330908608924,0.1568174027087815,0.2336857726966364,0.2646895979087731,0.6507829194985963,0.2415365024609099,0.3049565487691386,-10.69581033943934,-11.74812029176698,-1.7844332027548075,-1.286841716238171,2.0055258587296683,0.4574248470388755,0,0,1,0,0,0,0,0,0,0,0.0
30251_2010,-0.3804934929198085,-0.09214382012456686,0.9061330908608924,0.8917709690648737,0.2336857726966364,0.2709096330999024,0.6507829194985963,1.1169964175131952,0.3049565487691386,0.4959786620328599,-11.74812029176698,-10.849566782664905,-1.286841716238171,1.2506599036256183,0.4574248470388755,1.5769147207285403,0,0,1,0,0,0,0,0,0,0,0.0
30260_2008,0.04150608319102905,0.0364090706224754,0.2118157801114861,0.2408085003357823,0.0054595732150043595,0.00277666121329924,2.9226166103337596,3.9154504562662313,0.08919140228314741,0.07470444097797184,-7.905996597274389,-7.748574640265591,0.09843442431491707,0.1217912391318334,2.7080502011022096,2.7080502011022096,1,0,0,0,0,0,0,0,0,0,0.0
30260_2009,0.0364090706224754,0.029201138714521,0.2408085003357823,0.3331381134536208,0.00277666121329924,0.006261505064092039,3.9154504562662313,3.0446208897159237,0.07470444097797184,0.13173653900690446,-7.748574640265591,-7.576840678121092,0.1217912391318334,0.18128241743390533,2.7080502011022096,2.7080502011022096,1,0,0,0,0,0,0,0,0,0,0.0
30260_2010,0.029201138714521,0.01450425141114304,0.3331381134536208,0.3110782514708172,0.006261505064092039,0.04473712696982887,3.0446208897159237,2.4832093037215315,0.13173653900690446,0.07787425969181354,-7.576840678121092,-7.820666797761325,0.18128241743390533,-0.19196908288574155,2.7080502011022096,2.7080502011022096,1,0,0,0,0,0,0,0,0,0,0.0
30265_2008,0.04197885851998218,0.0,0.24904438835143666,0.0,0.009558733947818272,0.0,2.7678003403178417,0.0,0.05550993440432682,0.0,-8.305399967391326,0.0,-0.14560940910947914,0.0,2.7080502011022096,0.0,0,0,0,0,0,0,0,0,0,1,0.0
30265_2009,0.0,0.04179692007096426,0.0,0.32073574631582097,0.0,0.016958108701737945,0.0,2.2908642085607296,0.0,0.12529733878413532,0.0,-8.063828836193016,0.0,0.1201597071162509,0.0,2.7080502011022096,0,0,0,0,0,0,0,0,0,1,0.0
30265_2010,0.04179692007096426,0.0,0.32073574631582097,0.0,0.016958108701737945,0.0,2.2908642085607296,0.0,0.12529733878413532,0.0,-8.063828836193016,0.0,0.1201597071162509,0.0,2.7080502011022096,0.0,0,0,0,0,0,0,0,0,0,1,0.0
3031_2008,0.03056999727874968,0.02236951543672368,0.347844464936451,0.4413136537796084,0.01631189421423989,0.014675694985334678,1.9808940107345627,1.5186478547761042,0.1500812965112174,0.08575396446164425,-10.05032854805478,-10.56523194686188,-0.044186505269431166,-0.4536560428783658,2.7080502011022096,2.7080502011022096,0,0,0,0,0,0,0,1,0,0,0.0
3031_2009,0.02236951543672368,0.02422295369909148,0.4413136537796084,0.5409084142795438,0.014675694985334678,0.009570883333664286,1.5186478547761042,0.9960053435629714,0.08575396446164425,0.1348723172665426,-10.56523194686188,-10.052860972819378,-0.4536560428783658,0.33293715731912266,2.7080502011022096,2.7080502011022096,0,0,0,0,0,0,0,1,0,0,0.0
3031_2010,0.02422295369909148,0.023156347375386445,0.5409084142795438,0.5296789939669919,0.009570883333664286,0.013122169669998698,0.9960053435629714,0.9771887825254768,0.1348723172665426,0.20910405462290768,-10.052860972819378,-10.51553492307694,0.33293715731912266,-0.08074184650040063,2.7080502011022096,2.551006451492524,0,0,0,0,0,0,0,1,0,0,0.0
30345_2008,0.0,0.0,0.0,0.0,0.0,0.0,0.0,0.0,0.0,0.0,0.0,0.0,0.0,0.0,0.0,0.0,0,0,0,0,0,0,0,0,0,1,0.0
30345_2009,0.0,0.04613117299438193,0.0,0.4762371773709168,0.0,0.02907028366220125,0.0,1.51099809732977,0.0,0.11571273471124476,0.0,-7.427036906211362,0.0,-0.016781580474983904,0.0,2.7080502011022096,0,0,0,0,0,0,0,0,0,1,0.0
30345_2010,0.04613117299438193,0.0,0.4762371773709168,0.0,0.02907028366220125,0.0,1.51099809732977,0.0,0.11571273471124476,0.0,-7.427036906211362,0.0,-0.016781580474983904,0.0,2.7080502011022096,0.0,0,0,0,0,0,0,0,0,0,1,0.0
30362_2008,0.02195544602995218,0.0,0.4609717973639997,0.0,0.029215956247728513,0.0,3.086034285810832,0.0,0.03635954347788772,0.0,-7.624424191548481,0.0,0.07137067231248984,0.0,2.7080502011022096,0.0,0,0,0,0,0,0,0,0,0,1,0.0
30362_2009,0.0,0.023858594600473168,0.0,0.822280785924305,0.0,0.01632272053556486,0.0,1.0210041395243683,0.0,0.33096419349484785,0.0,-8.644833309429048,0.0,-0.9037508333045569,0.0,2.7080502011022096,0,0,0,0,0,0,0,0,0,1,0.0
30362_2010,0.023858594600473168,0.0,0.822280785924305,0.0,0.01632272053556486,0.0,1.0210041395243683,0.0,0.33096419349484785,0.0,-8.644833309429048,0.0,-0.9037508333045569,0.0,2.7080502011022096,0.0,0,0,0,0,0,0,0,0,0,1,0.0
30369_2008,0.0,0.0,0.0,0.0,0.0,0.0,0.0,0.0,0.0,0.0,0.0,0.0,0.0,0.0,0.0,0.0,0,0,0,0,0,0,0,0,0,1,0.0
30369_2009,0.0,-0.024628541015372943,0.0,0.7754525060674059,0.0,0.010573538284892726,0.0,0.6352567909062019,0.0,0.6316017649248086,0.0,-7.662881698269635,0.0,-1.0319092305090585,0.0,2.6311691567662523,0,0,0,0,0,0,0,0,0,1,0.0
30369_2010,-0.024628541015372943,0.0,0.7754525060674059,0.0,0.010573538284892726,0.0,0.6352567909062019,0.0,0.6316017649248086,0.0,-7.662881698269635,0.0,-1.0319092305090585,0.0,2.6311691567662523,0.0,0,0,0,0,0,0,0,0,0,1,0.0
30378_2008,0.0,0.04618274909361657,0.0,0.3037823796793518,0.0,0.0016257329967718018,0.0,1.6460390540688643,0.0,0.054601182604739146,0.0,-10.917766464106693,0.0,-0.19457217716411254,0.0,2.7080502011022096,0,0,0,0,0,0,0,0,0,1,0.0
30378_2009,0.04618274909361657,0.0,0.3037823796793518,0.0,0.0016257329967718018,0.0,1.6460390540688643,0.0,0.054601182604739146,0.0,-10.917766464106693,0.0,-0.19457217716411254,0.0,2.7080502011022096,0.0,0,0,0,0,0,0,0,0,0,1,0.0
30378_2010,0.0,0.0,0.0,0.0,0.0,0.0,0.0,0.0,0.0,0.0,0.0,0.0,0.0,0.0,0.0,0.0,0,0,0,0,0,0,0,0,0,1,0.0
30388_2008,-0.07447194705437186,0.027387239025411663,0.7629822024362042,0.7578723796394352,0.0529145551720604,0.06819025600819889,2.9358583237232483,1.78646835911455,0.17065480056185095,0.09902554612784213,-8.763690859752861,-8.705229727683975,0.04759691609349195,-0.2192153152202639,2.7080502011022096,2.7080502011022096,0,0,1,0,0,0,0,0,0,0,0.0
30388_2009,0.027387239025411663,-0.10244660733485038,0.7578723796394352,0.9837933298363782,0.06819025600819889,0.2364186745003845,1.78646835911455,0.5746489279183101,0.09902554612784213,0.5084018165264431,-8.705229727683975,-11.1867508503715,-0.2192153152202639,-2.61787978319585,2.7080502011022096,0.3435897043900769,0,0,1,0,0,0,0,0,0,0,0.0
30388_2010,-0.10244660733485038,0.12742648169507012,0.9837933298363782,0.6088901688560479,0.2364186745003845,0.24314925411854002,0.5746489279183101,1.4179407707103286,0.5084018165264431,0.4669225100961716,-11.1867508503715,-8.08996367490492,-2.61787978319585,4.011814188640243,0.3435897043900769,2.7080502011022096,0,0,1,0,0,0,0,0,0,0,0.0
30421_2008,0.0,0.0,0.0,0.0,0.0,0.0,0.0,0.0,0.0,0.0,0.0,0.0,0.0,0.0,0.0,0.0,0,0,0,0,0,0,0,0,0,1,0.0
30421_2009,0.0,0.016482453629385645,0.0,0.4890643659057292,0.0,0.01920346829118816,0.0,2.154024043197587,0.0,0.09795355187598558,0.0,-8.247491932877999,0.0,0.12012476379101122,0.0,2.7080502011022096,0,0,0,0,0,0,0,0,0,1,0.0
30421_2010,0.016482453629385645,0.0,0.4890643659057292,0.0,0.01920346829118816,0.0,2.154024043197587,0.0,0.09795355187598558,0.0,-8.247491932877999,0.0,0.12012476379101122,0.0,2.7080502011022096,0.0,0,0,0,0,0,0,0,0,0,1,0.0
30422_2008,0.009445748810613322,0.01262585079821681,0.4828137718254717,0.4577331685345367,0.006241393062312973,0.007504762177043525,3.6408263148900843,4.123625593003506,0.04326158833985544,0.0364475544886943,-9.156242162101373,-9.14081563595998,-0.11988740457466175,-0.003643923355573874,2.7080502011022096,2.7080502011022096,0,0,0,0,0,0,0,0,1,0,0.0
30422_2009,0.01262585079821681,0.009470213858671606,0.4577331685345367,0.5227765950505637,0.007504762177043525,0.006372802991128441,4.123625593003506,4.6023540373753,0.0364475544886943,0.0816556698741659,-9.14081563595998,-9.044944390308759,-0.003643923355573874,0.019754946492090086,2.7080502011022096,2.6851226964585053,0,0,0,0,0,0,0,0,1,0,0.0
30422_2010,0.009470213858671606,0.020968865112227026,0.5227765950505637,0.5000235925658411,0.006372802991128441,0.0028183443826180505,4.6023540373753,4.863914136537406,0.0816556698741659,0.08921550322755899,-9.044944390308759,-8.819524787877302,0.019754946492090086,0.0281076975360468,2.6851226964585053,2.7080502011022096,0,0,0,0,0,0,0,0,1,0,0.0
30423_2008,0.0,0.0,0.0,0.0,0.0,0.0,0.0,0.0,0.0,0.0,0.0,0.0,0.0,0.0,0.0,0.0,0,0,0,0,0,0,0,0,0,1,0.0
30423_2009,0.0,0.0,0.0,0.0,0.0,0.0,0.0,0.0,0.0,0.0,0.0,0.0,0.0,0.0,0.0,0.0,0,0,0,0,0,0,0,0,0,1,0.0
30423_2010,0.0,0.0,0.0,0.0,0.0,0.0,0.0,0.0,0.0,0.0,0.0,0.0,0.0,0.0,0.0,0.0,0,0,0,0,0,0,0,0,0,1,0.0
30427_2008,0.0,0.02582097806148748,0.0,0.522088823083263,0.0,0.0054165864607248395,0.0,1.7388741952331055,0.0,0.09134566538157722,0.0,-8.944108976757883,0.0,-0.41400219610770017,0.0,2.7080502011022096,0,0,0,0,0,0,0,0,0,1,0.0
30427_2009,0.02582097806148748,0.0,0.522088823083263,0.0,0.0054165864607248395,0.0,1.7388741952331055,0.0,0.09134566538157722,0.0,-8.944108976757883,0.0,-0.41400219610770017,0.0,2.7080502011022096,0.0,0,0,0,0,0,0,0,0,0,1,0.0
30427_2010,0.0,0.0,0.0,0.0,0.0,0.0,0.0,0.0,0.0,0.0,0.0,0.0,0.0,0.0,0.0,0.0,0,0,0,0,0,0,0,0,0,1,0.0
30438_2008,0.0,0.0,0.0,0.0,0.0,0.0,0.0,0.0,0.0,0.0,0.0,0.0,0.0,0.0,0.0,0.0,0,0,0,0,0,0,0,0,0,1,0.0
30438_2009,0.0,0.0467338425087404,0.0,0.8490558630627536,0.0,0.033709406102707784,0.0,1.7117487301092804,0.0,0.26732265692097457,0.0,-8.944867872551875,0.0,-0.8086502251195881,0.0,2.4466854369678033,0,0,0,0,0,0,0,0,0,1,0.0
30438_2010,0.0467338425087404,0.0,0.8490558630627536,0.0,0.033709406102707784,0.0,1.7117487301092804,0.0,0.26732265692097457,0.0,-8.944867872551875,0.0,-0.8086502251195881,0.0,2.4466854369678033,0.0,0,0,0,0,0,0,0,0,0,1,0.0
30446_2008,0.035957807737875415,0.016943043814357205,0.5975408884079341,0.6343156911676475,0.13162493640095566,0.018090798395329788,1.8338908288141775,1.7809596562167649,0.14139057901269125,0.1328171825555243,-10.187429309562061,-10.48435533584491,-0.27195692094112833,-0.2769799125793318,2.7080502011022096,2.7080502011022096,0,1,0,0,0,0,0,0,0,0,0.0
30446_2009,0.016943043814357205,0.014795967156314604,0.6343156911676475,0.7479110785239437,0.018090798395329788,0.005442299248776448,1.7809596562167649,1.2434220901997999,0.1328171825555243,0.2805550987621865,-10.48435533584491,-11.135845812099195,-0.2769799125793318,-0.6194489295677257,2.7080502011022096,1.9271641062342582,0,1,0,0,0,0,0,0,0,0,0.0
30446_2010,0.014795967156314604,-0.0516725820271175,0.7479110785239437,0.7897159135876906,0.005442299248776448,0.07385757331179002,1.2434220901997999,1.027903973871031,0.2805550987621865,0.3330030876333911,-11.135845812099195,-10.932860994002958,-0.6194489295677257,0.3293869351180221,1.9271641062342582,2.3398808777377424,0,1,0,0,0,0,0,0,0,0,0.0
30458_2008,0.0,0.0,0.0,0.0,0.0,0.0,0.0,0.0,0.0,0.0,0.0,0.0,0.0,0.0,0.0,0.0,0,0,0,0,0,0,0,0,0,1,0.0
30458_2009,0.0,0.0,0.0,0.0,0.0,0.0,0.0,0.0,0.0,0.0,0.0,0.0,0.0,0.0,0.0,0.0,0,0,0,0,0,0,0,0,0,1,0.0
30458_2010,0.0,0.0,0.0,0.0,0.0,0.0,0.0,0.0,0.0,0.0,0.0,0.0,0.0,0.0,0.0,0.0,0,0,0,0,0,0,0,0,0,1,0.0
30474_2008,0.07312930172818145,0.06873149646792334,0.3850360145932261,0.31598562301966593,0.011856202040657108,0.012976691185176942,1.5943036292717,1.7639572689851972,0.27219745692795905,0.08772632399859129,-8.361679468414673,-8.062342727912117,-0.8075299980744537,0.2466513999469456,2.7080502011022096,2.7080502011022096,1,0,0,0,0,0,0,0,0,0,0.0
30474_2009,0.06873149646792334,0.11434040513957608,0.31598562301966593,0.6537743060132798,0.012976691185176942,0.01231444199958212,1.7639572689851972,0.6262046052152153,0.08772632399859129,0.19123577066762146,-8.062342727912117,-8.588999534367671,0.2466513999469456,-0.4831638627568294,2.7080502011022096,2.7080502011022096,1,0,0,0,0,0,0,0,0,0,0.0
30474_2010,0.11434040513957608,0.03032188871241813,0.6537743060132798,0.347645269717414,0.01231444199958212,0.008800752294249413,0.6262046052152153,1.1962730746435384,0.19123577066762146,0.11765157176477495,-8.588999534367671,-8.046556890579433,-0.4831638627568294,0.37267318215440426,2.7080502011022096,2.7080502011022096,1,0,0,0,0,0,0,0,0,0,0.0
3048_2008,0.02075882296501914,0.02337969328637785,0.4900004466486464,0.5044687530784184,0.012047106543898943,0.004005522053369979,1.7482873791957454,1.7315764882740832,0.053123278926217175,0.021849573856457742,-10.851485108507678,-10.844742958858765,-0.11776331711607267,0.013572549849007486,2.7080502011022096,2.7080502011022096,0,0,0,0,0,0,0,0,1,0,0.0
3048_2009,0.02337969328637785,0.023043836330623936,0.5044687530784184,0.5640567873517125,0.004005522053369979,0.006206432982887574,1.7315764882740832,1.569836659454985,0.021849573856457742,0.03768573720087722,-10.844742958858765,-10.434055401877217,0.013572549849007486,0.35070948391605483,2.7080502011022096,2.7080502011022096,0,0,0,0,0,0,0,0,1,0,0.0
3048_2010,0.023043836330623936,0.0180322393377178,0.5640567873517125,0.5694731918419164,0.006206432982887574,0.007731975532400194,1.569836659454985,1.5934669972341662,0.03768573720087722,0.06575321641071201,-10.434055401877217,-10.637694964815319,0.35070948391605483,-0.234047496176416,2.7080502011022096,2.7080502011022096,0,0,0,0,0,0,0,0,1,0,0.0
30500_2008,0.0,0.0,0.0,0.0,0.0,0.0,0.0,0.0,0.0,0.0,0.0,0.0,0.0,0.0,0.0,0.0,0,0,0,0,0,0,0,0,0,1,0.0
30500_2009,0.0,0.0342264062717337,0.0,0.3737041428954084,0.0,0.012977327410423886,0.0,1.4819429475248065,0.0,0.09197293752477724,0.0,-8.087301334114807,0.0,0.3709009510216417,0.0,2.7080502011022096,0,0,0,0,0,0,0,0,0,1,0.0
30500_2010,0.0342264062717337,0.031758689856377115,0.3737041428954084,0.3455626987264409,0.012977327410423886,0.0035130811836368552,1.4819429475248065,1.692069961400101,0.09197293752477724,0.09909654047503004,-8.087301334114807,-8.209059569322202,0.3709009510216417,-0.000616502713633893,2.7080502011022096,2.7080502011022096,0,0,0,0,0,0,0,0,0,1,0.0
30513_2008,0.015478063195394031,0.010911346976910782,0.7981311202170935,0.8775611030101259,0.03630605158928102,0.041633566357609855,1.217693368024415,0.7458087187805067,0.058290540282317276,0.07831725383149409,-6.004927941165298,-6.477872675337656,-0.18601457588018536,-0.5483181691780459,2.7080502011022096,2.7080502011022096,0,0,0,0,0,1,0,0,0,0,0.0
30513_2009,0.010911346976910782,-0.00030302625990929647,0.8775611030101259,0.9176891775538903,0.041633566357609855,0.07425138127663983,0.7458087187805067,0.5574422992600839,0.07831725383149409,0.14703398606648152,-6.477872675337656,-6.443579131264398,-0.5483181691780459,-0.11790240743622744,2.7080502011022096,2.7080502011022096,0,0,0,0,0,1,0,0,0,0,0.0
30513_2010,-0.00030302625990929647,0.005506143367001724,0.9176891775538903,0.8912752060345578,0.07425138127663983,0.07723441702819529,0.5574422992600839,0.6796812563936651,0.14703398606648152,0.2973320309883151,-6.443579131264398,-6.355953634915401,-0.11790240743622744,0.5872593363698414,2.7080502011022096,2.7080502011022096,0,0,0,0,0,1,0,0,0,0,0.0
30521_2008,0.02613103296288134,0.03001046728722655,0.5057342305083387,0.5602560165682031,0.08408869095831914,0.041287127722426833,2.342352728944759,2.0844008713783038,0.04150083468519513,0.05243239175404262,-6.743220639191461,-6.520274815042999,-0.14939705258013142,0.14435712765167003,2.7080502011022096,2.7080502011022096,0,0,0,0,1,0,0,0,0,0,0.0
30521_2009,0.03001046728722655,0.028806601647051577,0.5602560165682031,0.6676271200678757,0.041287127722426833,0.07381910434220143,2.0844008713783038,1.455683977579391,0.05243239175404262,0.12486618872822945,-6.520274815042999,-6.6084249488956495,0.14435712765167003,-0.06377209227339475,2.7080502011022096,2.7080502011022096,0,0,0,0,1,0,0,0,0,0,0.0
30521_2010,0.028806601647051577,0.032833235240901835,0.6676271200678757,0.5370040699693661,0.07381910434220143,0.09699192453191194,1.455683977579391,2.0806671922233804,0.12486618872822945,0.08880568057035851,-6.6084249488956495,-6.384735586300176,-0.06377209227339475,0.04974575279732585,2.7080502011022096,2.7080502011022096,0,0,0,0,1,0,0,0,0,0,0.0
3074_2008,-0.16538356353357164,-0.2866337374644514,0.1299036039023115,0.14279299506061965,0.2979251726199264,0.3634785211794641,2.5888467794955177,1.8732582329159635,0.2804273427372833,0.08262477419584924,-12.084081055206694,-13.015612764604164,-0.6532442054627582,-0.8924370021057869,0.636576829071551,-0.2876820724517809,0,0,0,0,0,0,1,0,0,0,0.0
3074_2009,-0.2866337374644514,-1.3133763982984086,0.14279299506061965,0.4185704532324983,0.3634785211794641,0.17457066330549864,1.8732582329159635,2.887509454630813,0.08262477419584924,0.8529682111685473,-13.015612764604164,-14.165075112938178,-0.8924370021057869,0.7193318501303415,-0.2876820724517809,0.14842000511827322,0,0,0,0,0,0,1,0,0,0,0.0
3074_2010,-1.3133763982984086,0.0,0.4185704532324983,0.0,0.17457066330549864,0.0,2.887509454630813,0.0,0.8529682111685473,0.0,-14.165075112938178,0.0,0.7193318501303415,0.0,0.14842000511827322,0.0,0,0,0,0,0,0,1,0,0,0,0.0
30829_2008,0.03726761902503838,0.03932330157497875,0.14350813082243655,0.1220215080239203,0.11223176989996707,0.08056721719859558,7.4434608888772535,8.420203420496854,0.02740500223456709,0.1330798858639608,-8.441672660212841,-8.241734507745418,0.024612004176239988,0.07728700081289841,2.7080502011022096,2.7080502011022096,0,0,1,0,0,0,0,0,0,0,0.0
30829_2009,0.03932330157497875,0.049344710308659216,0.1220215080239203,0.10599830741313032,0.08056721719859558,0.091256304139739,8.420203420496854,6.850486038589011,0.1330798858639608,0.2341199001129544,-8.241734507745418,-7.6669614188508435,0.07728700081289841,0.4538236381370845,2.7080502011022096,2.7080502011022096,0,0,1,0,0,0,0,0,0,0,0.0
30829_2010,0.049344710308659216,0.07775775859349827,0.10599830741313032,0.11915520688210145,0.091256304139739,0.07097881864184921,6.850486038589011,7.0705390475059655,0.2341199001129544,0.12777249192522847,-7.6669614188508435,-7.937463930493514,0.4538236381370845,-0.5409572361959629,2.7080502011022096,2.7080502011022096,0,0,1,0,0,0,0,0,0,0,0.0
30838_2008,0.017662334269337266,0.06601910968313765,0.7204762788591385,0.6828655233738682,0.11838499316639114,0.06545066045299565,0.6692502577357541,0.7845363665309285,0.1483530210736987,0.18346097157172486,-10.811195134284642,-10.45856311251991,-0.260632056030052,0.3080661026174556,1.9300710850255671,2.2935443483418965,0,1,0,0,0,0,0,0,0,0,0.0
30838_2009,0.06601910968313765,0.04016086526017745,0.6828655233738682,0.844404535096506,0.06545066045299565,0.11031680201306636,0.7845363665309285,0.30702799897989946,0.18346097157172486,0.17040967266029008,-10.45856311251991,-10.912653206104308,0.3080661026174556,-0.32742027394032097,2.2935443483418965,1.3454723665996355,0,1,0,0,0,0,0,0,0,0,0.0
30838_2010,0.04016086526017745,0.053951321769282135,0.844404535096506,0.6779976556614918,0.11031680201306636,0.3140911837127501,0.30702799897989946,0.933000834457229,0.17040967266029008,0.1998498327627092,-10.912653206104308,-9.80212575235625,-0.32742027394032097,0.9375821389598876,1.3454723665996355,2.6905648867611904,0,1,0,0,0,0,0,0,0,0,0.0
3083_2008,0.052860073713475626,0.046674336805641994,0.20809310406107,0.1814693235933238,0.16337651702348974,0.13491835214117798,2.7880121215654903,3.013699100996753,0.07353225406822048,0.06933546016303968,-9.804209397815269,-9.747484803750037,-0.052674200957439216,-0.019309089790795573,2.7080502011022096,2.7080502011022096,0,0,0,0,0,0,1,0,0,0,0.0
3083_2009,0.046674336805641994,0.05412119159700589,0.1814693235933238,0.21368029163896848,0.13491835214117798,0.125534627066471,3.013699100996753,2.792664302252029,0.06933546016303968,0.1357770998688646,-9.747484803750037,-9.768902824046224,-0.019309089790795573,0.1877954315225392,2.7080502011022096,2.7080502011022096,0,0,0,0,0,0,1,0,0,0,0.0
3083_2010,0.05412119159700589,0.02608643226571027,0.21368029163896848,0.27437545685750425,0.125534627066471,0.17829628032131573,2.792664302252029,2.085925213645551,0.1357770998688646,0.08920252258060256,-9.768902824046224,-9.947721938520225,0.1877954315225392,-0.2037837927301192,2.7080502011022096,2.7080502011022096,0,0,0,0,0,0,1,0,0,0,0.0
30875_2008,-0.06713353285838045,-0.04227594909946855,0.6456020420091501,0.5900602835303779,0.013192913177780659,0.016698638972698448,1.365325023920818,1.8163912977748895,0.08870706923905483,0.07951866136593465,-11.183039129505953,-10.826868879364051,-0.11845406995728774,0.28658168116960153,2.0014800002101243,2.276241117654444,0,0,0,0,0,0,0,1,0,0,0.0
30875_2009,-0.04227594909946855,0.00028819967513612566,0.5900602835303779,0.8222055032703078,0.016698638972698448,0.08956075769211434,1.8163912977748895,0.6688761016944456,0.07951866136593465,0.18011670592517445,-10.826868879364051,-11.469047838300572,0.28658168116960153,-0.6021036983635868,2.276241117654444,1.1118575154181305,0,0,0,0,0,0,0,1,0,0,0.0
30875_2010,0.00028819967513612566,-0.02593371786679461,0.8222055032703078,0.6745894429501372,0.08956075769211434,0.07349018958476189,0.6688761016944456,2.2047600851313143,0.18011670592517445,0.12330447156018386,-11.469047838300572,-10.673143067148107,-0.6021036983635868,0.6334796367319975,1.1118575154181305,2.1210632163706555,0,0,0,0,0,0,0,1,0,0,0.0
30886_2008,0.024471749224595496,0.046375386128571214,0.21705007765588347,0.40836650325039575,0.003669547301801311,0.005311284943675176,3.954559497555496,2.7507248903554213,0.09011234482235604,0.1131298627814352,-7.677032608312589,-8.093368851601163,-0.11715540945415673,-0.36231986784493,2.7080502011022096,2.7080502011022096,0,0,1,0,0,0,0,0,0,0,0.0
30886_2009,0.046375386128571214,0.0440073348711071,0.40836650325039575,0.40427157278691406,0.005311284943675176,0.007437026768921645,2.7507248903554213,2.5848330953868826,0.1131298627814352,0.17221328448469975,-8.093368851601163,-7.605154559609621,-0.36231986784493,0.4148964202154741,2.7080502011022096,2.7080502011022096,0,0,1,0,0,0,0,0,0,0,0.0
30886_2010,0.0440073348711071,0.04309414008120449,0.40427157278691406,0.3572605422702377,0.007437026768921645,0.026506358596300808,2.5848330953868826,2.6140733749304075,0.17221328448469975,0.09571159647353952,-7.605154559609621,-7.614583827612335,0.4148964202154741,-0.005872429044844474,2.7080502011022096,2.7080502011022096,0,0,1,0,0,0,0,0,0,0,0.0
30897_2008,0.04953742793141985,0.06484912528674418,0.3233269857571803,0.3155012005502203,0.09542102205302667,0.11948662034706288,1.9139644652161996,1.9526306367116264,0.2005001825278092,0.17809514126758702,-9.93975444693578,-9.772648777975407,0.7746873926256641,-0.08818962244653047,2.7080502011022096,2.7080502011022096,0,1,0,0,0,0,0,0,0,0,0.0
30897_2009,0.06484912528674418,0.06958148795066896,0.3155012005502203,0.4862895776561825,0.11948662034706288,0.15270057364599335,1.9526306367116264,1.1488922476847745,0.17809514126758702,0.20777440353361676,-9.772648777975407,-9.902978706882058,-0.08818962244653047,0.16886500783054031,2.7080502011022096,2.376764491168297,0,1,0,0,0,0,0,0,0,0,0.0
30897_2010,0.06958148795066896,0.04506463899696857,0.4862895776561825,0.4412460926416182,0.15270057364599335,0.05689453362074786,1.1488922476847745,1.4855340997074251,0.20777440353361676,0.1726855499792788,-9.902978706882058,-9.761684774250748,0.16886500783054031,0.14210011914556034,2.376764491168297,2.7080502011022096,0,1,0,0,0,0,0,0,0,0,0.0
30898_2008,-0.04203601659420662,0.007573665470412059,0.7633558979598946,0.7412116855073813,0.17437788312728802,0.1967842588060376,2.3268384963586954,1.6719807580965207,0.15968467251067014,0.19770840560197755,-10.92955313464194,-10.885739811113325,0.16244831550911454,-0.17948719424966178,1.589235205116581,1.62924053973028,0,1,0,0,0,0,0,0,0,0,0.0
30898_2009,0.007573665470412059,0.023732679008999176,0.7412116855073813,0.7271244197278621,0.1967842588060376,0.1942640906036076,1.6719807580965207,4.065310196531706,0.19770840560197755,0.2271192268567108,-10.885739811113325,-10.08118067464841,-0.17948719424966178,0.6500325073409717,1.62924053973028,1.8531680973566984,0,1,0,0,0,0,0,0,0,0,0.0
30898_2010,0.023732679008999176,0.0962123397766146,0.7271244197278621,0.7029608869472035,0.1942640906036076,0.2699657915344351,4.065310196531706,1.8525679714819496,0.2271192268567108,0.21007043540300468,-10.08118067464841,-10.223741582130476,0.6500325073409717,0.2455711347394321,1.8531680973566984,1.9459101490553128,0,1,0,0,0,0,0,0,0,0,0.0
30909_2008,0.0,0.0,0.0,0.0,0.0,0.0,0.0,0.0,0.0,0.0,0.0,0.0,0.0,0.0,0.0,0.0,0,0,0,0,0,0,0,0,0,1,0.0
30909_2009,0.0,0.02518357905936144,0.0,0.466298554598988,0.0,0.003020763540744282,0.0,1.5031474881542477,0.0,0.1534334622700438,0.0,-9.202199355519378,0.0,0.3243901247730703,0.0,2.7080502011022096,0,0,0,0,0,0,0,0,0,1,0.0
30909_2010,0.02518357905936144,0.0,0.466298554598988,0.0,0.003020763540744282,0.0,1.5031474881542477,0.0,0.1534334622700438,0.0,-9.202199355519378,0.0,0.3243901247730703,0.0,2.7080502011022096,0.0,0,0,0,0,0,0,0,0,0,1,0.0
30913_2008,0.0430735511208144,0.04938715440880078,0.2554593150897005,0.24404384923039735,0.09547807964411548,0.10578280442682346,2.5740119206308334,2.3188974941428504,0.1340730962822164,0.06725716246668434,-9.053857699984226,-8.943826446897965,-0.14345385502742058,0.05588970723907447,2.7080502011022096,2.7080502011022096,0,1,0,0,0,0,0,0,0,0,0.0
30913_2009,0.04938715440880078,0.04719008766336573,0.24404384923039735,0.31163979509067796,0.10578280442682346,0.051258055327830336,2.3188974941428504,2.469106077496777,0.06725716246668434,0.1122801292614598,-8.943826446897965,-8.312375684712414,0.05588970723907447,0.5650492442435311,2.7080502011022096,2.7080502011022096,0,1,0,0,0,0,0,0,0,0,0.0
30913_2010,0.04719008766336573,0.04176921249451089,0.31163979509067796,0.29294247520312644,0.051258055327830336,0.06849018173918499,2.469106077496777,2.1785976923955794,0.1122801292614598,0.15485861751506394,-8.312375684712414,-8.53904547510965,0.5650492442435311,0.014104656570479934,2.7080502011022096,2.7080502011022096,0,1,0,0,0,0,0,0,0,0,0.0
3091_2008,-0.013236089716322308,-0.01821376325657219,0.7431826910766867,0.7828368747575596,0.22356808636290426,0.12184764227601053,3.096434315419432,4.658175667959169,0.03320052785821126,0.04667808155573975,-12.580123679341149,-12.611085410525193,0.02696542328129189,-0.09445696219306632,2.7080502011022096,2.7080502011022096,0,0,0,0,0,0,0,0,0,1,0.0
3091_2009,-0.01821376325657219,-0.0017061586659539725,0.7828368747575596,0.7900704966622208,0.12184764227601053,0.058185111980124674,4.658175667959169,4.451582815183776,0.04667808155573975,0.124736948468008,-12.611085410525193,-12.536513202946189,-0.09445696219306632,0.011966192596475413,2.7080502011022096,2.4849066497880004,0,0,0,0,0,0,0,0,0,1,0.0
3091_2010,-0.0017061586659539725,0.0022988546503347525,0.7900704966622208,0.8350456550169696,0.058185111980124674,0.09775746433377244,4.451582815183776,9.794720275671368,0.124736948468008,0.11605461006302425,-12.536513202946189,-12.922358763309244,0.011966192596475413,-0.4619259749783049,2.4849066497880004,2.315501318260592,0,0,0,0,0,0,0,0,0,1,0.0
30922_2008,0.03971544192581306,0.039143120980243806,0.06023317260227301,0.03867882349100829,0.06296720664789057,0.06236747090098396,4.541650459379149,5.255888907967793,0.1435188159245835,0.11529431189264262,-7.288174506310622,-6.453141992209147,0.20940673984106176,0.5070146952003755,2.7080502011022096,2.7080502011022096,0,0,0,0,0,0,1,0,0,0,0.0
30922_2009,0.039143120980243806,0.09623027701601684,0.03867882349100829,0.2036634076547037,0.06236747090098396,0.282356623345654,5.255888907967793,1.4609371368574169,0.11529431189264262,0.1979994480562398,-6.453141992209147,-7.803738789521912,0.5070146952003755,-1.1889525335632107,2.7080502011022096,2.658859956911438,0,0,0,0,0,0,1,0,0,0,0.0
30922_2010,0.09623027701601684,-0.015324594201155603,0.2036634076547037,0.3050783416590231,0.282356623345654,0.17007382729833015,1.4609371368574169,1.3695531397697809,0.1979994480562398,0.12471081728889093,-7.803738789521912,-8.089597607478561,-1.1889525335632107,-0.29522650688201746,2.658859956911438,2.6115393007213656,0,0,0,0,0,0,1,0,0,0,0.0
30928_2008,0.033079110088636635,0.005727614595490362,0.5992660394278209,0.6509644954867329,0.05148438224114819,0.04291920659823941,1.2251515177060868,1.3941078564713507,0.04985568057246072,0.06375914955788757,-8.291455407262779,-8.10198140449104,0.011034067725211509,0.04106387380977697,2.7080502011022096,2.7080502011022096,0,0,0,0,0,0,0,0,0,0,0.0
30928_2009,0.005727614595490362,-0.0522344652605173,0.6509644954867329,0.8414611795408018,0.04291920659823941,0.0945769219163312,1.3941078564713507,0.7109706421871677,0.06375914955788757,0.14972641658812058,-8.10198140449104,-8.610453592604816,0.04106387380977697,-0.4575932789025098,2.7080502011022096,2.7080502011022096,0,0,0,0,0,0,0,0,0,0,0.0
30928_2010,-0.0522344652605173,0.01584849328174925,0.8414611795408018,0.7917638782338781,0.0945769219163312,0.05659728337038601,0.7109706421871677,0.7722559449812739,0.14972641658812058,0.13751720481047586,-8.610453592604816,-8.681704635022987,-0.4575932789025098,-0.015455880083277031,2.7080502011022096,2.7080502011022096,0,0,0,0,0,0,0,0,0,0,0.0
30932_2008,0.03012635088406232,0.0,0.2691004449027505,0.0,0.09860200536392658,0.0,1.6159220955267493,0.0,0.03711973678722698,0.0,-8.04039599714,0.0,-0.0018422396091146293,0.0,2.7080502011022096,0.0,0,0,0,0,0,0,0,0,0,1,0.0
30932_2009,0.0,0.0,0.0,0.0,0.0,0.0,0.0,0.0,0.0,0.0,0.0,0.0,0.0,0.0,0.0,0.0,0,0,0,0,0,0,0,0,0,1,0.0
30932_2010,0.0,0.035925110857399044,0.0,0.456436262300487,0.0,0.0242297212215411,0.0,1.073855425661021,0.0,0.1420058620360791,0.0,-8.129659764846814,0.0,0.272454753672401,0.0,2.7080502011022096,0,0,0,0,0,0,0,0,0,1,0.0
30940_2008,0.05379733153832189,0.059852053073667186,0.5986768780324834,0.2936123243804408,0.08806814132322327,0.021316460122612187,681.3432,6.413765159426223,0.15309142023911895,0.14723575221943752,-9.80669180446434,-8.863272505212006,-0.18151027914029488,0.7650870969959516,1.9344157696295785,2.7080502011022096,0,1,0,0,0,0,0,0,0,0,0.0
30940_2009,0.059852053073667186,0.1475550338215796,0.2936123243804408,0.3076748542761177,0.021316460122612187,0.008183353134559609,6.413765159426223,1.7850490356222704,0.14723575221943752,0.2533654281679897,-8.863272505212006,-8.978558911491941,0.7650870969959516,-0.17251050877440238,2.7080502011022096,2.1186622548331173,0,1,0,0,0,0,0,0,0,0,0.0
30940_2010,0.1475550338215796,0.005753572166024162,0.3076748542761177,0.14466405923639505,0.008183353134559609,0.023005578076753658,1.7850490356222704,2.6429272313846557,0.2533654281679897,0.1691525027539699,-8.978558911491941,-8.57588737936081,-0.17251050877440238,0.3666738626835979,2.1186622548331173,2.7080502011022096,0,1,0,0,0,0,0,0,0,0,0.0
30953_2008,-0.08248239340104305,-0.09640760612639243,0.6847523381051754,0.8368655250439468,0.014321922088743838,0.002730898626289145,0.9334456253199132,0.4773560332036975,0.08972606837519605,0.1835486357875248,-12.114800078837714,-13.008805187361707,-0.2277970679794316,-0.9977975177636129,1.5064745213759956,0.5877866649021191,0,0,1,0,0,0,0,0,0,0,0.0
30953_2009,-0.09640760612639243,-0.02695356978864473,0.8368655250439468,0.9622596938626548,0.002730898626289145,0.01621726355574784,0.4773560332036975,0.14758090924329365,0.1835486357875248,0.3758257725806671,-13.008805187361707,-14.137965222933389,-0.9977975177636129,-1.2995807420156005,0.5877866649021191,-1.0216512475319814,0,0,1,0,0,0,0,0,0,0,0.0
30953_2010,-0.02695356978864473,0.0,0.9622596938626548,0.0,0.01621726355574784,0.0,0.14758090924329365,0.0,0.3758257725806671,0.0,-14.137965222933389,0.0,-1.2995807420156005,0.0,-1.0216512475319814,0.0,0,0,1,0,0,0,0,0,0,0,0.0
30958_2008,0.0,0.0,0.0,0.0,0.0,0.0,0.0,0.0,0.0,0.0,0.0,0.0,0.0,0.0,0.0,0.0,0,0,0,0,0,1,0,0,0,0,0.0
30958_2009,0.0,0.0,0.0,0.0,0.0,0.0,0.0,0.0,0.0,0.0,0.0,0.0,0.0,0.0,0.0,0.0,0,0,0,0,0,1,0,0,0,0,0.0
30958_2010,0.0,0.0,0.0,0.0,0.0,0.0,0.0,0.0,0.0,0.0,0.0,0.0,0.0,0.0,0.0,0.0,0,0,0,0,0,1,0,0,0,0,0.0
30963_2008,0.05821054179803933,0.03996145570290094,0.14933214680005774,0.06912775141241444,0.06801130006593133,0.030176731068604894,3.3102219987265578,4.323214473512602,0.0946170600906516,0.06611728173449871,-7.116894911871348,-6.481237322937287,-0.16487537032355526,0.502817569869254,2.7080502011022096,2.7080502011022096,0,0,0,0,0,0,0,0,0,0,0.0
30963_2009,0.03996145570290094,0.13401215570862784,0.06912775141241444,0.16254220309086195,0.030176731068604894,0.07529957623058874,4.323214473512602,2.137391680477422,0.06611728173449871,0.11674551212627543,-6.481237322937287,-6.865259517633152,0.502817569869254,-0.2277379872791608,2.7080502011022096,2.7080502011022096,0,0,0,0,0,0,0,0,0,0,0.0
30963_2010,0.13401215570862784,0.08434493405009154,0.16254220309086195,0.161407756227801,0.07529957623058874,0.047636885473252906,2.137391680477422,2.951535291521409,0.11674551212627543,0.0587761374489194,-6.865259517633152,-6.587028586577591,-0.2277379872791608,0.1532300927116229,2.7080502011022096,2.7080502011022096,0,0,0,0,0,0,0,0,0,0,0.0
30970_2008,0.0,0.0,0.0,0.0,0.0,0.0,0.0,0.0,0.0,0.0,0.0,0.0,0.0,0.0,0.0,0.0,0,0,0,0,0,1,0,0,0,0,0.0
30970_2009,0.0,0.0,0.0,0.0,0.0,0.0,0.0,0.0,0.0,0.0,0.0,0.0,0.0,0.0,0.0,0.0,0,0,0,0,0,1,0,0,0,0,0.0
30970_2010,0.0,0.0,0.0,0.0,0.0,0.0,0.0,0.0,0.0,0.0,0.0,0.0,0.0,0.0,0.0,0.0,0,0,0,0,0,1,0,0,0,0,0.0
30975_2008,0.026156660764937518,0.034400710364243685,0.462611936853277,0.4560467981144478,0.028008631550877138,0.0439110995854782,3.467341475799868,2.7913110381268105,0.0702083701080291,0.05396446536053874,-7.67406658426203,-7.668639111656492,-0.06686463282677173,0.014580092983039226,2.7080502011022096,2.7080502011022096,0,0,0,0,1,0,0,0,0,0,0.0
30975_2009,0.034400710364243685,0.03628790765414156,0.4560467981144478,0.5011978229427871,0.0439110995854782,0.04329536486959668,2.7913110381268105,2.2641596965712107,0.05396446536053874,0.057178316331996576,-7.668639111656492,-7.330408839527849,0.014580092983039226,0.3452186536501677,2.7080502011022096,2.7080502011022096,0,0,0,0,1,0,0,0,0,0,0.0
30975_2010,0.03628790765414156,0.038126791145294416,0.5011978229427871,0.4539264170718659,0.04329536486959668,0.05104817646284469,2.2641596965712107,2.3957407555426493,0.057178316331996576,0.06279809988402793,-7.330408839527849,-7.410773085165544,0.3452186536501677,-0.07372269080096189,2.7080502011022096,2.7080502011022096,0,0,0,0,1,0,0,0,0,0,0.0
30977_2008,0.015740109834985017,0.015959628090498015,0.776543084613302,0.7230771526239754,0.18705926376868529,0.1398712480944265,2.061914375160311,2.8747325328825144,0.10986000127867396,0.055440461677410964,-8.099943311661246,-7.656547446505991,0.21256813709663747,0.57481063111835,2.7080502011022096,2.7080502011022096,0,0,0,0,0,1,0,0,0,0,0.0
30977_2009,0.015959628090498015,0.015547967955738694,0.7230771526239754,0.8268192025600752,0.1398712480944265,0.16367665678236665,2.8747325328825144,2.0768097926892426,0.055440461677410964,0.15836993843190578,-7.656547446505991,-7.58601581138116,0.57481063111835,0.058658264107809825,2.7080502011022096,2.7080502011022096,0,0,0,0,0,1,0,0,0,0,0.0
30977_2010,0.015547967955738694,0.01831487358257777,0.8268192025600752,0.7611852646546893,0.16367665678236665,0.14957460593587632,2.0768097926892426,2.2706805756802613,0.15836993843190578,0.13118759289262352,-7.58601581138116,-7.387738434665273,0.058658264107809825,0.3265066135583984,2.7080502011022096,2.7080502011022096,0,0,0,0,0,1,0,0,0,0,0.0
30985_2008,0.0,0.0,0.0,0.0,0.0,0.0,0.0,0.0,0.0,0.0,0.0,0.0,0.0,0.0,0.0,0.0,0,0,0,0,0,1,0,0,0,0,0.0
30985_2009,0.0,-0.005611763911840331,0.0,0.6366548879497848,0.0,0.1091000929669521,0.0,1.5373847724882783,0.0,0.04790076189521554,0.0,-11.675243106036339,0.0,-3.344331749385951,0.0,1.5973653311998313,0,0,0,0,0,1,0,0,0,0,0.0
30985_2010,-0.005611763911840331,0.10700158130194606,0.6366548879497848,0.413705933495548,0.1091000929669521,0.10125180045342924,1.5373847724882783,1.2837920117201305,0.04790076189521554,0.12710618088329806,-11.675243106036339,-11.238524616662398,-3.344331749385951,-0.3953450959312169,1.5973653311998313,1.7884205679625405,0,0,0,0,0,1,0,0,0,0,0.0
3102_2008,-0.07418160995931962,0.061547000314616525,0.4098172843667072,0.4276018776242876,0.007132929782394592,0.008499593967008667,1.785804480806712,1.5130240156248602,0.06941435522225821,0.12406321696248512,-10.051173655404046,-10.13774408259646,-0.061971560164700075,-0.19096222310807895,2.7080502011022096,2.6720775406433925,1,0,0,0,0,0,0,0,0,0,0.0
3102_2009,0.061547000314616525,-0.07440935598186467,0.4276018776242876,0.5285751794885517,0.008499593967008667,0.017421218197538592,1.5130240156248602,1.1022276582158947,0.12406321696248512,0.2567567407715523,-10.13774408259646,-10.234750793364734,-0.19096222310807895,0.03664495486725056,2.6720775406433925,2.079441541679836,1,0,0,0,0,0,0,0,0,0,0.0
3102_2010,-0.07440935598186467,-0.0011918252306085848,0.5285751794885517,0.4396805559384829,0.017421218197538592,0.008250292372353423,1.1022276582158947,1.214878252478184,0.2567567407715523,0.2749557011727737,-10.234750793364734,-10.339291734993528,0.03664495486725056,0.07580204401659757,2.079441541679836,2.2082744135228043,1,0,0,0,0,0,0,0,0,0,0.0
3104_2008,0.02780975452443181,-0.09331946145685456,0.32787977550436026,0.6490746672543423,0.18258416234710206,0.047196879852807766,2.6137998824428816,1.22619617279204,0.06650279570581467,0.06756994940328652,-8.003914151554076,-8.015184435138485,-0.09191941448577197,-0.4710203056498588,2.7080502011022096,2.643333886382519,0,0,0,0,1,0,0,0,0,0,0.0
3104_2009,-0.09331946145685456,-0.01695015702571592,0.6490746672543423,0.7180998119604962,0.047196879852807766,0.05983658445417257,1.22619617279204,1.1025152971416885,0.06756994940328652,0.12933309233200055,-8.015184435138485,-7.865300493281111,-0.4710203056498588,0.014403135482751572,2.643333886382519,2.2915241456346207,0,0,0,0,1,0,0,0,0,0,0.0
3104_2010,-0.01695015702571592,0.017479898203499294,0.7180998119604962,0.5754606974705688,0.05983658445417257,0.034275695493951604,1.1025152971416885,1.6702104620290488,0.12933309233200055,0.05239969260360254,-7.865300493281111,-7.471677102486316,0.014403135482751572,0.18982968178043946,2.2915241456346207,2.7080502011022096,0,0,0,0,1,0,0,0,0,0,0.0
31190_2008,0.03288479475925698,0.037672735800070335,0.08294589337748824,0.10429808545920502,0.14889624803869822,0.15994539454950502,3.4171595540674065,3.078481435319381,0.0416216175490756,0.16450217596174474,-10.479066514434844,-10.412585166020415,0.22368921019174792,0.05174007123734181,2.7080502011022096,2.7080502011022096,0,0,0,1,0,0,0,0,0,0,0.0
31190_2009,0.037672735800070335,0.016768692800782206,0.10429808545920502,0.16530058213570284,0.15994539454950502,0.01881294738801901,3.078481435319381,2.421134216283076,0.16450217596174474,0.13639987018404914,-10.412585166020415,-10.220310770394489,0.05174007123734181,0.193967875464839,2.7080502011022096,2.7080502011022096,0,0,0,1,0,0,0,0,0,0,0.0
31190_2010,0.016768692800782206,0.0412798094002502,0.16530058213570284,0.11909963904376447,0.01881294738801901,0.07359872438252077,2.421134216283076,2.987925460472588,0.13639987018404914,0.12379913517639066,-10.220310770394489,-9.952244174296242,0.193967875464839,0.3164744885972104,2.7080502011022096,2.7080502011022096,0,0,0,1,0,0,0,0,0,0,0.0
31196_2008,0.0236508784010813,0.03823217129463043,0.2069112883540954,0.2472835050743973,0.03569907362259856,0.021592835835814204,3.5932331356892253,4.5041645379492845,0.050203379269495085,0.06282607446546844,-7.830270178597143,-7.86068048042059,0.007651102935962828,-0.10241149393780724,2.7080502011022096,2.7080502011022096,0,0,0,1,0,0,0,0,0,0,0.0
31196_2009,0.03823217129463043,0.03825647928544067,0.2472835050743973,0.2689903653261229,0.021592835835814204,0.032434841133308384,4.5041645379492845,3.7829446417409103,0.06282607446546844,0.13449414826694098,-7.86068048042059,-7.670306990816373,-0.10241149393780724,0.11000723388871693,2.7080502011022096,2.7080502011022096,0,0,0,1,0,0,0,0,0,0,0.0
31196_2010,0.03825647928544067,0.021974941523412818,0.2689903653261229,0.3534303095015562,0.032434841133308384,0.08698414353017575,3.7829446417409103,3.033132787309049,0.13449414826694098,0.1085522419268603,-7.670306990816373,-7.455806131281982,0.11000723388871693,0.3143110218475817,2.7080502011022096,2.7080502011022096,0,0,0,1,0,0,0,0,0,0,0.0
31205_2008,-0.0010240420758408123,0.004202655509687554,0.4825798282399827,0.50332980104258,0.01753672054877391,0.004944300599632415,1.287228825744863,1.155292924064702,0.09164828828936984,0.1195509323729054,-10.361645055894977,-10.370588711982396,-0.12667609439273672,0.04759598680805068,2.7080502011022096,2.7080502011022096,1,0,0,0,0,0,0,0,0,0,0.0
31205_2009,0.004202655509687554,0.0009232312142890867,0.50332980104258,0.5952203528695214,0.004944300599632415,0.015694930642914478,1.155292924064702,1.0947240145609074,0.1195509323729054,0.09083882479658642,-10.370588711982396,-10.145031477287986,0.04759598680805068,0.2455721592772906,2.7080502011022096,2.7080502011022096,1,0,0,0,0,0,0,0,0,0,0.0
31205_2010,0.0009232312142890867,0.022715579946303174,0.5952203528695214,0.19761278397107004,0.015694930642914478,0.03630664322878232,1.0947240145609074,2.2466276322951986,0.09083882479658642,0.1844177840605631,-10.145031477287986,-8.999436948498634,0.2455721592772906,0.8933958466712147,2.7080502011022096,2.7080502011022096,1,0,0,0,0,0,0,0,0,0,0.0
31208_2008,0.035728826823067814,0.028889957027277393,0.20178747365019126,0.13955910226068613,0.08267573344873756,0.07468569891410372,6.03499685475254,6.021741763473168,0.06204470037249996,0.06038795378978205,-7.848282398874573,-7.390497794121805,0.04969838317586362,0.3157674429947364,2.7080502011022096,2.7080502011022096,0,0,0,0,1,0,0,0,0,0,0.0
31208_2009,0.028889957027277393,0.07088076481127498,0.13955910226068613,0.21142372528633407,0.07468569891410372,0.09418897695185477,6.021741763473168,3.761978792314389,0.06038795378978205,0.13445251215866913,-7.390497794121805,-7.686711270727162,0.3157674429947364,-0.026681967800668338,2.7080502011022096,2.7080502011022096,0,0,0,0,1,0,0,0,0,0,0.0
31208_2010,0.07088076481127498,0.04692133190909911,0.21142372528633407,0.1536865078353224,0.09418897695185477,0.09146708571889492,3.761978792314389,4.328615904747029,0.13445251215866913,0.07254532215574774,-7.686711270727162,-7.4336860329446655,-0.026681967800668338,0.24156295472328385,2.7080502011022096,2.7080502011022096,0,0,0,0,1,0,0,0,0,0,0.0
31377_2008,0.019465994274037945,-0.03539186554876318,0.3978576022676176,0.33259521421226285,0.004781121400640897,0.017033518178549124,0.5490870003233557,0.5379054782045852,0.13351501657098366,0.12473392587567388,-13.811871994631279,-14.011522860912368,-0.3536818027522091,-0.09065598054304608,0.5306282510621704,0.5306282510621704,0,0,0,0,0,0,1,0,0,0,0.0
31377_2009,-0.03539186554876318,-0.029653893606735975,0.33259521421226285,0.5487774082064084,0.017033518178549124,0.17813981341856722,0.5379054782045852,0.3451800688715346,0.12473392587567388,0.1651036968653848,-14.011522860912368,-14.038218892963505,-0.09065598054304608,0.1677912939730421,0.5306282510621704,0.009950330853168092,0,0,0,0,0,0,1,0,0,0,0.0
31377_2010,-0.029653893606735975,0.006210717213623829,0.5487774082064084,0.41545557681001,0.17813981341856722,0.001159333879876448,0.3451800688715346,0.37456905906431226,0.1651036968653848,0.206343042098502,-14.038218892963505,-14.156700801762119,0.1677912939730421,-0.11962381395356657,0.009950330853168092,0.131028262406404,0,0,0,0,0,0,1,0,0,0,0.0
31388_2008,0.04532292647420304,0.046130457453518126,0.12462317709630537,0.0921521729559298,0.0025647401662003467,0.002067953640919225,3.1406053363568387,3.4319229399878903,0.08220813168690054,0.071682512102453,-8.811158958517005,-8.813573028095822,-0.24273635027040355,-0.08201629283672232,2.7080502011022096,2.7080502011022096,0,1,0,0,0,0,0,0,0,0,0.0
31388_2009,0.046130457453518126,0.055275017597799216,0.0921521729559298,0.11016358918659848,0.002067953640919225,0.012067424463254805,3.4319229399878903,3.303312791449172,0.071682512102453,0.12323715921690245,-8.813573028095822,-8.488398102879902,-0.08201629283672232,0.31612166046815304,2.7080502011022096,2.7080502011022096,0,1,0,0,0,0,0,0,0,0,0.0
31388_2010,0.055275017597799216,0.0442621693549939,0.11016358918659848,0.12452462793769888,0.012067424463254805,0.07979656707649083,3.303312791449172,2.5449008897120984,0.12323715921690245,0.10742149654782453,-8.488398102879902,-8.457912067504365,0.31612166046815304,0.01947309395270741,2.7080502011022096,2.7080502011022096,0,1,0,0,0,0,0,0,0,0,0.0
31389_2008,-0.0820285677608669,-0.14823927221403765,0.09912555726122443,0.12035672939776865,0.26169986320274835,0.19823085073949076,2.3044764275249032,2.6657091520180494,0.22080363750104545,0.13222692433027625,-10.824656572397675,-11.040748912540309,-0.12912860120420772,-0.22498293446979645,1.4109869737102618,1.2029723039923526,0,0,0,0,1,0,0,0,0,0,0.0
31389_2009,-0.14823927221403765,-0.22376520699011,0.12035672939776865,0.19326898068862008,0.19823085073949076,0.21042582365571105,2.6657091520180494,2.409600959940256,0.13222692433027625,0.1305450135295751,-11.040748912540309,-11.008988898653898,-0.22498293446979645,-0.08105094516247496,1.2029723039923526,0.636576829071551,0,0,0,0,1,0,0,0,0,0,0.0
31389_2010,-0.22376520699011,-0.1381170031770438,0.19326898068862008,0.04009546608099932,0.21042582365571105,0.15458709768212933,2.409600959940256,2.846643744531728,0.1305450135295751,0.43932398977006254,-11.008988898653898,-10.524712806140768,-0.08105094516247496,0.21789609170009014,0.636576829071551,0.9783261227936078,0,0,0,0,1,0,0,0,0,0,0.0
3151_2008,0.013525243939708964,0.008551125164660249,0.8476653676528004,0.8954897856906652,0.11895085001610599,0.10493763638190996,1.6647018474773976,1.250174056313328,0.03960479820968283,0.04132625953933268,-3.9720166079897545,-4.252318247983206,0.08318912100671252,-0.25941057641051624,2.7080502011022096,2.7080502011022096,0,0,0,0,0,1,0,0,0,0,0.0
3151_2009,0.008551125164660249,0.0023417554943034697,0.8954897856906652,0.9587239308391006,0.10493763638190996,0.07297828593212947,1.250174056313328,0.5332522569077759,0.04132625953933268,0.2114038467990377,-4.252318247983206,-4.710802446122805,-0.25941057641051624,-0.7226323487327075,2.7080502011022096,2.644755350729896,0,0,0,0,0,1,0,0,0,0,0.0
3151_2010,0.0023417554943034697,0.0029574092431469577,0.9587239308391006,0.9386122351829962,0.07297828593212947,0.15808379675517567,0.5332522569077759,0.6935312245894029,0.2114038467990377,0.3522751882712025,-4.710802446122805,-4.333437421815629,-0.7226323487327075,0.5313114621731443,2.644755350729896,2.7080502011022096,0,0,0,0,0,1,0,0,0,0,0.0
31574_2008,0.10976107057993327,0.065820666813897,0.14521509652872724,0.08065109767856507,0.07017643352505071,0.04535329247441229,3.2472211034077727,4.719777092260244,0.20996200225182168,0.12089312457222395,-6.687309770474485,-6.0298812843505685,-0.5851430015381989,0.5030628580934969,2.7080502011022096,2.7080502011022096,1,0,0,0,0,0,0,0,0,0,0.0
31574_2009,0.065820666813897,0.0873735194304555,0.08065109767856507,0.14715082082506584,0.04535329247441229,0.048396449409728884,4.719777092260244,3.1090070939250163,0.12089312457222395,0.40212266004402025,-6.0298812843505685,-6.330286936921,0.5030628580934969,-1.3469705894900041,2.7080502011022096,2.7080502011022096,1,0,0,0,0,0,0,0,0,0,0.0
31574_2010,0.0873735194304555,0.030832994220967937,0.14715082082506584,0.07195567389450973,0.048396449409728884,0.026383218492955676,3.1090070939250163,4.4505413103019835,0.40212266004402025,0.11148683911784266,-6.330286936921,-5.87181277626601,-1.3469705894900041,0.5623181427614933,2.7080502011022096,2.7080502011022096,1,0,0,0,0,0,0,0,0,0,0.0
31583_2008,0.048353776134699114,0.05632999133588999,0.4546475258043118,0.3579913072131969,0.03227723797944522,0.04274347374962306,5.3033917642322965,4.922354928134616,0.03523568136620918,0.06726021918948093,-9.236810341858146,-9.182360881733176,0.1892499645504912,0.033675468066868115,2.7080502011022096,2.7080502011022096,0,0,0,0,0,0,0,0,1,0,0.0
31583_2009,0.05632999133588999,0.08089661107026874,0.3579913072131969,0.42602188251240175,0.04274347374962306,0.07192214327966083,4.922354928134616,3.5683505869857006,0.06726021918948093,0.08339121640821902,-9.182360881733176,-8.819998057518019,0.033675468066868115,0.2728070955051441,2.7080502011022096,2.7080502011022096,0,0,0,0,0,0,0,0,1,0,0.0
31583_2010,0.08089661107026874,0.07902222443272029,0.42602188251240175,0.29545076306818835,0.07192214327966083,0.07803467378787125,3.5683505869857006,3.127430642827544,0.08339121640821902,0.06133494002941475,-8.819998057518019,-8.697136185370331,0.2728070955051441,-0.1122481549061135,2.7080502011022096,2.7080502011022096,0,0,0,0,0,0,0,0,1,0,0.0
3160_2008,0.046919151131993526,0.0365074100075356,0.2031975537699645,0.2740201303594546,0.025307899484737627,0.012537194953079615,2.8422006378847944,2.7393857223881746,0.0909898393964432,0.06914645056528711,-8.938611948500625,-8.792961882488935,-0.012366374009246298,0.09694029879693812,2.7080502011022096,2.7080502011022096,0,1,0,0,0,0,0,0,0,0,0.0
3160_2009,0.0365074100075356,0.06395274950724042,0.2740201303594546,0.3225051861192969,0.012537194953079615,0.006400499848559602,2.7393857223881746,1.9414174552183607,0.06914645056528711,0.1436942111695996,-8.792961882488935,-8.88918178031285,0.09694029879693812,-0.014657308454286809,2.7080502011022096,2.7080502011022096,0,1,0,0,0,0,0,0,0,0,0.0
3160_2010,0.06395274950724042,-0.06965474823608833,0.3225051861192969,0.22660390551394655,0.006400499848559602,0.008192065107595056,1.9414174552183607,3.479857807817719,0.1436942111695996,0.1221243772467684,-8.88918178031285,-8.47849911914704,-0.014657308454286809,0.40895132846279936,2.7080502011022096,2.7080502011022096,0,1,0,0,0,0,0,0,0,0,0.0
31647_2008,0.03513766092545139,0.034605541380308774,0.489241571866476,0.39845217021296503,0.038121751025277414,0.030401959792623705,2.753002834340903,3.0165670638394246,0.06246716541873251,0.07978871643070504,-9.138514388968206,-8.752131933502405,-0.08673105221350244,0.3307078886174729,2.7080502011022096,2.7080502011022096,0,0,1,0,0,0,0,0,0,0,0.0
31647_2009,0.034605541380308774,0.058567172628011366,0.39845217021296503,0.4868260148558863,0.030401959792623705,0.04528614091682663,3.0165670638394246,2.489714288732283,0.07978871643070504,0.13530367082210085,-8.752131933502405,-8.626874222359527,0.3307078886174729,-0.06969819966737384,2.7080502011022096,2.7080502011022096,0,0,1,0,0,0,0,0,0,0,0.0
31647_2010,0.058567172628011366,0.04276916128038216,0.4868260148558863,0.2827503203779006,0.04528614091682663,0.02745433311202145,2.489714288732283,3.384680467721868,0.13530367082210085,0.1892080673779236,-8.626874222359527,-8.1179005233321,-0.06969819966737384,0.5209131015459441,2.7080502011022096,2.7080502011022096,0,0,1,0,0,0,0,0,0,0,0.0
31655_2008,-0.08634586737951079,-0.477976956644586,0.08902777818265561,0.1071327661444762,0.11852879701724875,0.5284431607697861,1.8953933605826059,1.1029840934960375,0.27048261692900083,0.13298404075896186,-12.704275101589847,-13.708197156117635,-0.7125644774621007,-1.0339025224057292,0.6678293725756554,-0.3856624808119846,0,0,0,0,1,0,0,0,0,0,0.0
31655_2009,-0.477976956644586,-0.5400012872497909,0.1071327661444762,0.1885820943554097,0.5284431607697861,0.8309197399755425,1.1029840934960375,0.5095446149617852,0.13298404075896186,0.2506358310824888,-13.708197156117635,-14.21205047401104,-1.0339025224057292,-0.9660891335325256,-0.3856624808119846,-1.3862943611198906,0,0,0,0,1,0,0,0,0,0,0.0
31655_2010,-0.5400012872497909,-0.2475581497668143,0.1885820943554097,0.06716921362156454,0.8309197399755425,0.4480391869298683,0.5095446149617852,0.992222087026516,0.2506358310824888,0.2562392867370425,-14.21205047401104,-14.331300757145907,-0.9660891335325256,-0.4302274074859,-1.3862943611198906,-1.272965675812887,0,0,0,0,1,0,0,0,0,0,0.0
31661_2008,0.036777267110537484,0.036376891246750566,0.04370726881509435,0.037994424027187834,0.0635117091702188,0.061826804071959486,4.00432031005404,4.402673577260219,0.05596681756895568,0.07845425626170395,-8.4338780679422,-8.466001175874268,0.2429805984662018,-0.058809488335189015,2.7080502011022096,2.7080502011022096,0,0,0,0,0,1,0,0,0,0,0.0
31661_2009,0.036376891246750566,0.03994231197477011,0.037994424027187834,0.038915454901836746,0.061826804071959486,0.045693542270312616,4.402673577260219,4.179490439222634,0.07845425626170395,0.126915706107483,-8.466001175874268,-8.234358264055668,-0.058809488335189015,0.18376886333263825,2.7080502011022096,2.7080502011022096,0,0,0,0,0,1,0,0,0,0,0.0
31661_2010,0.03994231197477011,0.053588376790136456,0.038915454901836746,0.04891459783614608,0.045693542270312616,0.07997404392716329,4.179490439222634,3.6335571769986417,0.126915706107483,0.11740128262521418,-8.234358264055668,-8.066547727534491,0.18376886333263825,0.20712017550083228,2.7080502011022096,2.7080502011022096,0,0,0,0,0,1,0,0,0,0,0.0
31665_2008,0.0370576965052264,-0.0335195530726257,0.21177212426939587,0.4636871508379889,0.12247471685300608,0.0901170524075552,1.602336874799714,0.7836277768060171,0.05427865353842201,0.0658736865201654,-8.97186681613119,-9.654393777860218,-0.08105431254607456,-0.7454366237610525,2.7080502011022096,2.7080502011022096,0,0,0,0,0,1,0,0,0,0,0.0
31665_2009,-0.0335195530726257,-0.03057039959092582,0.4636871508379889,0.5303459412515871,0.0901170524075552,0.08868169971421726,0.7836277768060171,0.5676130304830063,0.0658736865201654,0.21370437451651855,-9.654393777860218,-9.639216621589533,-0.7454366237610525,-0.2281049081777547,2.7080502011022096,2.6078614738467776,0,0,0,0,0,1,0,0,0,0,0.0
31665_2010,-0.03057039959092582,-0.0528271276063052,0.5303459412515871,0.5841027900735073,0.08868169971421726,0.22845854948224406,0.5676130304830063,0.3828866829118529,0.21370437451651855,0.1665428003222651,-9.639216621589533,-10.305622288395671,-0.2281049081777547,-0.4073178945949328,2.6078614738467776,2.1656192379208883,0,0,0,0,0,1,0,0,0,0,0.0
31689_2008,0.00724955750504028,0.0061074865282523755,0.9067600681930882,0.926673193750066,0.018385348862181676,0.015562457709905404,1.2796479748519405,1.1346704219935142,0.052335960750681115,0.057583806228711176,-9.346239999292427,-9.467656740383953,0.053522005187802174,-0.13381769873080082,2.7080502011022096,2.7080502011022096,0,0,0,0,0,1,0,0,0,0,0.0
31689_2009,0.0061074865282523755,0.0,0.926673193750066,0.0,0.015562457709905404,0.0,1.1346704219935142,0.0,0.057583806228711176,0.0,-9.467656740383953,0.0,-0.13381769873080082,0.0,2.7080502011022096,0.0,0,0,0,0,0,1,0,0,0,0,0.0
31689_2010,0.0,0.0,0.0,0.0,0.0,0.0,0.0,0.0,0.0,0.0,0.0,0.0,0.0,0.0,0.0,0.0,0,0,0,0,0,1,0,0,0,0,0.0
31700_2008,0.0,0.0,0.0,0.0,0.0,0.0,0.0,0.0,0.0,0.0,0.0,0.0,0.0,0.0,0.0,0.0,0,0,0,0,0,1,0,0,0,0,0.0
31700_2009,0.0,0.0,0.0,0.0,0.0,0.0,0.0,0.0,0.0,0.0,0.0,0.0,0.0,0.0,0.0,0.0,0,0,0,0,0,1,0,0,0,0,0.0
31700_2010,0.0,0.0,0.0,0.0,0.0,0.0,0.0,0.0,0.0,0.0,0.0,0.0,0.0,0.0,0.0,0.0,0,0,0,0,0,1,0,0,0,0,0.0
31710_2008,0.03707998825535446,0.04612200625087837,0.12075592141684525,0.12942442619195305,0.06633502965167758,0.06816569947611881,4.294887161325561,3.731507586607213,0.09659215234118708,0.2322326342946969,-8.387584877677401,-8.189339242275054,0.2970502268064252,-0.6604737706500456,2.7080502011022096,2.7080502011022096,0,0,1,0,0,0,0,0,0,0,0.0
31710_2009,0.04612200625087837,0.1097082576728793,0.12942442619195305,0.23685069768579184,0.06816569947611881,0.15109042493623356,3.731507586607213,1.7539414442335173,0.2322326342946969,0.2144654443023238,-8.189339242275054,-8.599703735479475,-0.6604737706500456,-0.4679406856124953,2.7080502011022096,2.7080502011022096,0,0,1,0,0,0,0,0,0,0,0.0
31710_2010,0.1097082576728793,0.058179718076857165,0.23685069768579184,0.11743718007547944,0.15109042493623356,0.1203236261047744,1.7539414442335173,2.8625990190217716,0.2144654443023238,0.09782961900305896,-8.599703735479475,-7.840171398003832,-0.4679406856124953,0.669893110186563,2.7080502011022096,2.7080502011022096,0,0,1,0,0,0,0,0,0,0,0.0
31749_2008,0.025733992425137932,0.0,0.19197985512172186,0.0,0.007629532450397594,0.0,1.7968207228988649,0.0,0.036906094234281504,0.0,-7.307626502875989,0.0,0.00152222175335813,0.0,2.7080502011022096,0.0,0,0,1,0,0,0,0,0,0,0,0.0
31749_2009,0.0,0.0,0.0,0.0,0.0,0.0,0.0,0.0,0.0,0.0,0.0,0.0,0.0,0.0,0.0,0.0,0,0,1,0,0,0,0,0,0,0,0.0
31749_2010,0.0,0.0,0.0,0.0,0.0,0.0,0.0,0.0,0.0,0.0,0.0,0.0,0.0,0.0,0.0,0.0,0,0,1,0,0,0,0,0,0,0,0.0
31755_2008,0.7575176030624063,0.0,0.0070310350566728606,0.0,1.2552605389101557,0.0,0.7900650480286276,0.0,0.07291234189739436,0.0,-12.98407295824918,0.0,-0.032294516883972564,0.0,2.7080502011022096,0.0,0,0,0,0,0,1,0,0,0,0,0.0
31755_2009,0.0,0.0,0.0,0.0,0.0,0.0,0.0,0.0,0.0,0.0,0.0,0.0,0.0,0.0,0.0,0.0,0,0,0,0,0,1,0,0,0,0,0.0
31755_2010,0.0,0.0,0.0,0.0,0.0,0.0,0.0,0.0,0.0,0.0,0.0,0.0,0.0,0.0,0.0,0.0,0,0,0,0,0,1,0,0,0,0,0.0
31764_2008,-0.12602006908374191,0.011382160287813005,0.3161608036760994,0.2784433922972203,0.001062497682471498,0.00099411496103495,2.229844262054937,2.573161585264711,0.07900583201774414,0.04134734327618463,-11.898031017011617,-11.677106777836931,-0.25026395653035083,0.17240096944371885,1.6695918352538477,1.8794650496471603,0,0,1,0,0,0,0,0,0,0,0.0
31764_2009,0.011382160287813005,-0.042056946838952766,0.2784433922972203,0.6497165099621421,0.00099411496103495,0.002132840410216305,2.573161585264711,0.7228732266763989,0.04134734327618463,0.285370090623181,-11.677106777836931,-12.730605163616389,0.17240096944371885,-1.257609982291472,1.8794650496471603,0.26236426446749106,0,0,1,0,0,0,0,0,0,0,0.0
31764_2010,-0.042056946838952766,-0.037623544999546864,0.6497165099621421,0.5121142070845869,0.002132840410216305,0.000989253515679349,0.7228732266763989,1.1999752607665897,0.285370090623181,0.14667391307265926,-12.730605163616389,-12.478136499591944,-1.257609982291472,0.00221312018418679,0.26236426446749106,0.7371640659767196,0,0,1,0,0,0,0,0,0,0,0.0
31769_2008,0.04652493113936087,0.04230505798589868,0.2693752701625889,0.17055857907754396,0.06512129981407032,0.05827346929805414,1.9197354851156765,3.0423631335335153,0.10940921046810816,0.2274108474511144,-7.077930491323247,-6.1961467132405685,-0.3228646799115994,0.17481803430551812,2.7080502011022096,2.7080502011022096,0,0,0,0,0,0,0,0,0,0,0.0
31769_2009,0.04230505798589868,0.10297934002313576,0.17055857907754396,0.4618876627922942,0.05827346929805414,0.08139166280107266,3.0423631335335153,0.8235918744387052,0.2274108474511144,0.20712460282955847,-6.1961467132405685,-6.646176589464126,0.17481803430551812,-0.4812459904240157,2.7080502011022096,2.7080502011022096,0,0,0,0,0,0,0,0,0,0,0.0
31769_2010,0.10297934002313576,0.057040682707932985,0.4618876627922942,0.2836113999310705,0.08139166280107266,0.1018112117496258,0.8235918744387052,1.268301809926697,0.20712460282955847,0.10295041533473401,-6.646176589464126,-6.288305361536173,-0.4812459904240157,0.2146589695249833,2.7080502011022096,2.7080502011022096,0,0,0,0,0,0,0,0,0,0,0.0
31779_2008,0.03110600479182218,0.04076629533791474,0.3976851597309305,0.4375774662021028,0.004795655005720158,0.008324870906327447,1.3898889320746513,1.2957837018456806,0.06891841884025526,0.06419281767570226,-9.612321842453726,-9.143376407191408,0.11060688477138376,0.36509343497211705,2.7080502011022096,2.7080502011022096,0,1,0,0,0,0,0,0,0,0,0.0
31779_2009,0.04076629533791474,0.06431743026064361,0.4375774662021028,0.5620316587134027,0.008324870906327447,0.010005563253501222,1.2957837018456806,0.8283520168645861,0.06419281767570226,0.1865619181143373,-9.143376407191408,-9.319501016309859,0.36509343497211705,0.17978363729820068,2.7080502011022096,2.7080502011022096,0,1,0,0,0,0,0,0,0,0,0.0
31779_2010,0.06431743026064361,0.03353555693512269,0.5620316587134027,0.4216521455788217,0.010005563253501222,0.07780752029494582,0.8283520168645861,1.3108680158127433,0.1865619181143373,0.08732836829572517,-9.319501016309859,-9.421299183367909,0.17978363729820068,-0.23316562097131,2.7080502011022096,2.7080502011022096,0,1,0,0,0,0,0,0,0,0,0.0
31780_2008,0.023636875451516142,0.026036541289703896,0.6016548750816314,0.6618424835214757,0.002491992859408367,0.002220685282891865,1.5270188605492376,1.1479577316645968,0.20877140262294866,0.07686127548234523,-8.651165399135444,-8.956295186165208,-0.5905062288637075,-0.3338587627867235,2.7080502011022096,2.7080502011022096,0,0,1,0,0,0,0,0,0,0,0.0
31780_2009,0.026036541289703896,-0.10611560606406836,0.6618424835214757,0.8190989387408897,0.002220685282891865,0.00518056213105176,1.1479577316645968,0.905383031869326,0.07686127548234523,0.14434317421807355,-8.956295186165208,-9.31733185265865,-0.3338587627867235,-0.4420472177830851,2.7080502011022096,2.0386195471595814,0,0,1,0,0,0,0,0,0,0,0.0
31780_2010,-0.10611560606406836,0.018030153870706955,0.8190989387408897,0.6720466848012837,0.00518056213105176,0.0032468472639092354,0.905383031869326,1.4086638810915144,0.14434317421807355,0.2398088069707892,-9.31733185265865,-8.874191054780788,-0.4420472177830851,0.4191036999268174,2.0386195471595814,2.7080502011022096,0,0,1,0,0,0,0,0,0,0,0.0
3178_2008,0.031072856971639362,0.04027906120037293,0.3567567523941233,0.3824915518312443,0.01622245260077795,0.028387640649031837,3.1903048367137035,2.614771785541417,0.03370331220982092,0.061110034728480325,-7.3690917975636365,-7.4844855678661535,0.09759896185595973,-0.14924307222242073,2.7080502011022096,2.7080502011022096,0,0,1,0,0,0,0,0,0,0,0.0
3178_2009,0.04027906120037293,-0.00663004044704981,0.3824915518312443,0.6564500659074193,0.028387640649031837,0.034912297115057694,2.614771785541417,1.5721449522846194,0.061110034728480325,0.11059938994843166,-7.4844855678661535,-7.9711818709296445,-0.14924307222242073,-0.4800059989124418,2.7080502011022096,2.280339484046726,0,0,1,0,0,0,0,0,0,0,0.0
3178_2010,-0.00663004044704981,0.032400920708194475,0.6564500659074193,0.5267788218957138,0.034912297115057694,0.031583804669318816,1.5721449522846194,2.0664891869285067,0.11059938994843166,0.21310469419651176,-7.9711818709296445,-7.775567648747495,-0.4800059989124418,0.32262875825098913,2.280339484046726,2.7080502011022096,0,0,1,0,0,0,0,0,0,0,0.0
31796_2008,0.022444179443102626,-0.0115309875078132,0.2809284997159999,0.23500152540923305,0.006207565678214042,0.01008514634354939,2.583164713797017,1.3651036042058975,0.09865778982913856,0.14040317309202235,-10.766504471458369,-9.620901068985466,0.3547579862108701,0.15435021869773688,2.7080502011022096,2.7080502011022096,0,0,0,0,0,0,0,0,0,0,0.0
31796_2009,-0.0115309875078132,0.03019509860020851,0.23500152540923305,0.6032445755533704,0.01008514634354939,0.02197301341273941,1.3651036042058975,0.5678616038857098,0.14040317309202235,0.10591875527053364,-9.620901068985466,-10.039233116008793,0.15435021869773688,-0.482177074240658,2.7080502011022096,2.1619427631915795,0,0,0,0,0,0,0,0,0,0,0.0
31796_2010,0.03019509860020851,0.006321357328619324,0.6032445755533704,0.414885820434252,0.02197301341273941,0.0032520141633527165,0.5678616038857098,1.2216349455761608,0.10591875527053364,0.08506592369483991,-10.039233116008793,-9.495793567119728,-0.482177074240658,0.259222911192719,2.1619427631915795,2.7080502011022096,0,0,0,0,0,0,0,0,0,0,0.0
317_2008,0.038958881044516,0.06730932928293404,0.2627696708317333,0.38669279684397145,0.007615031656475547,0.017002360699592243,2.202135962949878,1.4728396727206434,0.06817104228339049,0.11607586404176293,-10.05595170412214,-10.159360264403414,-0.0600141822594303,-0.12332185815584296,2.7080502011022096,2.7080502011022096,0,1,0,0,0,0,0,0,0,0,0.0
317_2009,0.06730932928293404,0.10763560008191568,0.38669279684397145,0.4451370579658886,0.017002360699592243,0.057071016718264686,1.4728396727206434,0.8452016657809945,0.11607586404176293,0.25317165302060723,-10.159360264403414,-10.21205009046312,-0.12332185815584296,-0.10118218422973407,2.7080502011022096,2.337952236831337,0,1,0,0,0,0,0,0,0,0,0.0
317_2010,0.10763560008191568,0.0544648309594695,0.4451370579658886,0.314455383433817,0.057071016718264686,0.17610730028117802,0.8452016657809945,1.1441922621917744,0.25317165302060723,0.11322935515310008,-10.21205009046312,-10.14017117615816,-0.10118218422973407,0.015083609169464109,2.337952236831337,2.6390573296152584,0,1,0,0,0,0,0,0,0,0,0.0
31802_2008,0.020210100801087826,0.030258722004888626,0.21300080305851984,0.2815608843668787,0.07473432557864554,0.06383354392315035,3.0802655165673074,2.962007744097308,0.09092577189548257,0.05113938846859635,-9.23701616977885,-9.400630766329096,-0.1703235376924345,-0.1329237031892463,2.7080502011022096,2.7080502011022096,0,0,0,1,0,0,0,0,0,0,0.0
31802_2009,0.030258722004888626,0.061948857377419064,0.2815608843668787,0.37312462198560187,0.06383354392315035,0.10862735506525076,2.962007744097308,1.8856123473786683,0.05113938846859635,0.09834093144241804,-9.400630766329096,-9.363963839970543,-0.1329237031892463,-0.034217435449130584,2.7080502011022096,2.3446862690126813,0,0,0,1,0,0,0,0,0,0,0.0
31802_2010,0.061948857377419064,0.04360988604007965,0.37312462198560187,0.18093503634116725,0.10862735506525076,0.0767135003528787,1.8856123473786683,3.329182958908531,0.09834093144241804,0.09868154351751,-9.363963839970543,-8.681039231346201,-0.034217435449130584,0.7440757951441859,2.3446862690126813,2.7080502011022096,0,0,0,1,0,0,0,0,0,0,0.0
31806_2008,0.036014165612591464,-0.00018527543960084104,0.16726164504413088,0.16150177756411352,0.003397497385603229,0.008739491633682362,2.601041958503493,2.4961853317381046,0.04203509605352214,0.05113039732665228,-7.60586542363952,-7.724515704271406,-0.0724681400488571,-0.0984284555206144,2.7080502011022096,2.7080502011022096,0,0,0,0,0,0,0,1,0,0,0.0
31806_2009,-0.00018527543960084104,-0.7775389316005891,0.16150177756411352,0.8059573848823421,0.008739491633682362,0.04324355718962885,2.4961853317381046,0.21851279651801667,0.05113039732665228,0.5187396344619788,-7.724515704271406,-11.354471066982686,-0.0984284555206144,-2.4935216291252407,2.7080502011022096,0.7929925155296614,0,0,0,0,0,0,0,1,0,0,0.0
31806_2010,-0.7775389316005891,-0.2857074703360663,0.8059573848823421,0.4812979206281052,0.04324355718962885,0.03623736599262576,0.21851279651801667,0.8954692837643511,0.5187396344619788,0.3101471146975913,-11.354471066982686,-10.416658089174152,-2.4935216291252407,1.1672492804885792,0.7929925155296614,1.9401794743463283,0,0,0,0,0,0,0,1,0,0,0.0
31832_2008,0.034803955332858835,0.03664659574524999,0.303031296955729,0.4017750861997481,0.08628100968643276,0.12732685820977369,3.1123469023910237,2.2048997772828507,0.07508344206886078,0.1832518875046896,-7.420891667704835,-7.948877633046423,0.03560826536792927,-0.6525116545936456,2.7080502011022096,2.7080502011022096,0,0,0,0,0,0,1,0,0,0,0.0
31832_2009,0.03664659574524999,0.03783896995685362,0.4017750861997481,0.6289898953354176,0.12732685820977369,0.11799784052334615,2.2048997772828507,3.608299139347795,0.1832518875046896,0.10618948932258923,-7.948877633046423,-8.16592455341192,-0.6525116545936456,0.001625177401372746,2.7080502011022096,2.6490076604684267,0,0,0,0,0,0,1,0,0,0,0.0
31832_2010,0.03783896995685362,-0.006251956104447831,0.6289898953354176,0.6634651599326152,0.11799784052334615,0.08544340009412035,3.608299139347795,2.5923201798857853,0.10618948932258923,0.19840090098974203,-8.16592455341192,-8.631020250007884,0.001625177401372746,-0.4167725151517168,2.6490076604684267,2.4096441652874536,0,0,0,0,0,0,1,0,0,0,0.0
31838_2008,0.04538297400756934,0.021922825931127918,0.2044877851115744,0.3380236392397941,0.011580602042717904,0.010808215853730969,2.7446710489707367,2.5544989367863846,0.08159984530307675,0.04507985665977415,-7.115812405110371,-7.136024335799669,-0.03529666339189325,-0.008997070523466686,2.7080502011022096,2.7080502011022096,0,0,0,0,1,0,0,0,0,0,0.0
31838_2009,0.021922825931127918,0.0396076674215775,0.3380236392397941,0.3268750655215061,0.010808215853730969,0.01729730298206318,2.5544989367863846,2.3347885401288866,0.04507985665977415,0.06974052969313048,-7.136024335799669,-6.6506365158931375,-0.008997070523466686,0.4738230539282402,2.7080502011022096,2.7080502011022096,0,0,0,0,1,0,0,0,0,0,0.0
31838_2010,0.0396076674215775,0.04667980327016572,0.3268750655215061,0.29144371730858504,0.01729730298206318,0.034204620388261386,2.3347885401288866,2.3560342892197155,0.06974052969313048,0.05207335279181076,-6.6506365158931375,-6.7903472177196464,0.4738230539282402,-0.0949758564621752,2.7080502011022096,2.7080502011022096,0,0,0,0,1,0,0,0,0,0,0.0
31841_2008,0.01180174380639668,-0.0011431681107128134,0.7273727815371016,0.7222536123483556,0.048652086712084285,0.04298312096280179,3.57534509304189,2.5230692908561143,0.06594423481208615,0.08292234756146354,-9.333483079754657,-9.268586621404518,0.013814443443162487,0.09751183116015824,2.7080502011022096,2.7080502011022096,0,0,1,0,0,0,0,0,0,0,0.0
31841_2009,-0.0011431681107128134,-0.13022839550144052,0.7222536123483556,0.9564726493696162,0.04298312096280179,0.03953922369441327,2.5230692908561143,138.709,0.08292234756146354,0.27510744131054393,-9.268586621404518,-10.949427315336523,0.09751183116015824,-1.7740016182999163,2.7080502011022096,1.0818051703517284,0,0,1,0,0,0,0,0,0,0,0.0
31841_2010,-0.13022839550144052,-0.018824881769427485,0.9564726493696162,0.7279813867821067,0.03953922369441327,0.04306514048622452,138.709,12.182835200331144,0.27510744131054393,0.3716477567754672,-10.949427315336523,-9.151930123541089,-1.7740016182999163,1.9687965336038449,1.0818051703517284,2.7080502011022096,0,0,1,0,0,0,0,0,0,0,0.0
31847_2008,0.04764266899411962,0.11281644223438735,0.2211184960300392,0.21254502458864613,0.032549283083791444,0.049909787793166925,3.6500451681815904,3.983427844287191,0.07706641351516719,0.04194978997051964,-7.1281516938715805,-7.131066331510952,-0.1835613553165096,0.10224778674057224,2.7080502011022096,2.7080502011022096,0,1,0,0,0,0,0,0,0,0,0.0
31847_2009,0.11281644223438735,0.06999610271007073,0.21254502458864613,0.3520164112746077,0.049909787793166925,0.07055355089647365,3.983427844287191,2.6024593834175787,0.04194978997051964,0.15099978668726471,-7.131066331510952,-7.4489101636457296,0.10224778674057224,-0.1478821959064926,2.7080502011022096,2.7080502011022096,0,1,0,0,0,0,0,0,0,0,0.0
31847_2010,0.06999610271007073,0.024406265343766723,0.3520164112746077,0.3305738513462704,0.07055355089647365,0.07119507760904856,2.6024593834175787,3.3816209766349035,0.15099978668726471,0.17135233421681947,-7.4489101636457296,-7.3027376244124635,-0.1478821959064926,0.29339214702902083,2.7080502011022096,2.7080502011022096,0,1,0,0,0,0,0,0,0,0,0.0
31854_2008,0.009738715087743537,0.010397364147512262,0.8381381204185824,0.8768967152336101,0.024771333802768688,0.030075150593664626,2.041989542937211,1.4567900082575502,0.025440679391578833,0.051613812353631015,-8.786584588229662,-9.100405395151975,-0.049830867158987546,-0.35323581403229704,2.7080502011022096,2.7080502011022096,0,0,0,0,0,1,0,0,0,0,0.0
31854_2009,0.010397364147512262,0.010419253005365987,0.8768967152336101,0.8818922244242363,0.030075150593664626,0.023590327010060044,1.4567900082575502,1.3637474293818308,0.051613812353631015,0.08747684654205642,-9.100405395151975,-8.5646683398452,-0.35323581403229704,0.4714261953478363,2.7080502011022096,2.7080502011022096,0,0,0,0,0,1,0,0,0,0,0.0
31854_2010,0.010419253005365987,0.01225998331208952,0.8818922244242363,0.8893880019578594,0.023590327010060044,0.01929395784885433,1.3637474293818308,1.06403717051837,0.08747684654205642,0.2895487430455549,-8.5646683398452,-8.950098857453497,0.4714261953478363,-0.25952502402282346,2.7080502011022096,2.7080502011022096,0,0,0,0,0,1,0,0,0,0,0.0
31890_2008,0.03067240067628864,0.04304178892593825,0.2196717948920883,0.3280572430778957,0.17902324635037278,0.22294055208625613,3.652643292541272,2.931089952535129,0.1560623627245442,0.0967962805669768,-9.277629449497963,-9.741777520303817,-0.11132404323985874,-0.38692100395665824,2.7080502011022096,2.7080502011022096,0,1,0,0,0,0,0,0,0,0,0.0
31890_2009,0.04304178892593825,0.04801890547733341,0.3280572430778957,0.428332203137382,0.22294055208625613,0.3030089434949225,2.931089952535129,2.250889957128836,0.0967962805669768,0.14525302453244773,-9.741777520303817,-9.567446808307203,-0.38692100395665824,0.0967322455097918,2.7080502011022096,2.7080502011022096,0,1,0,0,0,0,0,0,0,0,0.0
31890_2010,0.04801890547733341,0.01730928636843047,0.428332203137382,0.368984190106804,0.3030089434949225,0.2815166293532871,2.250889957128836,2.312634827150832,0.14525302453244773,0.11756113609703342,-9.567446808307203,-9.706785639031676,0.0967322455097918,-0.1846721159324769,2.7080502011022096,2.7080502011022096,0,1,0,0,0,0,0,0,0,0,0.0
31894_2008,0.0716565386677569,0.04264733992081742,0.3221963200571545,0.4563242479772273,0.11078509714688456,0.0,2.040052676030604,1.947166281261952,0.1676110989616572,0.09353315674857954,-11.778819413438232,-12.509519536274187,0.1285292625473185,-0.2338600196308277,2.2669579153508947,1.9544450515051504,1,0,0,0,0,0,0,0,0,0,0.0
31894_2009,0.04264733992081742,0.09036376097720328,0.4563242479772273,0.7182982212286781,0.0,0.0,1.947166281261952,0.6319580007084182,0.09353315674857954,0.1915367386755831,-12.509519536274187,-12.996354550243922,-0.2338600196308277,-0.5801438072936801,1.9544450515051504,0.9555114450274363,1,0,0,0,0,0,0,0,0,0,0.0
31894_2010,0.09036376097720328,0.014869997078586038,0.7182982212286781,0.7149284253578732,0.0,0.0605024832018697,0.6319580007084182,0.6913482282341855,0.1915367386755831,0.2383761590824536,-12.996354550243922,-13.110460662939028,-0.5801438072936801,0.020451948933432832,0.9555114450274363,1.0543120297715298,1,0,0,0,0,0,0,0,0,0,0.0
31896_2008,0.008320138949891339,0.00797556050086742,0.8471481038086156,0.8809982021426058,0.03293859199723203,0.035257783873368594,1.9982245517017758,1.4254186830039195,0.03976076168754605,0.09655684283726762,-10.462676421849249,-10.596414207749099,0.09046097035855256,-0.2025997780708108,2.7080502011022096,2.7080502011022096,0,0,0,0,0,1,0,0,0,0,0.0
31896_2009,0.00797556050086742,0.005424507674810645,0.8809982021426058,0.8666091741019537,0.035257783873368594,0.016998623511847232,1.4254186830039195,1.4972334741813105,0.09655684283726762,0.09676114617503632,-10.596414207749099,-9.914844284665874,-0.2025997780708108,0.5626373985184027,2.7080502011022096,2.7080502011022096,0,0,0,0,0,1,0,0,0,0,0.0
31896_2010,0.005424507674810645,0.00490415417751689,0.8666091741019537,0.872744287481049,0.016998623511847232,0.0378436930088225,1.4972334741813105,1.2172303796336246,0.09676114617503632,0.129895391615089,-9.914844284665874,-10.245007701378732,0.5626373985184027,-0.2662628687735983,2.7080502011022096,2.7080502011022096,0,0,0,0,0,1,0,0,0,0,0.0
31899_2008,0.023132533388792943,0.0,0.2859042553191489,0.0,0.0035157698185204946,0.0,3.3688006795397425,0.0,0.06747976175911015,0.0,-8.52487358322862,0.0,0.03821773395218178,0.0,2.7080502011022096,0.0,0,0,0,0,0,0,0,0,0,1,0.0
31899_2009,0.0,0.018019091636194456,0.0,0.5478757883786518,0.0,0.004175907435916872,0.0,1.8708499330939783,0.0,0.13573171549636218,0.0,-8.866769470741321,0.0,0.04303054931829714,0.0,2.7080502011022096,0,0,0,0,0,0,0,0,0,1,0.0
31899_2010,0.018019091636194456,0.0,0.5478757883786518,0.0,0.004175907435916872,0.0,1.8708499330939783,0.0,0.13573171549636218,0.0,-8.866769470741321,0.0,0.04303054931829714,0.0,2.7080502011022096,0.0,0,0,0,0,0,0,0,0,0,1,0.0
31907_2008,0.007843228817780525,0.006199847660886046,0.8693679041926452,0.9249726583437812,0.07438789268477007,0.047646321325310916,1.8961875548789373,1.1850194655345534,0.0713321171651117,0.06936397874253987,-11.781080524785624,-12.32404706791025,-0.06196884092238963,-0.4224333728600513,2.6885275346133457,2.1400661634962708,0,0,0,0,0,1,0,0,0,0,0.0
31907_2009,0.006199847660886046,0.0022487067314744726,0.9249726583437812,0.9676511302780672,0.047646321325310916,0.04011669506290029,1.1850194655345534,0.5839970165020001,0.06936397874253987,0.1323520917077055,-12.32404706791025,-12.552516803034782,-0.4224333728600513,-0.3404807763908327,2.1400661634962708,1.3609765531356006,0,0,0,0,0,1,0,0,0,0,0.0
31907_2010,0.0022487067314744726,-0.001212956439379276,0.9676511302780672,0.96777541657087,0.04011669506290029,0.08262354062321277,0.5839970165020001,0.6075413750042574,0.1323520917077055,0.08705192701523172,-12.552516803034782,-12.75327094250049,-0.3404807763908327,-0.16671198317565322,1.3609765531356006,1.3912819026309295,0,0,0,0,0,1,0,0,0,0,0.0
31912_2008,-0.050232444625761985,0.0027123844802866928,0.8745851053853795,0.6502558796500099,0.042982503527540385,0.017229844423389158,2.4615978167320614,5.599318635671104,0.0896830031580168,0.12208158950005155,-12.941936914772361,-11.465218726470995,0.1786797330495148,1.2097194517891825,2.7080502011022096,2.7080502011022096,0,1,0,0,0,0,0,0,0,0,0.0
31912_2009,0.0027123844802866928,-0.16820789359122987,0.6502558796500099,0.94403126758768,0.017229844423389158,0.062177709524886125,5.599318635671104,744.6510000000001,0.12208158950005155,0.2098936078572777,-11.465218726470995,-12.811221526538858,1.2097194517891825,-1.0715966972017923,2.7080502011022096,2.7080502011022096,0,1,0,0,0,0,0,0,0,0,0.0
31912_2010,-0.16820789359122987,0.001811836884848254,0.94403126758768,0.7533975239304052,0.062177709524886125,0.02352991612083407,744.6510000000001,6.739810449321631,0.2098936078572777,0.18263630875084225,-12.811221526538858,-12.404497355581091,-1.0715966972017923,0.6366817864843376,2.7080502011022096,2.7080502011022096,0,1,0,0,0,0,0,0,0,0,0.0
31933_2008,0.019463258823994814,0.01883467370263021,0.4306052471169442,0.3581134183145843,0.0902279178405124,0.08760330472030722,1.8790908164408395,2.4562398649466,0.07691415407044222,0.07164919739159724,-8.899745085309695,-8.72930540946875,0.2835098118189322,0.13442959479100736,2.7080502011022096,2.7080502011022096,0,0,1,0,0,0,0,0,0,0,0.0
31933_2009,0.01883467370263021,0.038720658925720006,0.3581134183145843,0.43912643827947206,0.08760330472030722,0.0830571620560039,2.4562398649466,1.8521283189873168,0.07164919739159724,0.16304155197187625,-8.72930540946875,-8.992027840752177,0.13442959479100736,-0.15158109596831276,2.7080502011022096,2.7080502011022096,0,0,1,0,0,0,0,0,0,0,0.0
31933_2010,0.038720658925720006,0.023054700208123426,0.43912643827947206,0.5126004180554239,0.0830571620560039,0.03784974203933447,1.8521283189873168,1.3062181716134236,0.16304155197187625,0.1449003755051995,-8.992027840752177,-8.888270326874544,-0.15158109596831276,0.1863017262818729,2.7080502011022096,2.7080502011022096,0,0,1,0,0,0,0,0,0,0,0.0
31946_2008,0.053979495037455576,0.042375014313894205,0.35192000890936737,0.4274445261166383,0.0225551904444352,0.022637294899190447,1.8256751837853835,1.554016399395683,0.0360140272070882,0.0499853403783946,-7.862255307091037,-8.07627099589968,0.1026848584575092,-0.15215830761568644,2.7080502011022096,2.7080502011022096,0,0,1,0,0,0,0,0,0,0,0.0
31946_2009,0.042375014313894205,0.03627403347430358,0.4274445261166383,0.6677329367783461,0.022637294899190447,0.10761076354307668,1.554016399395683,0.7338755034869153,0.0499853403783946,0.1642780312703156,-8.07627099589968,-8.557269637175494,-0.15215830761568644,-0.4298182452566966,2.7080502011022096,2.7080502011022096,0,0,1,0,0,0,0,0,0,0,0.0
31946_2010,0.03627403347430358,0.0015529069175170384,0.6677329367783461,0.4269872860404849,0.10761076354307668,0.0734059099910304,0.7338755034869153,1.4652059567333455,0.1642780312703156,0.1581772896289639,-8.557269637175494,-7.897555307464369,-0.4298182452566966,0.5610343036537836,2.7080502011022096,2.7080502011022096,0,0,1,0,0,0,0,0,0,0,0.0
3194_2008,0.04641490380538416,0.049311917567775164,0.1139786970684546,0.1208867232675877,0.08859754015013659,0.07268493913130541,3.1048475151192623,3.2283796942944814,0.04869466073569971,0.20692928833315616,-6.533939908570434,-6.238318262436622,0.09656010478442006,-0.4475410093202521,2.7080502011022096,2.7080502011022096,0,0,1,0,0,0,0,0,0,0,0.0
3194_2009,0.049311917567775164,0.046093543508978346,0.1208867232675877,0.14126010825022342,0.07268493913130541,0.1071216803510265,3.2283796942944814,2.614584274844145,0.20692928833315616,0.08199721714275855,-6.238318262436622,-5.980752823472264,-0.4475410093202521,0.2357617406737985,2.7080502011022096,2.7080502011022096,0,0,1,0,0,0,0,0,0,0,0.0
3194_2010,0.046093543508978346,0.04803107119339843,0.14126010825022342,0.11752208341037484,0.1071216803510265,0.12962872463109507,2.614584274844145,2.852408683549156,0.08199721714275855,0.09354880487627618,-5.980752823472264,-5.949589132575769,0.2357617406737985,0.08181610103448167,2.7080502011022096,2.7080502011022096,0,0,1,0,0,0,0,0,0,0,0.0
31965_2008,0.014335834697218957,0.0,0.4312208766744863,0.0,0.007285078469050953,0.0,2.174801097266281,0.0,0.056347379311497275,0.0,-8.373641796846838,0.0,0.023957461819075543,0.0,2.7080502011022096,0.0,0,0,0,0,0,0,0,0,0,1,0.0
31965_2009,0.0,0.023136275201106185,0.0,0.6375621868953618,0.0,0.02616301496119686,0.0,1.4215753595968723,0.0,0.22187880567572255,0.0,-8.303429748646256,0.0,-0.06558301086962115,0.0,2.7080502011022096,0,0,0,0,0,0,0,0,0,1,0.0
31965_2010,0.023136275201106185,0.0,0.6375621868953618,0.0,0.02616301496119686,0.0,1.4215753595968723,0.0,0.22187880567572255,0.0,-8.303429748646256,0.0,-0.06558301086962115,0.0,2.7080502011022096,0.0,0,0,0,0,0,0,0,0,0,1,0.0
31967_2008,0.03745960388173096,0.03645385941563553,0.18934144899726912,0.1440824049568678,0.010861030438193465,0.018953955041554286,4.050692477789654,4.21446119366916,0.06510211764309679,0.19173312463081774,-7.760825418713423,-7.350290557082846,0.09490609479100504,-0.395697123613452,2.7080502011022096,2.7080502011022096,0,0,0,0,0,0,1,0,0,0,0.0
31967_2009,0.03645385941563553,0.07314221613632972,0.1440824049568678,0.2836668769227706,0.018953955041554286,0.03751541955166782,4.21446119366916,2.526199586405187,0.19173312463081774,0.14490295919439758,-7.350290557082846,-7.529807259556253,-0.395697123613452,-0.08920154187390922,2.7080502011022096,2.7080502011022096,0,0,0,0,0,0,1,0,0,0,0.0
31967_2010,0.07314221613632972,0.033614717009061185,0.2836668769227706,0.15402798615509486,0.03751541955166782,0.044672014367368784,2.526199586405187,3.3731112702963664,0.14490295919439758,0.06500433224809976,-7.529807259556253,-7.133713111037647,-0.08920154187390922,0.27200159855403994,2.7080502011022096,2.7080502011022096,0,0,0,0,0,0,1,0,0,0,0.0
31991_2008,0.0,0.0,0.0,0.0,0.0,0.0,0.0,0.0,0.0,0.0,0.0,0.0,0.0,0.0,0.0,0.0,0,0,0,0,0,0,0,0,0,1,0.0
31991_2009,0.0,0.00931321023899831,0.0,0.5043429223484175,0.0,0.019594389882548188,0.0,1.7335725272079088,0.0,0.1265417616759362,0.0,-7.074749761687031,0.0,-0.09109301175101686,0.0,2.7080502011022096,0,0,0,0,0,0,0,0,0,1,0.0
31991_2010,0.00931321023899831,0.0,0.5043429223484175,0.0,0.019594389882548188,0.0,1.7335725272079088,0.0,0.1265417616759362,0.0,-7.074749761687031,0.0,-0.09109301175101686,0.0,2.7080502011022096,0.0,0,0,0,0,0,0,0,0,0,1,0.0
31994_2008,0.03920110752272584,0.040579466684865305,0.2977340766313142,0.35558467004591404,0.12321790815335,0.17452570420361074,1.9065369534587693,1.790939528121149,0.11730148803249432,0.1051591795162715,-10.116429645400672,-10.110424477811296,0.0795081542047045,0.025387247206765783,2.5368663887187117,2.5478814489493886,0,1,0,0,0,0,0,0,0,0,0.0
31994_2009,0.040579466684865305,0.0686095499412352,0.35558467004591404,0.4308235134275338,0.17452570420361074,0.16156865539089632,1.790939528121149,1.378456941691803,0.1051591795162715,0.15007776025011388,-10.110424477811296,-9.833664083805216,0.025387247206765783,0.2795463876022435,2.5478814489493886,2.3664984187376983,0,1,0,0,0,0,0,0,0,0,0.0
31994_2010,0.0686095499412352,0.046329000691234884,0.4308235134275338,0.36454371721716977,0.16156865539089632,0.17328309456364105,1.378456941691803,1.4548226922625798,0.15007776025011388,0.08315260698297877,-9.833664083805216,-9.954516079644925,0.2795463876022435,-0.10917457634767076,2.3664984187376983,2.5128460184772416,0,1,0,0,0,0,0,0,0,0,0.0
32004_2008,0.003436106918796832,-0.007355571723061611,0.21454995729310208,0.13816891261839193,0.22121265241613491,0.17554198890917005,1.336825855648354,2.079219839914081,0.1175052173754212,0.10157231066192624,-9.86016695239496,-9.800258607605482,-0.3447997663810304,0.2303581223510637,2.7080502011022096,2.7080502011022096,0,0,0,0,0,0,1,0,0,0,0.0
32004_2009,-0.007355571723061611,0.007786718775601737,0.13816891261839193,0.2136945257512749,0.17554198890917005,0.1410600783196734,2.079219839914081,2.136664228989501,0.10157231066192624,0.06737493250837698,-9.800258607605482,-9.446755602731429,0.2303581223510637,0.4128272145503167,2.7080502011022096,2.7080502011022096,0,0,0,0,0,0,1,0,0,0,0.0
32004_2010,0.007786718775601737,0.04867083851258404,0.2136945257512749,0.14233762669947922,0.1410600783196734,0.09593405028176588,2.136664228989501,2.3470266454288216,0.06737493250837698,0.0426229324907817,-9.446755602731429,-9.327896942670328,0.4128272145503167,9.407662113097848e-05,2.7080502011022096,2.7080502011022096,0,0,0,0,0,0,1,0,0,0,0.0
32009_2008,0.0378682686767359,0.05402723626491364,0.13404554771552984,0.25357280517570113,0.053264945639339915,0.08053893390801084,3.037469725032056,2.123932353992937,0.05133768778135133,0.08109249981151365,-7.901265527703742,-8.181791214284686,0.21059382529290988,-0.3005555432150986,2.7080502011022096,2.7080502011022096,0,0,1,0,0,0,0,0,0,0,0.0
32009_2009,0.05402723626491364,0.06984826067508515,0.25357280517570113,0.27894573856793864,0.08053893390801084,0.14105563775246874,2.123932353992937,1.4549190998052564,0.08109249981151365,0.14718300154812206,-8.181791214284686,-8.045533607130235,-0.3005555432150986,0.1303234182168932,2.7080502011022096,2.7080502011022096,0,0,1,0,0,0,0,0,0,0,0.0
32009_2010,0.06984826067508515,0.04851653730947015,0.27894573856793864,0.1550404382050075,0.14105563775246874,0.11828119314863525,1.4549190998052564,2.2941903160872616,0.14718300154812206,0.12341570803656735,-8.045533607130235,-7.682878538008434,0.1303234182168932,0.38320268928854295,2.7080502011022096,2.7080502011022096,0,0,1,0,0,0,0,0,0,0,0.0
3200_2008,0.025012594855628636,0.022042296926125873,0.5661564004722892,0.5354994060353775,0.0015899064038569324,0.0017355341707432019,1.9576510731369798,1.9162907057582432,0.040657477101575835,0.04759383568131238,-9.153025579801307,-9.13447564254322,-0.038431946674608544,0.05385411956598593,2.7080502011022096,2.7080502011022096,0,0,0,0,0,0,0,0,1,0,0.0
3200_2009,0.022042296926125873,0.03342567183737053,0.5354994060353775,0.5570751636283618,0.0017355341707432019,0.012508144041258506,1.9162907057582432,1.874586137883908,0.04759383568131238,0.12450359287930628,-9.13447564254322,-8.463218218754356,0.05385411956598593,0.24617717925532695,2.7080502011022096,2.7080502011022096,0,0,0,0,0,0,0,0,1,0,0.0
3200_2010,0.03342567183737053,0.008672228688599662,0.5570751636283618,0.5193099386472132,0.012508144041258506,0.0115194650659154,1.874586137883908,1.9565707214014048,0.12450359287930628,0.060648948190060815,-8.463218218754356,-8.761535701855268,0.24617717925532695,-0.3661522370953069,2.7080502011022096,2.7080502011022096,0,0,0,0,0,0,0,0,1,0,0.0
32019_2008,0.0,0.0,0.0,0.0,0.0,0.0,0.0,0.0,0.0,0.0,0.0,0.0,0.0,0.0,0.0,0.0,0,0,0,0,0,0,0,0,0,1,0.0
32019_2009,0.0,0.020884261480593948,0.0,0.4543797982358421,0.0,0.00017922466796948118,0.0,1.9435249281269495,0.0,0.12897005126883007,0.0,-9.08276514036702,0.0,0.2701583555714317,0.0,2.7080502011022096,0,0,0,0,0,0,0,0,0,1,0.0
32019_2010,0.020884261480593948,0.0,0.4543797982358421,0.0,0.00017922466796948118,0.0,1.9435249281269495,0.0,0.12897005126883007,0.0,-9.08276514036702,0.0,0.2701583555714317,0.0,2.7080502011022096,0.0,0,0,0,0,0,0,0,0,0,1,0.0
32025_2008,0.026561361125705608,0.027015351654408482,0.3031665940916765,0.2559817645515474,0.031240182784485437,0.0117417011291847,2.261563257391612,2.5037030848942594,0.13060757263275327,0.2446924895704431,-8.44125227569841,-8.164022809540961,-0.04159737889275185,-0.5183286991986804,2.7080502011022096,2.7080502011022096,0,0,0,0,0,0,0,0,0,1,0.0
32025_2009,0.027015351654408482,0.04275143271156289,0.2559817645515474,0.4223042608994968,0.0117417011291847,0.0096517220139785,2.5037030848942594,1.4102655326362945,0.2446924895704431,0.08710718436452701,-8.164022809540961,-8.24750726474893,-0.5183286991986804,-0.060967457477043914,2.7080502011022096,2.7080502011022096,0,0,0,0,0,0,0,0,0,1,0.0
32025_2010,0.04275143271156289,0.03595166948909183,0.4223042608994968,0.3394838141734365,0.0096517220139785,0.010651349709624969,1.4102655326362945,1.7984248057605798,0.08710718436452701,0.13070969634785545,-8.24750726474893,-8.160895253904537,-0.060967457477043914,0.2807975737936398,2.7080502011022096,2.7080502011022096,0,0,0,0,0,0,0,0,0,1,0.0
32035_2008,0.02164488086046976,0.0,0.5114879248917655,0.0,0.01833346900524007,0.0,1.762221699660688,0.0,0.09206547196839802,0.0,-8.783557245852084,0.0,0.02661148293115753,0.0,2.7080502011022096,0.0,0,0,0,0,0,0,0,0,0,0,0.0
32035_2009,0.0,0.0,0.0,0.0,0.0,0.0,0.0,0.0,0.0,0.0,0.0,0.0,0.0,0.0,0.0,0.0,0,0,0,0,0,0,0,0,0,0,0.0
32035_2010,0.0,0.0,0.0,0.0,0.0,0.0,0.0,0.0,0.0,0.0,0.0,0.0,0.0,0.0,0.0,0.0,0,0,0,0,0,0,0,0,0,0,0.0
32039_2008,0.0,0.0,0.0,0.0,0.0,0.0,0.0,0.0,0.0,0.0,0.0,0.0,0.0,0.0,0.0,0.0,0,0,0,0,0,0,0,0,0,1,0.0
32039_2009,0.0,0.0,0.0,0.0,0.0,0.0,0.0,0.0,0.0,0.0,0.0,0.0,0.0,0.0,0.0,0.0,0,0,0,0,0,0,0,0,0,1,0.0
32039_2010,0.0,0.0,0.0,0.0,0.0,0.0,0.0,0.0,0.0,0.0,0.0,0.0,0.0,0.0,0.0,0.0,0,0,0,0,0,0,0,0,0,1,0.0
32054_2008,0.0400636617914698,0.03489687141941487,0.25636920703263993,0.2303286869928929,0.012820618408320446,0.027697880389251483,2.7961645600642795,3.10525965821785,0.12076299602885986,0.04652756623594695,-8.236532102577838,-7.848044090116942,-0.3612885728737759,0.28418298969016986,2.7080502011022096,2.7080502011022096,0,1,0,0,0,0,0,0,0,0,0.0
32054_2009,0.03489687141941487,0.049469623623448006,0.2303286869928929,0.3541211107940923,0.027697880389251483,0.01827126069314965,3.10525965821785,2.1764449494294,0.04652756623594695,0.09800251160838128,-7.848044090116942,-7.797841564169261,0.28418298969016986,0.04327991113146645,2.7080502011022096,2.7080502011022096,0,1,0,0,0,0,0,0,0,0,0.0
32054_2010,0.049469623623448006,0.035450129470412595,0.3541211107940923,0.2892601009955703,0.01827126069314965,0.043302668233407234,2.1764449494294,2.26318067373778,0.09800251160838128,0.09175835836147894,-7.797841564169261,-7.7863042263984505,0.04327991113146645,-0.1172990475762507,2.7080502011022096,2.7080502011022096,0,1,0,0,0,0,0,0,0,0,0.0
32056_2008,0.023599218038094984,0.01217428081020077,0.6230596967493625,0.6779697650173687,0.043648468234562005,0.03384666634398893,2.7791647946416544,2.582381607942504,0.09132468161228667,0.16113304903292075,-6.5245220921343074,-6.427877408923124,-0.2108895732613936,-0.3338661310953127,2.7080502011022096,2.7080502011022096,0,0,0,0,0,1,0,0,0,0,0.0
32056_2009,0.01217428081020077,0.012918747669897836,0.6779697650173687,0.8259638148147006,0.03384666634398893,0.036865209067258535,2.582381607942504,1.6494776812623102,0.16113304903292075,0.16133441145009186,-6.427877408923124,-6.7989020591321685,-0.3338661310953127,-0.32587110573245665,2.7080502011022096,2.7080502011022096,0,0,0,0,0,1,0,0,0,0,0.0
32056_2010,0.012918747669897836,0.007815161151669827,0.8259638148147006,0.7812751190081206,0.036865209067258535,0.03578792959101668,1.6494776812623102,1.8065735663925784,0.16133441145009186,0.10189923313684844,-6.7989020591321685,-6.662256233592149,-0.32587110573245665,0.043751651643115334,2.7080502011022096,2.7080502011022096,0,0,0,0,0,1,0,0,0,0,0.0
32062_2008,0.0,0.0,0.0,0.0,0.0,0.0,0.0,0.0,0.0,0.0,0.0,0.0,0.0,0.0,0.0,0.0,0,0,0,0,0,0,0,0,0,1,0.0
32062_2009,0.0,0.0,0.0,0.0,0.0,0.0,0.0,0.0,0.0,0.0,0.0,0.0,0.0,0.0,0.0,0.0,0,0,0,0,0,0,0,0,0,1,0.0
32062_2010,0.0,0.0,0.0,0.0,0.0,0.0,0.0,0.0,0.0,0.0,0.0,0.0,0.0,0.0,0.0,0.0,0,0,0,0,0,0,0,0,0,1,0.0
32066_2008,0.10918026543379317,0.08469625723031995,0.3826805276452995,0.3918455997004581,0.032396340887457215,0.04037393232511431,1.5574026953753113,1.8409583682220048,0.10943502570350888,0.06525955429621147,-6.019846438535642,-5.810608097325624,-0.304119001988158,0.23779962194887105,2.7080502011022096,2.7080502011022096,0,0,0,0,0,0,0,0,0,0,0.0
32066_2009,0.08469625723031995,-0.03774047326092976,0.3918455997004581,0.6272393243905363,0.04037393232511431,0.03573832613833401,1.8409583682220048,0.7361296059672167,0.06525955429621147,0.1480548565903528,-5.810608097325624,-6.555579395561068,0.23779962194887105,-0.5838051947501308,2.7080502011022096,2.7080502011022096,0,0,0,0,0,0,0,0,0,0,0.0
32066_2010,-0.03774047326092976,-0.06527730026049364,0.6272393243905363,0.6884746138473054,0.03573832613833401,0.03118950723849015,0.7361296059672167,0.6661870541204012,0.1480548565903528,0.13340127696420154,-6.555579395561068,-6.9567528040329085,-0.5838051947501308,-0.6613391284492867,2.7080502011022096,2.7080502011022096,0,0,0,0,0,0,0,0,0,0,0.0
32069_2008,0.007993554956648994,0.00779588233589259,0.8875832400519518,0.8972597500828619,0.02271405999965372,0.0084234753792852,1.4970923147322668,1.3704353194676862,0.044961366726400116,0.029135186570305564,-11.787351043556116,-11.816523526052976,0.05702480970922441,-0.062112116768298725,2.7080502011022096,2.7080502011022096,0,0,0,0,0,1,0,0,0,0,0.0
32069_2009,0.00779588233589259,0.007881951188180438,0.8972597500828619,0.9245495099396084,0.0084234753792852,0.009218549041977431,1.3704353194676862,1.1162040420174342,0.029135186570305564,0.04103825725286734,-11.816523526052976,-11.564495520658904,-0.062112116768298725,0.24731310173978904,2.7080502011022096,2.7080502011022096,0,0,0,0,0,1,0,0,0,0,0.0
32069_2010,0.007881951188180438,0.0097624471200781,0.9245495099396084,0.9044336601630848,0.009218549041977431,0.009273853148271291,1.1162040420174342,1.057906156483823,0.04103825725286734,0.11024721712826342,-11.564495520658904,-11.49256209670222,0.24731310173978904,-0.23276447401558306,2.7080502011022096,2.7080502011022096,0,0,0,0,0,1,0,0,0,0,0.0
32075_2008,0.0,0.0,0.0,0.0,0.0,0.0,0.0,0.0,0.0,0.0,0.0,0.0,0.0,0.0,0.0,0.0,0,0,0,0,0,1,0,0,0,0,0.0
32075_2009,0.0,0.0,0.0,0.0,0.0,0.0,0.0,0.0,0.0,0.0,0.0,0.0,0.0,0.0,0.0,0.0,0,0,0,0,0,1,0,0,0,0,0.0
32075_2010,0.0,0.0,0.0,0.0,0.0,0.0,0.0,0.0,0.0,0.0,0.0,0.0,0.0,0.0,0.0,0.0,0,0,0,0,0,1,0,0,0,0,0.0
32090_2008,0.06085986950252545,0.03960037713791737,0.16998644779039926,0.11871602903334895,0.010591981502457541,0.011951957466726091,1.4301640435929446,1.3988597164583938,0.08747877253535921,0.06571285230714709,-9.56482773401964,-9.478840723874463,-0.04187761078975505,-0.09348909796732263,2.7080502011022096,2.7080502011022096,0,0,0,0,0,0,0,0,0,0,0.0
32090_2009,0.03960037713791737,0.10025807740432442,0.11871602903334895,0.021336603393609887,0.011951957466726091,0.026470818491407998,1.3988597164583938,1.404914411656952,0.06571285230714709,0.102262028350405,-9.478840723874463,-8.820008832497654,-0.09348909796732263,0.4981267298186179,2.7080502011022096,2.7080502011022096,0,0,0,0,0,0,0,0,0,0,0.0
32090_2010,0.10025807740432442,0.0007914634565993349,0.021336603393609887,0.009771288959241195,0.026470818491407998,0.02385026637594201,1.404914411656952,1.3089654753183793,0.102262028350405,0.09314854181500183,-8.820008832497654,-8.967089609607779,0.4981267298186179,-0.2510010555992477,2.7080502011022096,2.7080502011022096,0,0,0,0,0,0,0,0,0,0,0.0
32092_2008,-0.03176421730064414,-0.04055217620753826,0.8175201984120071,0.7741947430306734,0.06352843460128828,0.07684544806451314,1.0581071477887758,1.9969867926536693,0.09541325997041708,0.1426788029790353,-9.197519423848316,-9.623375890578837,-0.061302109583011424,-0.5123296628202958,2.7080502011022096,2.4621496626653845,0,1,0,0,0,0,0,0,0,0,0.0
32092_2009,-0.04055217620753826,-0.019811504324792548,0.7741947430306734,0.8114870632838295,0.07684544806451314,0.09866521460763022,1.9969867926536693,1.8773959533100688,0.1426788029790353,0.2854343614344764,-9.623375890578837,-10.528097934163362,-0.5123296628202958,-1.1432805947954503,2.4621496626653845,1.0473189942805592,0,1,0,0,0,0,0,0,0,0,0.0
32092_2010,-0.019811504324792548,-0.27960541493259017,0.8114870632838295,0.8664999492465418,0.09866521460763022,0.021916266021943947,1.8773959533100688,578.68,0.2854343614344764,0.4819231442705049,-10.528097934163362,-9.388992119297463,-1.1432805947954503,1.5578146649301532,1.0473189942805592,2.414126467726953,0,1,0,0,0,0,0,0,0,0,0.0
32093_2008,0.04019904380915211,0.036071815055161306,0.23982827592935896,0.24218513452326676,0.015855205385891306,0.031309859272301725,5.4644923724355605,6.5070552305067535,0.06570065195239161,0.22724253710940026,-6.7052428366718475,-6.4938986286946605,0.06774438003981692,-0.4668131803156974,2.7080502011022096,2.7080502011022096,0,0,1,0,0,0,0,0,0,0,0.0
32093_2009,0.036071815055161306,0.04570128238556902,0.24218513452326676,0.3145518761703842,0.031309859272301725,0.010240121364401356,6.5070552305067535,10.72072072072072,0.22724253710940026,0.09129964075439746,-6.4938986286946605,-6.289501121965247,-0.4668131803156974,0.33913740449858343,2.7080502011022096,2.7080502011022096,0,0,1,0,0,0,0,0,0,0,0.0
32093_2010,0.04570128238556902,0.04773805846508102,0.3145518761703842,0.2689555973653584,0.010240121364401356,0.015734392752729785,10.72072072072072,6.400130648916937,0.09129964075439746,0.07885470557702191,-6.289501121965247,-6.408503796662183,0.33913740449858343,-0.09631123791439784,2.7080502011022096,2.7080502011022096,0,0,1,0,0,0,0,0,0,0,0.0
32098_2008,0.003034887630726638,0.0,0.9075984860356818,0.0,0.0035631850415882896,0.0,1.18276190823978,0.0,0.05644610780024464,0.0,-8.404534785643593,0.0,0.007464050787584678,0.0,2.632608005935352,0.0,0,0,0,0,0,1,0,0,0,0,0.0
32098_2009,0.0,0.0,0.0,0.0,0.0,0.0,0.0,0.0,0.0,0.0,0.0,0.0,0.0,0.0,0.0,0.0,0,0,0,0,0,1,0,0,0,0,0.0
32098_2010,0.0,0.02828138797495928,0.0,0.8616276078054688,0.0,0.07288576849611053,0.0,1.021022736599468,0.0,0.06463106021622482,0.0,-6.942274899003446,0.0,-0.1604437564778119,0.0,2.7080502011022096,0,0,0,0,0,1,0,0,0,0,0.0
32101_2008,0.010302793176863941,0.011385237585373143,0.8449316822577121,0.8961938347504306,0.0169501171233886,0.016160380125370646,2.4055290530676845,1.4598864267447769,0.07387048012837807,0.04191797015693677,-10.63866361577614,-11.150251833111064,0.12890338518726527,-0.4775937840373267,2.7080502011022096,2.7080502011022096,0,0,0,0,0,1,0,0,0,0,0.0
32101_2009,0.011385237585373143,0.006440040514091196,0.8961938347504306,0.9134467793960028,0.016160380125370646,0.014780386429308094,1.4598864267447769,1.209721053035035,0.04191797015693677,0.1428443239039199,-11.150251833111064,-10.547898066953287,-0.4775937840373267,0.2374513451837369,2.7080502011022096,2.7080502011022096,0,0,0,0,0,1,0,0,0,0,0.0
32101_2010,0.006440040514091196,0.009923682251302777,0.9134467793960028,0.8910623891658299,0.014780386429308094,0.012973603301531913,1.209721053035035,1.2721951532296665,0.1428443239039199,0.09768235082611604,-10.547898066953287,-10.589398771421386,0.2374513451837369,0.042225702470175534,2.7080502011022096,2.7080502011022096,0,0,0,0,0,1,0,0,0,0,0.0
32102_2008,-0.004891305779228279,0.008650891488256911,0.4710778970545685,0.4759895101988257,0.04810222979580304,0.04634774639316358,1.7817991093773946,1.6347660335152097,0.042808311596948666,0.09292591954344637,-10.722250455581195,-10.794560602087927,-0.09083298811985464,-0.08602827060830401,2.3646204839134985,2.295560478057081,0,0,0,0,1,0,0,0,0,0,0.0
32102_2009,0.008650891488256911,0.011917776304234844,0.4759895101988257,0.7455682769532479,0.04634774639316358,0.0828227848425343,1.6347660335152097,0.5386977109511003,0.09292591954344637,0.21785330689691648,-10.794560602087927,-11.500385620170416,-0.08602827060830401,-0.5238834556478218,2.295560478057081,1.091923300517313,0,0,0,0,1,0,0,0,0,0,0.0
32102_2010,0.011917776304234844,0.007714528338658567,0.7455682769532479,0.6217842733789495,0.0828227848425343,0.08706875604838316,0.5386977109511003,0.8679476235726136,0.21785330689691648,0.18027157403316624,-11.500385620170416,-11.192819411944251,-0.5238834556478218,0.3497500726525872,1.091923300517313,1.6134299337036375,0,0,0,0,1,0,0,0,0,0,0.0
32108_2008,0.05087720150858037,0.04539301347689852,0.07461864641735583,0.04513480473068701,0.07929760876391721,0.08483545079924858,2.7305610023185816,2.986425577422952,0.2291494795913271,0.0705497129186243,-9.008582304118251,-8.650889389274457,-0.5800336544634888,0.3859847300667569,2.7080502011022096,2.7080502011022096,0,0,0,0,0,0,0,0,0,0,0.0
32108_2009,0.04539301347689852,0.11457691617779175,0.04513480473068701,0.13147724191111496,0.08483545079924858,0.10412354274841573,2.986425577422952,1.3715599535162188,0.0705497129186243,0.1990673924173939,-8.650889389274457,-9.191222460560123,0.3859847300667569,-0.4447665481467969,2.7080502011022096,2.7080502011022096,0,0,0,0,0,0,0,0,0,0,0.0
32108_2010,0.11457691617779175,0.044700880867673515,0.13147724191111496,0.047685446200807766,0.10412354274841573,0.08409161629220645,1.3715599535162188,2.6089182213137456,0.1990673924173939,0.1394185313639318,-9.191222460560123,-8.402107857132759,-0.4447665481467969,0.5385174607729277,2.7080502011022096,2.7080502011022096,0,0,0,0,0,0,0,0,0,0,0.0
32110_2008,-0.020302145300487216,0.036522142725926895,0.4688631389025831,0.455380480079619,0.11531598084127685,0.00809608811238211,2.2441274747886477,1.6454150518826254,0.06318367063747576,0.0872296150518708,-8.721493288315003,-8.950685198544463,0.06422097557780382,-0.32845662535938314,2.7080502011022096,2.7080502011022096,0,0,0,0,0,0,0,0,0,1,0.0
32110_2009,0.036522142725926895,0.0020774132530016094,0.455380480079619,0.7888648364674948,0.00809608811238211,0.0010510835157258372,1.6454150518826254,0.5173862692383193,0.0872296150518708,0.2915054013778953,-8.950685198544463,-9.781716428731952,-0.32845662535938314,-0.5717473555242893,2.7080502011022096,2.3832429960115,0,0,0,0,0,0,0,0,0,1,0.0
32110_2010,0.0020774132530016094,-9.189752323389143e-06,0.7888648364674948,0.6322305870277936,0.0010510835157258372,0.07239247370472239,0.5173862692383193,0.8660109368258757,0.2915054013778953,0.26912755568380103,-9.781716428731952,-9.277843795523461,-0.5717473555242893,0.32560347536773193,2.3832429960115,2.7080502011022096,0,0,0,0,0,0,0,0,0,1,0.0
32111_2008,0.033031952425318506,0.028677056388279373,0.5310804737063752,0.7684195182582014,0.016933780520969086,0.015128970368251518,1.6751964320332688,0.817913020708316,0.14249377794244758,0.06686894898897723,-9.231759898367953,-10.076864822117177,0.3004340584830173,-0.8196776478233584,2.7080502011022096,2.7080502011022096,0,0,1,0,0,0,0,0,0,0,0.0
32111_2009,0.028677056388279373,-0.016178212361216592,0.7684195182582014,0.8675154770006674,0.015128970368251518,0.011889262594481212,0.817913020708316,0.4408462837931969,0.06686894898897723,0.2450977378893543,-10.076864822117177,-10.350613678076158,-0.8196776478233584,-0.4786644399311474,2.7080502011022096,2.376764491168297,0,0,1,0,0,0,0,0,0,0,0.0
32111_2010,-0.016178212361216592,0.017931414154840654,0.8675154770006674,0.6428745181302318,0.011889262594481212,0.0068035938166493976,0.4408462837931969,0.9671673725267124,0.2450977378893543,0.15262497157253604,-10.350613678076158,-9.579474193680744,-0.4786644399311474,0.7483504313386368,2.376764491168297,2.7080502011022096,0,0,1,0,0,0,0,0,0,0,0.0
32122_2008,0.02800981511167449,0.032294345593471316,0.6237409286065266,0.6229509721041633,0.12715101213996685,0.18581985524012612,1.081548346323059,0.9493072714622064,0.1306689444299452,0.12624243638707494,-11.088147232873103,-11.09834571355059,0.1431485798503876,-0.2578637615245471,2.102913897864978,2.0844290831908747,0,0,1,0,0,0,0,0,0,0,0.0
32122_2009,0.032294345593471316,-0.24191159946362584,0.6229509721041633,0.7210169678190377,0.18581985524012612,0.22991858641691434,0.9493072714622064,1.1986898781448552,0.12624243638707494,0.24980260631800594,-11.09834571355059,-11.15343114163658,-0.2578637615245471,-0.2530077380717632,2.0844290831908747,1.5173226235262949,0,0,1,0,0,0,0,0,0,0,0.0
32122_2010,-0.24191159946362584,-0.06307935482112753,0.7210169678190377,0.5615298665804974,0.22991858641691434,0.17890554740149262,1.1986898781448552,2.645844467806445,0.24980260631800594,0.3258560670559867,-11.15343114163658,-10.68192340362759,-0.2530077380717632,1.2286945835164431,1.5173226235262949,2.1983350716202463,0,0,1,0,0,0,0,0,0,0,0.0
32130_2008,-0.07562896087788389,0.06175157342013082,0.5516066802003068,0.2768517426805754,0.0207445392345953,0.010372066280800616,0.8632487438861043,1.4633406350246825,0.06271541197706501,0.09966836688627632,-9.59625394175108,-8.723788793003653,-0.5380582596235901,0.7625948774779244,2.7020321287766467,2.7080502011022096,0,0,0,1,0,0,0,0,0,0,0.0
32130_2009,0.06175157342013082,0.061554475730537836,0.2768517426805754,0.4438401671096676,0.010372066280800616,0.01077300906888297,1.4633406350246825,0.9564759941631844,0.09966836688627632,0.1152047696601946,-8.723788793003653,-8.614747748699594,0.7625948774779244,0.06536068215962892,2.7080502011022096,2.7080502011022096,0,0,0,1,0,0,0,0,0,0,0.0
32130_2010,0.061554475730537836,0.062383721446929524,0.4438401671096676,0.3905160269589583,0.01077300906888297,0.01495648637886774,0.9564759941631844,0.8539293637191652,0.1152047696601946,0.14479139398574542,-8.614747748699594,-8.862618886689006,0.06536068215962892,-0.3833302468342796,2.7080502011022096,2.7080502011022096,0,0,0,1,0,0,0,0,0,0,0.0
32132_2008,0.03570026125601032,0.04370058746725528,0.11575086524554387,0.19060234573850854,0.011344685678993731,0.018209199782292147,12.515133720245734,31.8172128215014,0.14037206576888098,0.0646329018533721,-8.424877095904415,-8.727068994784714,-0.2263443995627294,-0.25896904031384105,2.7080502011022096,2.7080502011022096,0,0,1,0,0,0,0,0,0,0,0.0
32132_2009,0.04370058746725528,0.043747246725242835,0.19060234573850854,0.20338446906603724,0.018209199782292147,0.022997524797535127,31.8172128215014,31.15243674780707,0.0646329018533721,0.10664061720365624,-8.727068994784714,-8.36547544899517,-0.25896904031384105,0.3184439959591856,2.7080502011022096,2.7080502011022096,0,0,1,0,0,0,0,0,0,0,0.0
32132_2010,0.043747246725242835,0.04199943650221682,0.20338446906603724,0.1941801733505902,0.022997524797535127,0.029012740513032632,31.15243674780707,21.992018760555936,0.10664061720365624,0.07757989124103255,-8.36547544899517,-8.569308045481531,0.3184439959591856,-0.11197106686562774,2.7080502011022096,2.7080502011022096,0,0,1,0,0,0,0,0,0,0,0.0
32135_2008,0.0,0.0,0.0,0.0,0.0,0.0,0.0,0.0,0.0,0.0,0.0,0.0,0.0,0.0,0.0,0.0,0,0,0,0,0,0,0,0,0,1,0.0
32135_2009,0.0,0.0,0.0,0.0,0.0,0.0,0.0,0.0,0.0,0.0,0.0,0.0,0.0,0.0,0.0,0.0,0,0,0,0,0,0,0,0,0,1,0.0
32135_2010,0.0,0.0,0.0,0.0,0.0,0.0,0.0,0.0,0.0,0.0,0.0,0.0,0.0,0.0,0.0,0.0,0,0,0,0,0,0,0,0,0,1,0.0
32136_2008,0.03020772315055148,0.0,0.3786951055149657,0.0,0.06191807470269674,0.0,4.0916010026003935,0.0,0.06916742854446997,0.0,-8.297189822327054,0.0,0.01971999017043756,0.0,2.7080502011022096,0.0,0,0,0,0,0,1,0,0,0,0,0.0
32136_2009,0.0,0.0,0.0,0.0,0.0,0.0,0.0,0.0,0.0,0.0,0.0,0.0,0.0,0.0,0.0,0.0,0,0,0,0,0,1,0,0,0,0,0.0
32136_2010,0.0,0.0,0.0,0.0,0.0,0.0,0.0,0.0,0.0,0.0,0.0,0.0,0.0,0.0,0.0,0.0,0,0,0,0,0,1,0,0,0,0,0.0
32145_2008,0.0,0.0,0.0,0.0,0.0,0.0,0.0,0.0,0.0,0.0,0.0,0.0,0.0,0.0,0.0,0.0,0,0,0,0,0,0,0,0,0,1,0.0
32145_2009,0.0,0.0,0.0,0.0,0.0,0.0,0.0,0.0,0.0,0.0,0.0,0.0,0.0,0.0,0.0,0.0,0,0,0,0,0,0,0,0,0,1,0.0
32145_2010,0.0,0.0,0.0,0.0,0.0,0.0,0.0,0.0,0.0,0.0,0.0,0.0,0.0,0.0,0.0,0.0,0,0,0,0,0,0,0,0,0,1,0.0
32158_2008,0.03951707650093311,0.03464451771327047,0.23986959756082415,0.21289104363516476,0.0379459960212506,0.015763510773847824,3.479809601866154,4.3668854256100005,0.049147779510508624,0.041700780622110224,-8.320782120025369,-8.050643502925624,0.203971605692987,0.30104619554912976,2.7080502011022096,2.7080502011022096,0,0,0,0,1,0,0,0,0,0,0.0
32158_2009,0.03464451771327047,0.05922972556545258,0.21289104363516476,0.3386163918816095,0.015763510773847824,0.02280445790012516,4.3668854256100005,3.333030594127409,0.041700780622110224,0.11204254572690037,-8.050643502925624,-8.153413664668793,0.30104619554912976,0.030491616514757236,2.7080502011022096,2.7080502011022096,0,0,0,0,1,0,0,0,0,0,0.0
32158_2010,0.05922972556545258,0.03783552301237344,0.3386163918816095,0.22089497794171886,0.02280445790012516,0.0186403409018044,3.333030594127409,3.57034780641873,0.11204254572690037,0.10188994560344387,-8.153413664668793,-7.937950534669549,0.030491616514757236,0.15876486051859354,2.7080502011022096,2.7080502011022096,0,0,0,0,1,0,0,0,0,0,0.0
32159_2008,0.01346251393367596,-0.00737781409564723,0.5109525053099829,0.5860468757914884,0.011399611682880005,0.0035835097036000826,2.645976928191545,1.4452989951953628,0.16064437399594705,0.09609912835055552,-10.712801149545198,-10.415016415858481,-0.15654875773279808,-0.1785364051765177,2.7080502011022096,2.7080502011022096,0,0,1,0,0,0,0,0,0,0,1.0
32159_2009,-0.00737781409564723,0.0,0.5860468757914884,0.0,0.0035835097036000826,0.0,1.4452989951953628,0.0,0.09609912835055552,0.0,-10.415016415858481,0.0,-0.1785364051765177,0.0,2.7080502011022096,0.0,0,0,1,0,0,0,0,0,0,0,1.0
32159_2010,0.0,0.0,0.0,0.0,0.0,0.0,0.0,0.0,0.0,0.0,0.0,0.0,0.0,0.0,0.0,0.0,0,0,1,0,0,0,0,0,0,0,1.0
32164_2008,0.023433777399423573,0.030298606981712488,0.6415996478794507,0.746160065108598,0.0036677297960117077,0.005239169815249943,1.3233005564971791,0.8718111534216696,0.08234367920501115,0.07798655811895162,-9.579084439418098,-10.008740260086787,0.10536693759217712,-0.4989734499823857,2.7080502011022096,2.7080502011022096,0,0,1,0,0,0,0,0,0,0,0.0
32164_2009,0.030298606981712488,-0.2881462540718118,0.746160065108598,0.9329673178386848,0.005239169815249943,0.002928398411397423,0.8718111534216696,0.8543800886569375,0.07798655811895162,0.2349137512215525,-10.008740260086787,-11.160776290157898,-0.4989734499823857,-1.1967421068688666,2.7080502011022096,1.3812818192963463,0,0,1,0,0,0,0,0,0,0,0.0
32164_2010,-0.2881462540718118,0.014073101707066164,0.9329673178386848,0.7583911002753997,0.002928398411397423,0.013398174520468249,0.8543800886569375,1.4030202609411078,0.2349137512215525,0.466221324870414,-11.160776290157898,-10.07860554928196,-1.1967421068688666,1.3361119971960629,1.3812818192963463,2.340843805111136,0,0,1,0,0,0,0,0,0,0,0.0
32174_2008,0.032691412835861425,0.047711138837654966,0.33455970071538826,0.3513274768954593,0.03453689581853102,0.04216893584136172,1.74143587935597,1.5708574062575331,0.07657704761885915,0.07214285179080035,-8.510101343498949,-8.450805232167967,0.13129982623588826,0.05348339619872447,2.7080502011022096,2.7080502011022096,0,0,0,1,0,0,0,0,0,0,0.0
32174_2009,0.047711138837654966,0.06805771885922213,0.3513274768954593,0.4555024104922469,0.04216893584136172,0.027274067108377403,1.5708574062575331,1.4638980383727938,0.07214285179080035,0.15644948765021832,-8.450805232167967,-8.203552866506454,0.05348339619872447,0.26185441805250065,2.7080502011022096,2.7080502011022096,0,0,0,1,0,0,0,0,0,0,0.0
32174_2010,0.06805771885922213,0.012029447618327808,0.4555024104922469,0.3620570331955248,0.027274067108377403,0.051345203248960164,1.4638980383727938,1.2565825294347852,0.15644948765021832,0.09683813552546773,-8.203552866506454,-8.420090559930943,0.26185441805250065,-0.06349521627046595,2.7080502011022096,2.7080502011022096,0,0,0,1,0,0,0,0,0,0,0.0
3217_2008,0.03991055031773613,0.054701874782435725,0.156172744936677,0.34312994181709683,0.02369671817415297,0.027389190450506282,4.234632575464786,4.610879739646687,0.07257504177562814,0.08795969313312357,-6.911434442989575,-7.319544966742265,0.06272343134349193,-0.4335340689530352,2.7080502011022096,2.7080502011022096,0,0,1,0,0,0,0,0,0,0,0.0
3217_2009,0.054701874782435725,0.055815175770479085,0.34312994181709683,0.6195345320558664,0.027389190450506282,0.010021677445073552,4.610879739646687,2.0064160072510395,0.08795969313312357,0.1988286200923678,-7.319544966742265,-7.915308579816058,-0.4335340689530352,-0.6509872168192712,2.7080502011022096,2.58851563240702,0,0,1,0,0,0,0,0,0,0,0.0
3217_2010,0.055815175770479085,0.03520576371839285,0.6195345320558664,0.3997171404489637,0.010021677445073552,0.06346617268961978,2.0064160072510395,3.4703621918279097,0.1988286200923678,0.12901181467431688,-7.915308579816058,-7.1021870286175215,-0.6509872168192712,0.7889616973976455,2.58851563240702,2.7080502011022096,0,0,1,0,0,0,0,0,0,0,0.0
32183_2008,-0.005004198989713406,0.0,0.8960346511491247,0.0,0.014139549276204259,0.0,1.1708721182767818,0.0,0.10333989775787486,0.0,-9.197555861901005,0.0,-0.4748689800901604,0.0,2.079441541679836,0.0,0,0,0,0,0,1,0,0,0,0,0.0
32183_2009,0.0,0.0,0.0,0.0,0.0,0.0,0.0,0.0,0.0,0.0,0.0,0.0,0.0,0.0,0.0,0.0,0,0,0,0,0,1,0,0,0,0,0.0
32183_2010,0.0,0.0,0.0,0.0,0.0,0.0,0.0,0.0,0.0,0.0,0.0,0.0,0.0,0.0,0.0,0.0,0,0,0,0,0,1,0,0,0,0,0.0
32185_2008,0.00908468795174856,0.008293767334169044,0.8412053046548618,0.8333061076644993,0.10485863534159208,0.1019701914438009,1.9542172742164872,2.050354134407275,0.031147372615060682,0.06803418512627532,-11.910699530019484,-11.827355258017498,-0.135862007962805,0.11179490691796463,2.7080502011022096,2.7080502011022096,0,0,0,0,0,1,0,0,0,0,0.0
32185_2009,0.008293767334169044,0.0060366621229063075,0.8333061076644993,0.87725083542491,0.1019701914438009,0.09846421797128446,2.050354134407275,1.6545002564810796,0.06803418512627532,0.05374043356715681,-11.827355258017498,-11.571258873292384,0.11179490691796463,0.2401917620723528,2.7080502011022096,2.7080502011022096,0,0,0,0,0,1,0,0,0,0,0.0
32185_2010,0.0060366621229063075,-0.003856396206986479,0.87725083542491,0.9398281206731066,0.09846421797128446,0.07992402143316117,1.6545002564810796,0.9780054470193792,0.05374043356715681,0.14519563428172555,-11.571258873292384,-12.54385966359058,0.2401917620723528,-0.9079560359491384,2.7080502011022096,2.3199337313286588,0,0,0,0,0,1,0,0,0,0,0.0
3218_2008,0.05595665996685844,0.04995637078347793,0.047152350871609315,0.043164164564754214,0.11088413252474373,0.1742843401096299,2.2701136280748253,1.651167147086657,0.035179417682414664,0.07707686825304838,-11.672278999255807,-12.058266225839345,-0.1063464683998078,-0.251769626363285,2.7080502011022096,2.7080502011022096,0,0,1,0,0,0,0,0,0,0,0.0
3218_2009,0.04995637078347793,0.0406016713091922,0.043164164564754214,0.03868523676880223,0.1742843401096299,0.19650139275766013,1.651167147086657,0.9946874985588916,0.07707686825304838,0.14244113072638753,-12.058266225839345,-12.404489841058052,-0.251769626363285,-0.41583207066157296,2.7080502011022096,2.0681277817795625,0,0,1,0,0,0,0,0,0,0,0.0
3218_2010,0.0406016713091922,-0.02756755623571833,0.03868523676880223,0.021094945598624768,0.19650139275766013,0.20573468061466216,0.9946874985588916,0.9138635675314934,0.14244113072638753,0.09854933848066984,-12.404489841058052,-12.364026444005914,-0.41583207066157296,0.016508360371013386,2.0681277817795625,2.3466019784108196,0,0,1,0,0,0,0,0,0,0,0.0
32191_2008,0.03801518638811944,0.06692526193475239,0.6496523816683983,0.7069674078411412,0.020195567768688454,0.07043791380425596,1.2978325303642273,0.8026623238946833,0.12289948835107242,0.15130023728366584,-8.727677760394121,-9.008212302240594,-0.2470302249139198,-0.3552285066692876,2.7080502011022096,2.7080502011022096,0,1,0,0,0,0,0,0,0,0,0.0
32191_2009,0.06692526193475239,-0.14770686766438182,0.7069674078411412,0.8854019624200159,0.07043791380425596,0.01615543865079176,0.8026623238946833,19.151575333243567,0.15130023728366584,0.15175877493428366,-9.008212302240594,-9.573231181349033,-0.3552285066692876,-0.2723935570169667,2.7080502011022096,2.21046980408624,0,1,0,0,0,0,0,0,0,0,0.0
32191_2010,-0.14770686766438182,-0.013875836774503554,0.8854019624200159,0.8679112098633031,0.01615543865079176,0.037822845401469365,19.151575333243567,14.079208204218045,0.15175877493428366,0.25613280933450894,-9.573231181349033,-9.730548723052623,-0.2723935570169667,0.2675174823226747,2.21046980408624,2.283402273577272,0,1,0,0,0,0,0,0,0,0,0.0
3219_2008,0.048715489329479084,0.04786830621426537,0.3931263902800985,0.3054098554902255,0.0110156800530885,0.03346490951451343,1.8584628279635047,2.4038460066836898,0.07875745960018084,0.06470176381563016,-7.308167656850418,-6.849942269192737,-0.04649310184881095,0.3810423032447528,2.7080502011022096,2.7080502011022096,0,0,0,0,0,0,0,0,0,0,0.0
3219_2009,0.04786830621426537,0.09231604146516556,0.3054098554902255,0.4154221865932449,0.03346490951451343,0.07795576834836201,2.4038460066836898,1.3085442410412762,0.06470176381563016,0.1389197598926075,-6.849942269192737,-6.828144058660362,0.3810423032447528,0.03181587076535053,2.7080502011022096,2.7080502011022096,0,0,0,0,0,0,0,0,0,0,0.0
3219_2010,0.09231604146516556,-0.0072330849477238454,0.4154221865932449,0.3119612973636621,0.07795576834836201,0.0559873903587174,1.3085442410412762,1.835928400563153,0.1389197598926075,0.06308292020793174,-6.828144058660362,-6.689006985098067,0.03181587076535053,0.07868695768722211,2.7080502011022096,2.7080502011022096,0,0,0,0,0,0,0,0,0,0,0.0
3236_2008,0.038127843658619764,0.041202339053894914,0.2391973979841955,0.2427849105155313,0.049712003324849006,0.01645710940318727,1.5590202436521998,1.795141909978332,0.05016733800479549,0.08812264439834458,-11.481997221998611,-11.180391310438305,-0.0010083268089807337,0.20383061960306886,2.1162555148025524,2.365559892155434,0,1,0,0,0,0,0,0,0,0,0.0
3236_2009,0.041202339053894914,0.06780473413224736,0.2427849105155313,0.3723247325056952,0.01645710940318727,0.034270071698077297,1.795141909978332,0.799160037008074,0.08812264439834458,0.12148872294173935,-11.180391310438305,-11.58297886625402,0.20383061960306886,-0.4390575110534822,2.365559892155434,1.506297153514587,0,1,0,0,0,0,0,0,0,0,0.0
3236_2010,0.06780473413224736,-0.006405474042758422,0.3723247325056952,0.24658921964101355,0.034270071698077297,0.05814986225539433,0.799160037008074,1.2299679712500493,0.12148872294173935,0.14822254345605684,-11.58297886625402,-11.340182590525886,-0.4390575110534822,0.35866165295315033,1.506297153514587,2.0188950418118017,0,1,0,0,0,0,0,0,0,0,0.0
323_2008,0.04448321081649042,0.03903458941731637,0.4085731121792416,0.3722460171437245,0.012327674281119885,0.03223872065985387,2.736970838026947,2.7279826177138164,0.09255076378805653,0.2402701551994573,-9.18530414651459,-8.822818130200844,-0.2885760619592851,-0.3981278263868742,2.7080502011022096,2.7080502011022096,0,1,0,0,0,0,0,0,0,0,0.0
323_2009,0.03903458941731637,0.043676192130622564,0.3722460171437245,0.37026821203724897,0.03223872065985387,0.043677974192254734,2.7279826177138164,2.3772388931186335,0.2402701551994573,0.15024823487620512,-8.822818130200844,-8.898513195266197,-0.3981278263868742,0.05917594998436215,2.7080502011022096,2.7080502011022096,0,1,0,0,0,0,0,0,0,0,0.0
323_2010,0.043676192130622564,0.0077185860774210795,0.37026821203724897,0.4618108287774852,0.043677974192254734,0.006403563542333236,2.3772388931186335,1.245388810289399,0.15024823487620512,0.17021236847690194,-8.898513195266197,-8.974105785774878,0.05917594998436215,-0.17945249904543464,2.7080502011022096,2.7080502011022096,0,1,0,0,0,0,0,0,0,0,0.0
3262_2008,0.032346991120941214,0.046141176722234695,0.6761053918248117,0.6656705061625973,0.025086042996381702,0.06761515814048003,0.9436570496985588,0.91216613351408,0.05938837647015846,0.05127053512204402,-12.6085862878738,-12.603040789310624,-0.021019122354480127,0.005815705670620879,2.7080502011022096,2.7080502011022096,0,0,0,0,0,1,0,0,0,0,0.0
3262_2009,0.046141176722234695,-0.049599364091165984,0.6656705061625973,0.8600971972165644,0.06761515814048003,0.054336274920011016,0.91216613351408,0.4495626023894469,0.05127053512204402,0.21113577998465446,-12.603040789310624,-13.189866565187364,0.005815705670620879,-0.6337260896614458,2.7080502011022096,1.7833912195575383,0,0,0,0,0,1,0,0,0,0,0.0
3262_2010,-0.049599364091165984,0.035914794191394234,0.8600971972165644,0.7671685725144692,0.054336274920011016,0.04921279090430629,0.4495626023894469,0.6882130166272217,0.21113577998465446,0.12952205481326212,-13.189866565187364,-12.800877742840113,-0.6337260896614458,0.1643389444015977,1.7833912195575383,2.4069451083182885,0,0,0,0,0,1,0,0,0,0,0.0
3275_2008,0.009500114144856582,0.009086666033004322,0.8104979408017162,0.788812365774167,0.3105497938067613,0.36243909427393134,2.72165074702361,2.9393480534735725,0.04503074654013417,0.05246366235770608,-6.865916828904648,-6.635514660589527,0.045473842800155706,0.21460059907660375,2.7080502011022096,2.7080502011022096,0,0,0,0,0,1,0,0,0,0,0.0
3275_2009,0.009086666033004322,0.00910370300702412,0.788812365774167,0.8666638211676829,0.36243909427393134,0.33150399148124315,2.9393480534735725,2.092419704723274,0.05246366235770608,0.12393546634144745,-6.635514660589527,-6.513977765042405,0.21460059907660375,0.07875880814451143,2.7080502011022096,2.7080502011022096,0,0,0,0,0,1,0,0,0,0,0.0
3275_2010,0.00910370300702412,0.009765696509544348,0.8666638211676829,0.8568929725767671,0.33150399148124315,0.3460143799146585,2.092419704723274,1.822872827650343,0.12393546634144745,0.08042629084136213,-6.513977765042405,-6.664304560300208,0.07875880814451143,-0.38992213694717226,2.7080502011022096,2.7080502011022096,0,0,0,0,0,1,0,0,0,0,0.0
3302_2008,0.041813319994337066,0.058190836559390724,0.3173274439880309,0.3766053310541053,0.07075537294365564,0.1206092530349711,2.9293910931056377,2.3772127356877464,0.2571266690796425,0.11078154470218207,-7.569469200513746,-7.556286303437789,-0.19273899411324089,0.12503043076108508,2.7080502011022096,2.7080502011022096,0,1,0,0,0,0,0,0,0,0,0.0
3302_2009,0.058190836559390724,0.013434782446214159,0.3766053310541053,0.6957871960357115,0.1206092530349711,0.09051194182122584,2.3772127356877464,0.9507935933209448,0.11078154470218207,0.25181671186637106,-7.556286303437789,-8.47157501354195,0.12503043076108508,-0.7986675658613127,2.7080502011022096,2.7080502011022096,0,1,0,0,0,0,0,0,0,0,0.0
3302_2010,0.013434782446214159,-0.06462273477768822,0.6957871960357115,0.6552135413177556,0.09051194182122584,0.15077016058198092,0.9507935933209448,1.2520240863552061,0.25181671186637106,0.21678909443302868,-8.47157501354195,-8.441582103349997,-0.7986675658613127,0.2180072163932225,2.7080502011022096,2.7080502011022096,0,1,0,0,0,0,0,0,0,0,0.0
3305_2008,0.0,0.0,0.0,0.0,0.0,0.0,0.0,0.0,0.0,0.0,0.0,0.0,0.0,0.0,0.0,0.0,0,0,0,0,0,1,0,0,0,0,0.0
3305_2009,0.0,0.0,0.0,0.0,0.0,0.0,0.0,0.0,0.0,0.0,0.0,0.0,0.0,0.0,0.0,0.0,0,0,0,0,0,1,0,0,0,0,0.0
3305_2010,0.0,0.0,0.0,0.0,0.0,0.0,0.0,0.0,0.0,0.0,0.0,0.0,0.0,0.0,0.0,0.0,0,0,0,0,0,1,0,0,0,0,0.0
3306_2008,0.025212265688736364,0.02754662537292053,0.5396339281596537,0.5248608876375602,0.002292819305005797,0.002258174707067743,1.766801376536924,1.9358513210764008,0.02989279322317121,0.06843122459590928,-9.296942148825185,-9.210053403282194,0.07099556459853379,0.16190671058989115,2.7080502011022096,2.7080502011022096,0,0,0,0,0,0,0,0,1,0,0.0
3306_2009,0.02754662537292053,0.023794300607046428,0.5248608876375602,0.5988459909657977,0.002258174707067743,0.0023669382667865237,1.9358513210764008,1.7167921675298772,0.06843122459590928,0.062146625908022585,-9.210053403282194,-8.810807536269166,0.16190671058989115,0.3522529153817624,2.7080502011022096,2.7080502011022096,0,0,0,0,0,0,0,0,1,0,0.0
3306_2010,0.023794300607046428,0.02560226689904854,0.5988459909657977,0.5927172555400491,0.0023669382667865237,0.01498708350264449,1.7167921675298772,1.6746745473190248,0.062146625908022585,0.04265208979513382,-8.810807536269166,-9.025488668127263,0.3522529153817624,-0.2489488234805773,2.7080502011022096,2.7080502011022096,0,0,0,0,0,0,0,0,1,0,0.0
3321_2008,0.02033763341565948,0.027593877627851003,0.4748573754207319,0.3418289788314617,0.0021233704070747197,0.0008079681676481197,2.0350019263093246,2.3876647157103608,0.054734821860580776,0.05556896801666922,-9.22292485428508,-8.912822805928982,-0.10598997570150473,0.2208356078881091,2.7080502011022096,2.7080502011022096,0,0,0,0,1,0,0,0,0,0,0.0
3321_2009,0.027593877627851003,0.03525242023973248,0.3418289788314617,0.4106451604251987,0.0008079681676481197,0.0029787798387447394,2.3876647157103608,2.010192544230605,0.05556896801666922,0.07348755529990515,-8.912822805928982,-8.52520249714867,0.2208356078881091,0.3271915375818298,2.7080502011022096,2.7080502011022096,0,0,0,0,1,0,0,0,0,0,0.0
3321_2010,0.03525242023973248,0.03768425571326522,0.4106451604251987,0.3521161575828267,0.0029787798387447394,0.034615735130142614,2.010192544230605,2.062988170711317,0.07348755529990515,0.09774568046793784,-8.52520249714867,-8.616804650812755,0.3271915375818298,-0.2202379918445076,2.7080502011022096,2.7080502011022096,0,0,0,0,1,0,0,0,0,0,0.0
3326_2008,0.04599771071846345,0.041700812587174826,0.20146046998994285,0.14244359863026834,0.009690651410701395,0.0062675830731608205,2.563129851672362,3.1047735443354316,0.20383967186030005,0.09128821677316164,-8.685129349121107,-8.151680029681692,-0.5081424242996522,0.5173937484297303,2.7080502011022096,2.7080502011022096,0,0,0,0,0,0,0,0,0,0,0.0
3326_2009,0.041700812587174826,0.08707696305410921,0.14244359863026834,0.3067411866051903,0.0062675830731608205,0.004891326302779649,3.1047735443354316,1.5417221984137484,0.09128821677316164,0.21237367724077733,-8.151680029681692,-8.506406940694378,0.5173937484297303,-0.26085825682960606,2.7080502011022096,2.7080502011022096,0,0,0,0,0,0,0,0,0,0,0.0
3326_2010,0.08707696305410921,0.04867297640316905,0.3067411866051903,0.16951001732559812,0.004891326302779649,0.041953706030861716,1.5417221984137484,2.2580392358772694,0.21237367724077733,0.11058751047236236,-8.506406940694378,-8.036253465907096,-0.26085825682960606,0.23287333019076265,2.7080502011022096,2.7080502011022096,0,0,0,0,0,0,0,0,0,0,0.0
3334_2008,0.0,0.0,0.0,0.0,0.0,0.0,0.0,0.0,0.0,0.0,0.0,0.0,0.0,0.0,0.0,0.0,0,0,0,0,0,0,0,0,0,1,0.0
3334_2009,0.0,0.1274220506988819,0.0,0.6301883962910151,0.0,0.003688941449004521,0.0,1.388929883103755,0.0,0.1377187702133042,0.0,-8.338332047236845,0.0,-0.08392654114912851,0.0,2.6239436918052106,0,0,0,0,0,0,0,0,0,1,0.0
3334_2010,0.1274220506988819,0.0,0.6301883962910151,0.0,0.003688941449004521,0.0,1.388929883103755,0.0,0.1377187702133042,0.0,-8.338332047236845,0.0,-0.08392654114912851,0.0,2.6239436918052106,0.0,0,0,0,0,0,0,0,0,0,1,0.0
3348_2008,0.030160229444848762,0.04331675119842069,0.3802918757781644,0.34972904410787564,0.14827775856561415,0.16980053371213813,1.408502053685587,1.3735790070808804,0.1080502841633428,0.05911057944578702,-11.95285081636697,-11.662344812116986,-0.14793618096536962,0.2765038589205964,2.7080502011022096,2.7080502011022096,0,0,0,1,0,0,0,0,0,0,0.0
3348_2009,0.04331675119842069,0.04948080463375501,0.34972904410787564,0.3359045396544391,0.16980053371213813,0.15198418628737406,1.3735790070808804,1.3332056338548242,0.05911057944578702,0.06656090751650368,-11.662344812116986,-11.313671790089558,0.2765038589205964,0.35316982625120663,2.7080502011022096,2.7080502011022096,0,0,0,1,0,0,0,0,0,0,0.0
3348_2010,0.04948080463375501,0.055846524011208924,0.3359045396544391,0.34779113190289485,0.15198418628737406,0.11556723313273015,1.3332056338548242,1.2194858924334817,0.06656090751650368,0.0758960161906015,-11.313671790089558,-11.722674099918235,0.35316982625120663,-0.33156484051220136,2.7080502011022096,2.7080502011022096,0,0,0,1,0,0,0,0,0,0,0.0
3363_2008,0.0,0.0,0.0,0.0,0.0,0.0,0.0,0.0,0.0,0.0,0.0,0.0,0.0,0.0,0.0,0.0,0,0,0,0,0,1,0,0,0,0,0.0
3363_2009,0.0,-0.04505072115690316,0.0,0.7686542262660083,0.0,0.1599248150830492,0.0,0.7848404245242824,0.0,0.1528632801819009,0.0,-7.9566907526443025,0.0,0.19505027767346966,0.0,2.478217661637204,0,0,0,0,0,1,0,0,0,0,0.0
3363_2010,-0.04505072115690316,0.0,0.7686542262660083,0.0,0.1599248150830492,0.0,0.7848404245242824,0.0,0.1528632801819009,0.0,-7.9566907526443025,0.0,0.19505027767346966,0.0,2.478217661637204,0.0,0,0,0,0,0,1,0,0,0,0,0.0
3370_2008,0.04983423860516807,0.04542434428081638,0.4224078580233481,0.4391404336550221,0.12375112900027906,0.12669562138097926,1.2827880827210778,1.6074156932786083,0.10535255652672053,0.09367478165775668,-9.616725512583418,-9.165431207108623,-0.0997525264646829,0.3995908111433021,2.7080502011022096,2.7080502011022096,0,0,0,0,0,0,0,0,0,0,0.0
3370_2009,0.04542434428081638,0.0715937959185178,0.4391404336550221,0.6407013505821617,0.12669562138097926,0.17333971396692394,1.6074156932786083,0.6549251127240431,0.09367478165775668,0.12094284582321732,-9.165431207108623,-9.217425038397517,0.3995908111433021,-0.209572339039991,2.7080502011022096,2.7080502011022096,0,0,0,0,0,0,0,0,0,0,0.0
3370_2010,0.0715937959185178,0.04490270839327965,0.6407013505821617,0.4562062097975566,0.17333971396692394,0.031184641152341708,0.6549251127240431,1.0044953564954704,0.12094284582321732,0.14101002582461894,-9.217425038397517,-8.881259085271706,-0.209572339039991,0.16672335646833966,2.7080502011022096,2.7080502011022096,0,0,0,0,0,0,0,0,0,0,0.0
3396_2008,0.05218186642391349,0.04744805889292763,0.1923977125402581,0.2499568152833469,0.17250863406037045,0.1391650464741057,1.5723548847322222,1.4811672419749573,0.16051924873400775,0.07924756009801748,-12.736712900655249,-12.661184029298903,-0.5567933321416555,0.09303263046244166,2.0992441689760155,2.1564025828159643,0,1,0,0,0,0,0,0,0,0,0.0
3396_2009,0.04744805889292763,-0.3282334298672204,0.2499568152833469,0.5613900879733348,0.1391650464741057,0.17523632588383148,1.4811672419749573,0.4325801219006149,0.07924756009801748,0.20397691568958853,-12.661184029298903,-13.793455992139284,0.09303263046244166,-1.1937422753527105,2.1564025828159643,0.5709795465857378,0,1,0,0,0,0,0,0,0,0,0.0
3396_2010,-0.3282334298672204,-0.06153410222242644,0.5613900879733348,0.32731394262433183,0.17523632588383148,0.1278929069215335,0.4325801219006149,0.9603738370891612,0.20397691568958853,0.13954898480499686,-13.793455992139284,-13.244772238460662,-1.1937422753527105,0.2812689117422418,0.5709795465857378,1.3480731482996928,0,1,0,0,0,0,0,0,0,0,0.0
3418_2008,0.030587113760042087,0.027698415224195937,0.4494980791792849,0.469854149706236,0.004063959335272456,0.020441831839446617,1.7200505859009985,1.7968387913000996,0.060906525061358664,0.0748750638543261,-9.535130299781038,-9.430203988547696,-0.08689583758093472,0.05088982557445011,2.7080502011022096,2.7080502011022096,0,0,0,0,0,0,0,0,1,0,0.0
3418_2009,0.027698415224195937,0.01924255707479386,0.469854149706236,0.5477480839480589,0.020441831839446617,0.0041443400504146775,1.7968387913000996,1.1928492630508347,0.0748750638543261,0.1589563256059463,-9.430203988547696,-9.160232534731033,0.05088982557445011,0.08655369433256155,2.7080502011022096,2.7080502011022096,0,0,0,0,0,0,0,0,1,0,0.0
3418_2010,0.01924255707479386,0.013312939014761709,0.5477480839480589,0.5454167556974684,0.0041443400504146775,0.002266641531766889,1.1928492630508347,1.2801608480627171,0.1589563256059463,0.11851389184352,-9.160232534731033,-9.320892876157249,0.08655369433256155,-0.09418819554882484,2.7080502011022096,2.7080502011022096,0,0,0,0,0,0,0,0,1,0,0.0
34622_2008,0.009270269779601322,0.028964090665660018,0.8868255509966959,0.7251610863797421,0.038397298573036566,0.021813221129131508,0.5165137111081881,1.1019045111246188,0.07890084158773564,0.2046727180671812,-14.060043377722854,-12.792361658396695,0.4388424281870439,0.8727392962542667,1.8656293177945105,2.7080502011022096,0,1,0,0,0,0,0,0,0,0,0.0
34622_2009,0.028964090665660018,0.029638950242925982,0.7251610863797421,0.8721483873638884,0.021813221129131508,0.019531285158563432,1.1019045111246188,0.43344344772577065,0.2046727180671812,0.12262554128888385,-12.792361658396695,-13.223328564856102,0.8727392962542667,-0.18197017476685368,2.7080502011022096,2.2192034840549946,0,1,0,0,0,0,0,0,0,0,0.0
34622_2010,0.029638950242925982,0.04876555980828247,0.8721483873638884,0.7903692976104273,0.019531285158563432,0.010792731285128098,0.43344344772577065,0.6255353628892233,0.12262554128888385,0.273125341887458,-13.223328564856102,-12.920256750052955,-0.18197017476685368,0.2573795926984298,2.2192034840549946,2.7080502011022096,0,1,0,0,0,0,0,0,0,0,0.0
34627_2008,0.05381162955466408,0.043667559243949314,0.28261658588863703,0.28261867826785714,0.01378477580379029,0.006687442166050231,1.6824662856605717,1.8571968869952857,0.03789800840252616,0.04614880748316573,-9.315212895054618,-9.2182299127774,0.022107216306483213,0.03084346258037093,2.7080502011022096,2.7080502011022096,0,0,0,0,0,0,0,0,0,1,0.0
34627_2009,0.043667559243949314,0.0567874859290044,0.28261867826785714,0.3250770153038153,0.006687442166050231,0.01222305759505612,1.8571968869952857,1.3720140686532636,0.04614880748316573,0.08125671031651907,-9.2182299127774,-9.032789080907637,0.03084346258037093,0.0484503638632835,2.7080502011022096,2.7080502011022096,0,0,0,0,0,0,0,0,0,1,0.0
34627_2010,0.0567874859290044,0.04486585808496763,0.3250770153038153,0.2946093628935049,0.01222305759505612,0.011992742733112915,1.3720140686532636,1.6158605542668545,0.08125671031651907,0.10368783031321514,-9.032789080907637,-9.121668429356712,0.0484503638632835,-0.04357359476632766,2.7080502011022096,2.7080502011022096,0,0,0,0,0,0,0,0,0,1,0.0
34660_2008,0.005423405816336733,0.02389691461144215,0.2823142838698642,0.21136336540091888,0.11902364053382095,0.0715413628550452,2.6067264189844046,1.8578731644235005,0.06638441695972902,0.1078239733506478,-8.61289856049945,-7.9662007451720855,0.24577835014247326,0.2264829956591356,2.7080502011022096,2.7080502011022096,0,1,0,0,0,0,0,0,0,0,0.0
34660_2009,0.02389691461144215,0.0346725254302131,0.21136336540091888,0.18648712031743325,0.0715413628550452,0.09105818939802296,1.8578731644235005,1.4055533898508958,0.1078239733506478,0.16476390017587575,-7.9662007451720855,-7.609610956378707,0.2264829956591356,0.31848770320803976,2.7080502011022096,2.7080502011022096,0,1,0,0,0,0,0,0,0,0,0.0
34660_2010,0.0346725254302131,0.03012133122308297,0.18648712031743325,0.1869358844463693,0.09105818939802296,0.12995496381565544,1.4055533898508958,1.3526729761790282,0.16476390017587575,0.10318939535457976,-7.609610956378707,-7.730799372565747,0.31848770320803976,-0.3222777035731104,2.7080502011022096,2.7080502011022096,0,1,0,0,0,0,0,0,0,0,0.0
34665_2008,0.026636770359618582,0.041892628438490016,0.2894163589588117,0.3816569415173246,0.13961255783437124,0.08303043474295319,2.038004725742312,1.9343040450870643,0.0666022657693635,0.061687783261919614,-9.10345824860501,-9.194165861225525,-0.03016033325037075,-0.22755696217001856,2.7080502011022096,2.7080502011022096,0,1,0,0,0,0,0,0,0,0,0.0
34665_2009,0.041892628438490016,-0.007517260787269229,0.3816569415173246,0.6535519378470308,0.08303043474295319,0.12438817849703615,1.9343040450870643,0.7557981604105619,0.061687783261919614,0.14600375385977069,-9.194165861225525,-9.785888102478117,-0.22755696217001856,-0.5832748013907579,2.7080502011022096,1.7263316639055997,0,1,0,0,0,0,0,0,0,0,0.0
34665_2010,-0.007517260787269229,-0.007338788535452472,0.6535519378470308,0.5286086212742089,0.12438817849703615,0.0967532929710756,0.7557981604105619,1.2214358822046565,0.14600375385977069,0.15911438915901122,-9.785888102478117,-9.907092993684296,-0.5832748013907579,0.09007696023463437,1.7263316639055997,1.8500283773520307,0,1,0,0,0,0,0,0,0,0,0.0
34666_2008,0.006676149834044571,0.0037722585754511703,0.8716521032310506,0.8976725489568668,0.060326491905439275,0.02968560012159222,1.3206095378284797,1.1665530519792895,0.017548966368189426,0.05240080653458595,-12.497000533743956,-12.658290780172242,-0.09202869941775847,-0.13005396621611998,2.7080502011022096,2.582486978126864,0,0,0,0,0,1,0,0,0,0,0.0
34666_2009,0.0037722585754511703,-0.002461605335210642,0.8976725489568668,0.9654713785226116,0.02968560012159222,0.0496384369514837,1.1665530519792895,0.4842846066678595,0.05240080653458595,0.13967196118296074,-12.658290780172242,-13.194143803216415,-0.13005396621611998,-0.4515529303699992,2.582486978126864,1.5040773967762742,0,0,0,0,0,1,0,0,0,0,0.0
34666_2010,-0.002461605335210642,0.0046635063352724795,0.9654713785226116,0.974707609052072,0.0496384369514837,0.05375207028606703,0.4842846066678595,0.33908327571369584,0.13967196118296074,0.1815059716370278,-13.194143803216415,-13.721461245638109,-0.4515529303699992,-0.6428996589328144,1.5040773967762742,1.2119409739751128,0,0,0,0,0,1,0,0,0,0,0.0
3466_2008,0.025218830187774287,-0.031740099484542525,0.41318017218638337,0.6752661350032512,0.0034245425549773376,0.0008202558655084582,0.9327393027611902,0.8453316277723437,0.05951562627951981,0.11159965960851648,-12.245670659601652,-12.279572691835305,0.03652451466463974,-0.180540855820764,2.5257206442762548,2.298577071596507,0,1,0,0,0,0,0,0,0,0,0.0
3466_2009,-0.031740099484542525,-0.8362452870788777,0.6752661350032512,0.932445012022042,0.0008202558655084582,0.03124795344616277,0.8453316277723437,0.2999014622831054,0.11159965960851648,0.3915014889985256,-12.279572691835305,-14.12243842351573,-0.180540855820764,-2.2064993340608927,2.298577071596507,-0.4462871026284195,0,1,0,0,0,0,0,0,0,0,0.0
3466_2010,-0.8362452870788777,-0.0544696826397013,0.932445012022042,0.7311780800792286,0.03124795344616277,0.0007228889534134213,0.2999014622831054,1.316722660461614,0.3915014889985256,0.3944561583114297,-14.12243842351573,-13.005689385526132,-2.2064993340608927,1.179982407726782,-0.4462871026284195,0.8878912573524571,0,1,0,0,0,0,0,0,0,0,0.0
34672_2008,-0.002142369987900225,0.0,0.9345793448082352,0.0,2.6395011819384634e-05,0.0,0.975975221202458,0.0,0.058335548805258874,0.0,-10.287237398966557,0.0,0.04074261786406319,0.0,2.252343876557299,0.0,0,0,0,0,0,1,0,0,0,0,0.0
34672_2009,0.0,0.011436086357056036,0.0,0.8937493194599768,0.0,0.02410625515582419,0.0,1.123147608551158,0.0,0.14963985947383426,0.0,-9.520879875039356,0.0,0.08952623355012918,0.0,1.8609745382495282,0,0,0,0,0,1,0,0,0,0,0.0
34672_2010,0.011436086357056036,0.0,0.8937493194599768,0.0,0.02410625515582419,0.0,1.123147608551158,0.0,0.14963985947383426,0.0,-9.520879875039356,0.0,0.08952623355012918,0.0,1.8609745382495282,0.0,0,0,0,0,0,1,0,0,0,0,0.0
34680_2008,0.033676308156710404,0.033752419612486144,0.110759690244994,0.314265847287215,0.08577404225775724,0.06915487399221966,1.8201302702252944,1.6298721602329884,0.08497601629811298,0.15852058261076515,-11.697853774053431,-12.775167819848312,0.03077049153391453,-0.09332112584798256,2.7080502011022096,2.6823904543216326,0,1,0,0,0,0,0,0,0,0,0.0
34680_2009,0.033752419612486144,-0.022570603190454112,0.314265847287215,0.5249612238347316,0.06915487399221966,0.10489034588121064,1.6298721602329884,0.7360071072290094,0.15852058261076515,0.2218619024829981,-12.775167819848312,-13.353249266470575,-0.09332112584798256,-0.21344122586496625,2.6823904543216326,1.6639260977181702,0,1,0,0,0,0,0,0,0,0,0.0
34680_2010,-0.022570603190454112,-0.012252483540912414,0.5249612238347316,0.4243183211208102,0.10489034588121064,0.12779961256823244,0.7360071072290094,1.090262607088106,0.2218619024829981,0.059939572009737416,-13.353249266470575,-13.223742666109226,-0.21344122586496625,-0.012969122252524556,1.6639260977181702,2.0241930674493576,0,1,0,0,0,0,0,0,0,0,0.0
34684_2008,0.0033353278472354237,0.013250779163966593,0.7513053798838176,0.6905586630805405,0.09774515434275176,0.10866298978171857,1364.517,1875.221,0.2065672533255352,0.10501502532769913,-9.150380737958494,-8.850925654066097,0.3573251283833974,0.17071523518345322,2.7080502011022096,2.7080502011022096,1,0,0,0,0,0,0,0,0,0,0.0
34684_2009,0.013250779163966593,0.02607249531354944,0.6905586630805405,0.9075588841941944,0.10866298978171857,0.10336725096738077,1875.221,430.7833,0.10501502532769913,0.2709187529627925,-8.850925654066097,-9.810655535703594,0.17071523518345322,-0.9118823156960985,2.7080502011022096,1.786746927404511,1,0,0,0,0,0,0,0,0,0,0.0
34684_2010,0.02607249531354944,0.011689235565201876,0.9075588841941944,0.6991706109764778,0.10336725096738077,0.14660796853546734,430.7833,1832.3741,0.2709187529627925,0.15778798252693574,-9.810655535703594,-8.598094578661222,-0.9118823156960985,1.1834106346558069,1.786746927404511,2.7080502011022096,1,0,0,0,0,0,0,0,0,0,0.0
34701_2008,0.02802080958190433,0.02437848154878804,0.09088716925278104,0.07628674751374491,0.08424215605384258,0.048227254175355984,3.587838052784728,4.23694125944759,0.06667720426405897,0.05459002050597365,-8.833010944711434,-8.405060753493071,0.0698472275494301,0.3161480614780119,2.7080502011022096,2.7080502011022096,0,1,0,0,0,0,0,0,0,0,0.0
34701_2009,0.02437848154878804,0.04103556942113543,0.07628674751374491,0.09078249650853673,0.048227254175355984,0.043413123369352095,4.23694125944759,3.4923759851108915,0.05459002050597365,0.3573314335550833,-8.405060753493071,-8.159767288123842,0.3161480614780119,-0.9269337777205306,2.7080502011022096,2.7080502011022096,0,1,0,0,0,0,0,0,0,0,0.0
34701_2010,0.04103556942113543,0.034908431298352936,0.09078249650853673,0.11707241635509988,0.043413123369352095,0.04579499682674396,3.4923759851108915,3.2542160297934153,0.3573314335550833,0.1241910017004854,-8.159767288123842,-8.34286296490408,-0.9269337777205306,-0.09647105152160493,2.7080502011022096,2.7080502011022096,0,1,0,0,0,0,0,0,0,0,0.0
34702_2008,0.03186145352067202,0.049310292882465724,0.3912763177524045,0.4775555191991092,0.047309783228433086,0.060108269199220965,2.6014799484219844,1.7065031082955375,0.06285952324056507,0.20157159800151989,-7.796498768562977,-8.144032241301097,0.05589442717607177,-1.0635439844948178,2.7080502011022096,2.7080502011022096,1,0,0,0,0,0,0,0,0,0,0.0
34702_2009,0.049310292882465724,0.033190828630530536,0.4775555191991092,0.5648160242885281,0.060108269199220965,0.023781533132158902,1.7065031082955375,1.1985525329758298,0.20157159800151989,0.12974565569408192,-8.144032241301097,-8.110421196061953,-1.0635439844948178,-0.13960178321889555,2.7080502011022096,2.7040421797046714,1,0,0,0,0,0,0,0,0,0,0.0
34702_2010,0.033190828630530536,0.03649436203933842,0.5648160242885281,0.48098463730766206,0.023781533132158902,0.1037467639636534,1.1985525329758298,1.4930242984027953,0.12974565569408192,0.14085187761122525,-8.110421196061953,-7.957514607713666,-0.13960178321889555,0.18157592056130512,2.7040421797046714,2.7080502011022096,1,0,0,0,0,0,0,0,0,0,0.0
34710_2008,0.0013714474843663131,0.0,0.9028266350071821,0.0,0.007391221884230415,0.0,0.9224377613317682,0.0,0.05764564380494613,0.0,-9.947365307315735,0.0,0.06616922352822224,0.0,2.039920783517553,0.0,0,0,0,0,0,1,0,0,0,0,0.0
34710_2009,0.0,0.0,0.0,0.0,0.0,0.0,0.0,0.0,0.0,0.0,0.0,0.0,0.0,0.0,0.0,0.0,0,0,0,0,0,1,0,0,0,0,0.0
34710_2010,0.0,0.0,0.0,0.0,0.0,0.0,0.0,0.0,0.0,0.0,0.0,0.0,0.0,0.0,0.0,0.0,0,0,0,0,0,1,0,0,0,0,0.0
34715_2008,-0.0013997831918416252,0.017577122895175847,0.40750244840338296,0.470610759988309,0.0575809944984869,0.056604146341605134,1.2826582332716154,0.9986159684598208,0.10006845883077416,0.07360246400064895,-10.864966489180697,-11.117811764935468,0.20891596278495767,-0.2067992435679729,2.5439614125693146,2.2975725511705014,0,0,1,0,0,0,0,0,0,0,0.0
34715_2009,0.017577122895175847,-0.007036486910028356,0.470610759988309,0.8233226505917628,0.056604146341605134,0.09130915408130692,0.9986159684598208,0.2554143004619393,0.07360246400064895,0.3108026948185047,-11.117811764935468,-12.103680850032307,-0.2067992435679729,-0.7795570442022275,2.2975725511705014,0.8671004876833833,0,0,1,0,0,0,0,0,0,0,0.0
34715_2010,-0.007036486910028356,-0.025055863984391257,0.8233226505917628,0.6614642545889889,0.09130915408130692,0.028972374091173644,0.2554143004619393,0.5363567857292589,0.3108026948185047,0.16179958083183366,-12.103680850032307,-11.613413334086205,-0.7795570442022275,0.4986677308664264,0.8671004876833833,1.5973653311998313,0,0,1,0,0,0,0,0,0,0,0.0
34746_2008,0.029046700164838513,0.03620538542778009,0.4359765593074458,0.39814431717545706,0.01922459798022575,0.037340245412753485,1.7622773168323131,1.8909457288859182,0.05079888498415155,0.03082919224421082,-7.127574951906477,-6.872914772274541,-0.09569437246319534,0.2350476150227351,2.7080502011022096,2.7080502011022096,0,1,0,0,0,0,0,0,0,0,0.0
34746_2009,0.03620538542778009,0.054780076895873366,0.39814431717545706,0.4947524120911809,0.037340245412753485,0.05004670881846388,1.8909457288859182,1.4294556327591557,0.03082919224421082,0.10290844841016564,-6.872914772274541,-6.792702104409541,0.2350476150227351,0.018270333600298727,2.7080502011022096,2.7080502011022096,0,1,0,0,0,0,0,0,0,0,0.0
34746_2010,0.054780076895873366,0.04955169656182117,0.4947524120911809,0.4483851077342153,0.05004670881846388,0.05587627492431777,1.4294556327591557,1.4508304144162476,0.10290844841016564,0.08857981746593133,-6.792702104409541,-6.88996448032868,0.018270333600298727,-0.2010637590443299,2.7080502011022096,2.7080502011022096,0,1,0,0,0,0,0,0,0,0,0.0
34751_2008,0.012695752635955642,0.04290094752923263,0.3829885378513285,0.4066137264126592,0.11348220996525266,0.03533874660882553,2.1482354215705457,1.4309175370910463,0.0893584713640972,0.2359159351397169,-10.042083795989571,-10.358942689519905,0.7268474552773916,-1.1540688245940314,2.7080502011022096,2.7080502011022096,1,0,0,0,0,0,0,0,0,0,0.0
34751_2009,0.04290094752923263,0.03094073957278512,0.4066137264126592,0.6559436789430445,0.03533874660882553,0.03440610240493705,1.4309175370910463,0.6310356376118905,0.2359159351397169,0.19820180582095176,-10.358942689519905,-10.941842661950895,-1.1540688245940314,-0.5646481757240867,2.7080502011022096,1.7732559976634952,1,0,0,0,0,0,0,0,0,0,0.0
34751_2010,0.03094073957278512,0.010251977590458485,0.6559436789430445,0.6175214626752727,0.03440610240493705,0.10988838479772686,0.6310356376118905,1.4408288154901203,0.19820180582095176,0.27367873803293763,-10.941842661950895,-10.635325948371658,-0.5646481757240867,0.4317548824096417,1.7732559976634952,2.3115448343655176,1,0,0,0,0,0,0,0,0,0,0.0
34769_2008,-0.012679630386405849,0.0027934414936901693,0.7642168950143258,0.8504712778249045,0.008334649682990304,0.0027467639143658263,2.1243833454653815,1.326232203709171,0.056241443453284384,0.1049855011763314,-7.729702848979802,-8.506974801825512,-0.15007177504945093,-0.6186083316926352,2.7080502011022096,2.7080502011022096,0,0,1,0,0,0,0,0,0,0,1.0
34769_2009,0.0027934414936901693,-0.1853557888498242,0.8504712778249045,0.997946811360606,0.0027467639143658263,0.010580954816833323,1.326232203709171,25.4586,0.1049855011763314,0.5674018027826102,-8.506974801825512,-12.639207411686229,-0.6186083316926352,-3.9775750427569387,2.7080502011022096,-0.9942522733438668,0,0,1,0,0,0,0,0,0,0,1.0
34769_2010,-0.1853557888498242,0.0,0.997946811360606,0.0,0.010580954816833323,0.0,25.4586,0.0,0.5674018027826102,0.0,-12.639207411686229,0.0,-3.9775750427569387,0.0,-0.9942522733438668,0.0,0,0,1,0,0,0,0,0,0,0,1.0
34770_2008,0.0013703299005914508,0.0025454097280718127,0.2106407064105483,0.2307403793989337,0.015169657701024191,0.004250078523693455,2.8630945388069384,3.848970902284535,0.06702737139052196,0.05916899708722306,-6.687698132654424,-6.615143371531148,0.08137609504732324,0.05026559132988505,2.7080502011022096,2.7080502011022096,0,0,0,0,0,0,0,0,0,1,0.0
34770_2009,0.0025454097280718127,0.020600061521479876,0.2307403793989337,0.3095049405004046,0.004250078523693455,0.011685130189973138,3.848970902284535,3.018408763970068,0.05916899708722306,0.09101610130475793,-6.615143371531148,-6.514825542647196,0.05026559132988505,0.17600258268947816,2.7080502011022096,2.7080502011022096,0,0,0,0,0,0,0,0,0,1,0.0
34770_2010,0.020600061521479876,0.010936665250193444,0.3095049405004046,0.23038171057294596,0.011685130189973138,0.013522755603764196,3.018408763970068,3.6773613328012176,0.09101610130475793,0.06001529746518525,-6.514825542647196,-6.34966576420303,0.17600258268947816,0.05690896116207823,2.7080502011022096,2.7080502011022096,0,0,0,0,0,0,0,0,0,1,0.0
34772_2008,0.037534012547165006,0.05036478195987398,0.22551520877057016,0.29061653678218097,0.3748027130840117,0.17568949317415578,0.7416797495880099,0.5469506988497836,0.07243179617742962,0.1296691545546552,-13.224985895580273,-13.523527728273637,0.3539227434340036,-0.34682329564768993,1.9740810260220096,1.6863804348802405,0,1,0,0,0,0,0,0,0,0,0.0
34772_2009,0.05036478195987398,0.05213337100875954,0.29061653678218097,0.6032071206555525,0.17568949317415578,0.2162333992653292,0.5469506988497836,0.1529754917847504,0.1296691545546552,0.2331312683386103,-13.523527728273637,-14.325913271446769,-0.34682329564768993,-0.9698228451372486,1.6863804348802405,0.3900130035492428,0,1,0,0,0,0,0,0,0,0,0.0
34772_2010,0.05213337100875954,-0.047358856534482026,0.6032071206555525,0.5113410388354861,0.2162333992653292,0.35867909173789875,0.1529754917847504,0.22025928723727287,0.2331312683386103,0.16111114718852165,-14.325913271446769,-14.208553996680136,-0.9698228451372486,-0.14254533503411904,0.3900130035492428,0.7419373447293773,0,1,0,0,0,0,0,0,0,0,0.0
34775_2008,-0.03445253041825578,-0.003723106534003049,0.5928992236719356,0.639260109484334,0.18386121312850048,0.3034739464614019,0.8625552682862571,0.6509775372568634,0.08802437607370434,0.10416725757074446,-9.018637539663148,-9.31803508791096,-0.35020917609692515,-0.04418082827677165,2.0554049638515948,1.7578579175523736,0,0,0,0,0,0,1,0,0,0,0.0
34775_2009,-0.003723106534003049,-0.20719532868713508,0.639260109484334,0.6961245415030505,0.3034739464614019,0.34537347640978383,0.6509775372568634,0.7917575009206743,0.10416725757074446,0.16073266602782568,-9.31803508791096,-9.051822617362047,-0.04418082827677165,0.2203236424443233,1.7578579175523736,1.5282278570085572,0,0,0,0,0,0,1,0,0,0,0.0
34775_2010,-0.20719532868713508,0.014485563134694825,0.6961245415030505,0.4293784286998723,0.34537347640978383,0.246965682752788,0.7917575009206743,1.4024300087622432,0.16073266602782568,0.19527643494392372,-9.051822617362047,-8.516165551983478,0.2203236424443233,0.4896449425965152,1.5282278570085572,2.2449559801574095,0,0,0,0,0,0,1,0,0,0,0.0
34782_2008,0.0344589513374927,0.026281488364225777,0.060337437028684826,0.04121597141531374,0.009356549265149451,0.0018697413272503337,3.7890804587086295,4.426312110620579,0.1036313594577008,0.2086977238194886,-8.420498608524328,-7.861740143078727,-0.13773093599164288,-0.2083192282652358,2.7080502011022096,2.7080502011022096,0,0,1,0,0,0,0,0,0,0,0.0
34782_2009,0.026281488364225777,0.04774433665859448,0.04121597141531374,0.09332487007687296,0.0018697413272503337,0.0040802863788470456,4.426312110620579,2.7303165384153507,0.2086977238194886,0.1650688589626144,-7.861740143078727,-8.619541848312009,-0.2083192282652358,-0.7238442395768054,2.7080502011022096,2.4647039424704813,0,0,1,0,0,0,0,0,0,0,0.0
34782_2010,0.04774433665859448,0.03738771312259352,0.09332487007687296,0.06445790933935495,0.0040802863788470456,0.039114554911333366,2.7303165384153507,2.2540991762648965,0.1650688589626144,0.2139418296661727,-8.619541848312009,-8.121519983680736,-0.7238442395768054,0.5305686904540495,2.4647039424704813,2.7080502011022096,0,0,1,0,0,0,0,0,0,0,0.0
34783_2008,-0.01466344738236853,0.0335862994629264,0.2749501543742165,0.17190073825725802,0.005901553837482229,0.00244675544867917,3.191267979567768,3.796379099418556,0.20646426273688648,0.20204382039554,-11.21350102731916,-10.642383157444288,-0.6941991687272794,0.5413279716395271,1.8609745382495282,2.430098413293005,0,0,0,0,0,0,0,0,0,0,0.0
34783_2009,0.0335862994629264,0.11089124786362163,0.17190073825725802,0.4612208605277446,0.00244675544867917,0.006073570372637837,3.796379099418556,1.137871746997317,0.20204382039554,0.385852500025048,-10.642383157444288,-11.390902090716756,0.5413279716395271,-0.6670608846934432,2.430098413293005,1.1786549963416462,0,0,0,0,0,0,0,0,0,0,0.0
34783_2010,0.11089124786362163,0.010475082810924331,0.4612208605277446,0.2712137418134212,0.006073570372637837,0.0012148717290853036,1.137871746997317,1.080152947135981,0.385852500025048,0.1905661489586657,-11.390902090716756,-11.65899422893502,-0.6670608846934432,-0.2870651218004163,1.1786549963416462,1.1410330045520618,0,0,0,0,0,0,0,0,0,0,0.0
34788_2008,0.04265516544825453,0.027876251611610985,0.4892162538470829,0.6282803454438323,0.027200222688081255,0.04219149647230473,1.302525029542988,0.7372976929581905,0.1021133656353708,0.09311662304195413,-10.180301598693656,-10.710983316073463,-0.2986651611508896,-0.4608266138933002,2.7080502011022096,2.7080502011022096,0,0,1,0,0,0,0,0,0,0,0.0
34788_2009,0.027876251611610985,-0.24595312169438155,0.6282803454438323,0.7560095284236247,0.04219149647230473,0.055434104686273626,0.7372976929581905,0.5619412327393187,0.09311662304195413,0.35716492090759017,-10.710983316073463,-11.738038418797018,-0.4608266138933002,-1.0978675156052506,2.7080502011022096,1.2208299213923592,0,0,1,0,0,0,0,0,0,0,0.0
34788_2010,-0.24595312169438155,-0.2100971533767784,0.7560095284236247,0.5360744956581874,0.055434104686273626,0.06980615573822309,0.5619412327393187,0.8696530737594224,0.35716492090759017,0.42162955009523423,-11.738038418797018,-10.805264670860836,-1.0978675156052506,1.3561061124561578,1.2208299213923592,2.2181159363675955,0,0,1,0,0,0,0,0,0,0,0.0
34798_2008,0.039397007433363926,0.029503373125438083,0.5914837436623472,0.5699817576307582,0.025708216714991714,0.017797796772694385,1.784454558503049,1.7720699521990384,0.03193549590909717,0.050534342632784265,-6.764330956230628,-6.678951603338622,0.048792536427357765,0.058532950399759885,2.7080502011022096,2.7080502011022096,0,0,0,0,0,0,0,0,1,0,0.0
34798_2009,0.029503373125438083,0.039563286004780686,0.5699817576307582,0.6345626959199553,0.017797796772694385,0.01881281810022519,1.7720699521990384,1.2635411199439135,0.050534342632784265,0.08044921979830076,-6.678951603338622,-6.6280476059761755,0.058532950399759885,0.1491990782034306,2.7080502011022096,2.7080502011022096,0,0,0,0,0,0,0,0,1,0,0.0
34798_2010,0.039563286004780686,0.034231293018297665,0.6345626959199553,0.5815984611842212,0.01881281810022519,0.00439640167196914,1.2635411199439135,1.4546860150911995,0.08044921979830076,0.04817229136969711,-6.6280476059761755,-6.578700475197555,0.1491990782034306,-0.052248173413830264,2.7080502011022096,2.7080502011022096,0,0,0,0,0,0,0,0,1,0,0.0
34803_2008,-0.5017912230072644,0.0,0.5826450393073938,0.0,0.10208312601585563,0.0,5.0328,0.0,0.2560441949556049,0.0,-14.360822771275993,0.0,0.6751275079244279,0.0,-0.3285040669720361,0.0,0,0,0,0,0,0,0,1,0,0,0.0
34803_2009,0.0,0.0,0.0,0.0,0.0,0.0,0.0,0.0,0.0,0.0,0.0,0.0,0.0,0.0,0.0,0.0,0,0,0,0,0,0,0,1,0,0,0.0
34803_2010,0.0,0.0,0.0,0.0,0.0,0.0,0.0,0.0,0.0,0.0,0.0,0.0,0.0,0.0,0.0,0.0,0,0,0,0,0,0,0,1,0,0,0.0
34808_2008,0.03187103933800228,0.03823169447984018,0.1809085276685284,0.18274300949499805,0.09796096604869507,0.12354426288972052,2.969559742122055,2.500076867028002,0.05145423392452995,0.059885120268491326,-7.3679443167462955,-7.489063671529306,0.08013325362384617,-0.02304203613545397,2.7080502011022096,2.7080502011022096,0,0,0,0,0,0,1,0,0,0,0.0
34808_2009,0.03823169447984018,0.0515021417225428,0.18274300949499805,0.2411104789621976,0.12354426288972052,0.16913992418281673,2.500076867028002,1.8109734443166643,0.059885120268491326,0.08662716679637222,-7.489063671529306,-7.653670292838965,-0.02304203613545397,-0.171461876307556,2.7080502011022096,2.7080502011022096,0,0,0,0,0,0,1,0,0,0,0.0
34808_2010,0.0515021417225428,0.04921266391440711,0.2411104789621976,0.1682834839909398,0.16913992418281673,0.17698565342275344,1.8109734443166643,1.6010814463973069,0.08662716679637222,0.06768270824586578,-7.653670292838965,-7.43387862584366,-0.171461876307556,0.2257637961859539,2.7080502011022096,2.7080502011022096,0,0,0,0,0,0,1,0,0,0,0.0
34829_2008,0.030191287877760608,0.02230779379909594,0.3706571889863178,0.4199244445824415,0.0023245817646198193,0.0038818371870221213,1.7686102405578374,2.009389594462633,0.02845664926054233,0.03326545622134757,-6.924767971191907,-6.833522405983327,0.0319569658672863,0.05825025530574149,2.7080502011022096,2.7080502011022096,0,0,0,0,0,0,0,0,0,0,0.0
34829_2009,0.02230779379909594,0.04624469899086399,0.4199244445824415,0.556421905552216,0.0038818371870221213,0.011593009692714326,2.009389594462633,1.431718280987738,0.03326545622134757,0.052596666987338635,-6.833522405983327,-6.762802309876197,0.05825025530574149,0.01265193303250578,2.7080502011022096,2.7080502011022096,0,0,0,0,0,0,0,0,0,0,0.0
34829_2010,0.04624469899086399,0.029335791913058105,0.556421905552216,0.458414077665173,0.011593009692714326,0.003366402350678799,1.431718280987738,1.8187973879386568,0.052596666987338635,0.05175071343862531,-6.762802309876197,-6.2589404488245854,0.01265193303250578,0.06120768204784788,2.7080502011022096,2.7080502011022096,0,0,0,0,0,0,0,0,0,0,0.0
34838_2008,0.033709986571465296,0.032327018065066215,0.3625752597151916,0.35245584134345115,0.003508442808403577,0.002428425202682439,2.9232631116941072,3.312783477027868,0.041319596196396434,0.13078001525391236,-7.782667598901379,-7.694620406764956,-0.0331713095894718,-0.3387512310508454,2.7080502011022096,2.7080502011022096,0,1,0,0,0,0,0,0,0,0,0.0
34838_2009,0.032327018065066215,0.0033512071951962395,0.35245584134345115,0.5739237482298882,0.002428425202682439,0.0031196197060973127,3.312783477027868,1.2524778712688935,0.13078001525391236,0.09124287554449513,-7.694620406764956,-6.731428852496678,-0.3387512310508454,0.22944819197230876,2.7080502011022096,2.7080502011022096,0,1,0,0,0,0,0,0,0,0,0.0
34838_2010,0.0033512071951962395,0.02175475334768297,0.5739237482298882,0.5262101268332885,0.0031196197060973127,0.002109551839775318,1.2524778712688935,1.3670198334415151,0.09124287554449513,0.12116307444415728,-6.731428852496678,-6.827060461275378,0.22944819197230876,-0.20617828908128055,2.7080502011022096,2.7080502011022096,0,1,0,0,0,0,0,0,0,0,0.0
34843_2008,0.053532375644845864,0.034829499504418764,0.4412640455696616,0.6411728671708892,0.08639782660571167,0.31948674441889724,1.1103953658172483,0.7786820310701024,0.1212083741059118,0.16890127786497094,-9.348973668216322,-9.468500273624977,-0.2890545116541419,-0.4268679699279171,2.543175557911976,2.19722457733622,0,0,0,0,0,0,0,0,0,0,0.0
34843_2009,0.034829499504418764,0.020336709087844733,0.6411728671708892,0.7904590684267204,0.31948674441889724,0.10377150325111736,0.7786820310701024,0.4576911487295839,0.16890127786497094,0.2518088290496326,-9.468500273624977,-9.662484189608023,-0.4268679699279171,-0.16609555294032946,2.19722457733622,1.5018527017541632,0,0,0,0,0,0,0,0,0,0,0.0
34843_2010,0.020336709087844733,0.02172244588502425,0.7904590684267204,0.837892292983884,0.10377150325111736,0.04875482298638776,0.4576911487295839,0.3663406164197704,0.2518088290496326,0.15776298311983206,-9.662484189608023,-10.038901943745099,-0.16609555294032946,-0.5759006971241158,1.5018527017541632,1.3480731482996928,0,0,0,0,0,0,0,0,0,0,0.0
34846_2008,0.01409956480758421,0.0099437047763714,0.7464670466555171,0.8342723160021341,0.04031887712927309,0.03463154785658351,2.193216789760739,1.3671983729957424,0.043927637839698434,0.08526455280225312,-10.621080565288505,-10.910945335743987,0.09776903851234814,-0.3651789943350329,2.7080502011022096,2.7080502011022096,0,0,0,0,0,1,0,0,0,0,0.0
34846_2009,0.0099437047763714,0.0012169953889550414,0.8342723160021341,0.9082294305677194,0.03463154785658351,0.020786999560721303,1.3671983729957424,0.9162229833585144,0.08526455280225312,0.18226882398657893,-10.910945335743987,-10.986904167058334,-0.3651789943350329,-0.10106389316832136,2.7080502011022096,2.419478844465545,0,0,0,0,0,1,0,0,0,0,0.0
34846_2010,0.0012169953889550414,-0.009672456797570205,0.9082294305677194,0.9616488096784934,0.020786999560721303,0.03677066972139288,0.9162229833585144,0.3789404652220588,0.18226882398657893,0.3393969220140077,-10.986904167058334,-12.24966617530645,-0.10106389316832136,-0.8808830635273055,2.419478844465545,1.3912819026309295,0,0,0,0,0,1,0,0,0,0,0.0
34857_2008,0.009064382686560294,0.00801221567703855,0.8650817562997886,0.8779617260674064,0.025053834421385972,0.032002476196339766,1.3691666771180346,1.236864678245253,0.02581816640869645,0.0406848983509679,-12.211225302682404,-12.311874927977302,-0.10236793220566344,-0.13102448737726702,2.7080502011022096,2.7080502011022096,0,0,0,0,0,1,0,0,0,0,0.0
34857_2009,0.00801221567703855,0.002238905826883996,0.8779617260674064,0.9247430066076062,0.032002476196339766,0.01955500026012604,1.236864678245253,0.9590733160435294,0.0406848983509679,0.04848970511999997,-12.311874927977302,-12.260589160819599,-0.13102448737726702,0.054051539694088935,2.7080502011022096,2.7080502011022096,0,0,0,0,0,1,0,0,0,0,0.0
34857_2010,0.002238905826883996,0.004512659317269584,0.9247430066076062,0.9328821039857922,0.01955500026012604,0.0883471502657018,0.9590733160435294,0.7224496458170937,0.04848970511999997,0.06715035785115989,-12.260589160819599,-12.508260127607095,0.054051539694088935,-0.3846647878073346,2.7080502011022096,2.7080502011022096,0,0,0,0,0,1,0,0,0,0,0.0
3487_2008,0.05385807360046331,0.038096152049319834,0.4194593496883143,0.3791642686365573,0.09627490669943782,0.08184169680863415,2.8677099622097884,3.0714321404082012,0.12603713707986705,0.14323889487297636,-6.67111079965166,-6.4685822383743945,-0.17494799325547658,-0.22143630663782296,2.7080502011022096,2.7080502011022096,0,1,0,0,0,0,0,0,0,0,0.0
3487_2009,0.038096152049319834,0.0467439875930555,0.3791642686365573,0.5236529766405061,0.08184169680863415,0.09784137927671092,3.0714321404082012,1.9211586965667085,0.14323889487297636,0.12102169880387673,-6.4685822383743945,-6.629093149568544,-0.22143630663782296,-0.0748320783721027,2.7080502011022096,2.7080502011022096,0,1,0,0,0,0,0,0,0,0,0.0
3487_2010,0.0467439875930555,0.004936636876026305,0.5236529766405061,0.4175759519450561,0.09784137927671092,0.09403432976988443,1.9211586965667085,2.232501392367412,0.12102169880387673,0.1174892017735762,-6.629093149568544,-6.6227055933544685,-0.0748320783721027,0.021309787918200877,2.7080502011022096,2.7080502011022096,0,1,0,0,0,0,0,0,0,0,0.0
34898_2008,0.01589280465758946,0.02437107036615602,0.7643714863719329,0.5932845525827545,0.0646202319889893,0.10415431561567376,1.3468083290662698,1.673196084549282,0.06513972175297557,0.08262921422284418,-5.316063456824055,-4.8732334262138925,-0.03610796424381048,0.4085117696685741,2.7080502011022096,2.7080502011022096,0,0,1,0,0,0,0,0,0,0,0.0
34898_2009,0.02437107036615602,0.010783872936631248,0.5932845525827545,0.7959507035054003,0.10415431561567376,0.06319926207744286,1.673196084549282,0.8323191977152258,0.08262921422284418,0.1505046276715258,-4.8732334262138925,-5.309785331305607,0.4085117696685741,-0.2952870867477044,2.7080502011022096,2.7080502011022096,0,0,1,0,0,0,0,0,0,0,0.0
34898_2010,0.010783872936631248,-0.01954418431755195,0.7959507035054003,0.7180562940999936,0.06319926207744286,0.11043944966058272,0.8323191977152258,1.2268179939226598,0.1505046276715258,0.17647112492985545,-5.309785331305607,-5.203565023745301,-0.2952870867477044,0.3473930127830593,2.7080502011022096,2.7080502011022096,0,0,1,0,0,0,0,0,0,0,0.0
34920_2008,0.025141900498393426,0.02916951435715505,0.5060215336718039,0.5180186083919973,0.0009965046497083328,0.0019179954645800578,1.7292568309141902,1.63678278410459,0.05530839749512975,0.045163849807761024,-7.786595675881271,-7.665563785216472,0.07674378165044451,-0.051926949772857126,2.7080502011022096,2.7080502011022096,0,0,0,0,0,0,0,0,0,0,0.0
34920_2009,0.02916951435715505,0.04067455614681758,0.5180186083919973,0.6031375831381646,0.0019179954645800578,0.0010238446627345386,1.63678278410459,1.176815743106543,0.045163849807761024,0.07219438475593101,-7.665563785216472,-7.518340509146967,-0.051926949772857126,0.05844092148383129,2.7080502011022096,2.7080502011022096,0,0,0,0,0,0,0,0,0,0,0.0
34920_2010,0.04067455614681758,0.037612575608097915,0.6031375831381646,0.5326174566680393,0.0010238446627345386,0.0016240317620076815,1.176815743106543,1.6329971821557796,0.07219438475593101,0.061987483729532174,-7.518340509146967,-7.229713590320238,0.05844092148383129,0.038452594829327384,2.7080502011022096,2.7080502011022096,0,0,0,0,0,0,0,0,0,0,0.0
34949_2008,-0.09891203890851964,-0.2284414032712548,0.07059936938522192,0.17820223711092173,0.1824788011661142,0.5556076614728395,3.752376124699024,1.2610396582946521,0.13900608285369154,0.148657009718175,-11.598108149254855,-12.673756596441198,0.14584925666066234,-1.2698399348072291,1.1908875647772803,-0.08349031049902543,0,0,0,0,1,0,0,0,0,0,0.0
34949_2009,-0.2284414032712548,-0.3031351553550137,0.17820223711092173,0.4648025623641083,0.5556076614728395,0.33002127510345314,1.2610396582946521,1.174876569187974,0.148657009718175,0.4389818987601216,-12.673756596441198,-12.745724765691115,-1.2698399348072291,-0.10588786830941403,-0.08349031049902543,-0.6539264674066639,0,0,0,0,1,0,0,0,0,0,0.0
34949_2010,-0.3031351553550137,-0.17873774294450498,0.4648025623641083,0.1423692873627854,0.33002127510345314,0.3209898780444944,1.174876569187974,1.768837992329675,0.4389818987601216,0.3921337930767642,-12.745724765691115,-11.353570497785515,-0.10588786830941403,0.5274794281049721,-0.6539264674066639,0.131028262406404,0,0,0,0,1,0,0,0,0,0,0.0
34964_2008,-0.0811216295785868,0.01240391159028204,0.6503584846844186,0.6785274880738067,0.004921986513756953,0.11518875736272728,1.1578855860603854,1.0684183023721954,0.06090480768640565,0.12846838807066918,-9.466459013016953,-9.466044250164726,-0.08374232653430523,-0.1267229785740471,2.7080502011022096,2.7080502011022096,0,0,1,0,0,0,0,0,0,0,0.0
34964_2009,0.01240391159028204,-0.4321852519033201,0.6785274880738067,0.9472563137771536,0.11518875736272728,0.09739435677540308,1.0684183023721954,149.41299999999998,0.12846838807066918,0.2879982693921314,-9.466044250164726,-10.820387816435778,-0.1267229785740471,-1.6009068505018318,2.7080502011022096,1.0612565021243408,0,0,1,0,0,0,0,0,0,0,0.0
34964_2010,-0.4321852519033201,-0.08179117172397435,0.9472563137771536,0.8229852905153909,0.09739435677540308,0.05891161835353824,149.41299999999998,547.766,0.2879982693921314,0.5433275171471723,-10.820387816435778,-9.786654450036492,-1.6009068505018318,1.699064710775993,1.0612565021243408,2.081938421878423,0,0,1,0,0,0,0,0,0,0,0.0
34977_2008,0.02289857350778075,-0.0046714929257375155,0.4563230744803294,0.70353846164166,0.005151833038421315,0.006118163225104358,1.4007132911195601,0.8187893090985352,0.043383831788864166,0.05597231968912915,-9.544576676960252,-10.329640002517984,-0.1739292868733604,-0.7392699305775505,2.7080502011022096,2.6166656393003573,0,0,0,0,0,0,0,1,0,0,0.0
34977_2009,-0.0046714929257375155,-0.5484070591681934,0.70353846164166,0.9515791417841531,0.006118163225104358,0.004571730634098084,0.8187893090985352,0.4812275167997636,0.05597231968912915,0.6053300619049541,-10.329640002517984,-12.259849446902685,-0.7392699305775505,-1.8872460550578536,2.6166656393003573,0.20701416938432607,0,0,0,0,0,0,0,1,0,0,0.0
34977_2010,-0.5484070591681934,0.0049811757143414775,0.9515791417841531,0.7572199133710981,0.004571730634098084,0.00992082625136814,0.4812275167997636,2.0416176785894287,0.6053300619049541,0.26318335937887194,-12.259849446902685,-10.766819294879717,-1.8872460550578536,1.5021607162374395,0.20701416938432607,1.955860479908481,0,0,0,0,0,0,0,1,0,0,0.0
34979_2008,0.0,0.0,0.0,0.0,0.0,0.0,0.0,0.0,0.0,0.0,0.0,0.0,0.0,0.0,0.0,0.0,0,0,0,0,0,0,0,0,0,1,0.0
34979_2009,0.0,-0.009584893998123937,0.0,0.8423977034559158,0.0,0.030579598801235324,0.0,0.4396348943122304,0.0,0.1744591063389117,0.0,-10.900755220179603,0.0,-0.6806268178190573,0.0,1.0986122886681098,0,0,0,0,0,0,0,0,0,1,0.0
34979_2010,-0.009584893998123937,0.0,0.8423977034559158,0.0,0.030579598801235324,0.0,0.4396348943122304,0.0,0.1744591063389117,0.0,-10.900755220179603,0.0,-0.6806268178190573,0.0,1.0986122886681098,0.0,0,0,0,0,0,0,0,0,0,1,0.0
34987_2008,0.02064176758645601,0.027583716008173317,0.5699950973052191,0.6312132398023613,0.0023831525632675675,0.005326081903907245,1.521627847453289,1.1642956387095438,0.04932104066473167,0.06327863170624147,-8.652601071528156,-8.82162298219297,-0.0737209413966898,-0.20875859297469346,2.4006188332654115,2.247072383063787,0,0,0,1,0,0,0,0,0,0,0.0
34987_2009,0.027583716008173317,0.040951315944274834,0.6312132398023613,0.6452387262072973,0.005326081903907245,0.03391615081397573,1.1642956387095438,0.9357547284252814,0.06327863170624147,0.12419905803982666,-8.82162298219297,-8.623615038259228,-0.20875859297469346,0.1920323278681532,2.247072383063787,1.9657127763514932,0,0,0,1,0,0,0,0,0,0,0.0
34987_2010,0.040951315944274834,0.04492833902339805,0.6452387262072973,0.4526856590507339,0.03391615081397573,0.00987577488971132,0.9357547284252814,1.5322565697530015,0.12419905803982666,0.0660767749469722,-8.623615038259228,-8.393258178219234,0.1920323278681532,0.2355207988859308,1.9657127763514932,2.4283362982996057,0,0,0,1,0,0,0,0,0,0,0.0
34992_2008,0.0,0.0,0.0,0.0,0.0,0.0,0.0,0.0,0.0,0.0,0.0,0.0,0.0,0.0,0.0,0.0,0,0,0,0,0,1,0,0,0,0,0.0
34992_2009,0.0,0.0,0.0,0.0,0.0,0.0,0.0,0.0,0.0,0.0,0.0,0.0,0.0,0.0,0.0,0.0,0,0,0,0,0,1,0,0,0,0,0.0
34992_2010,0.0,0.0,0.0,0.0,0.0,0.0,0.0,0.0,0.0,0.0,0.0,0.0,0.0,0.0,0.0,0.0,0,0,0,0,0,1,0,0,0,0,0.0
35010_2008,0.009127764835075334,0.006824405581233609,0.7738940308630794,0.8125461842734399,0.017342753186643134,0.028109016619093846,1.5269306051846965,1.2336408496030895,0.06244505610965969,0.09781066901495857,-13.00163344516357,-13.4987138403553,-0.021649440686096092,-0.5044772819218886,2.525728644308256,2.0386195471595814,0,0,0,0,0,1,0,0,0,0,0.0
35010_2009,0.006824405581233609,0.0,0.8125461842734399,0.0,0.028109016619093846,0.0,1.2336408496030895,0.0,0.09781066901495857,0.0,-13.4987138403553,0.0,-0.5044772819218886,0.0,2.0386195471595814,0.0,0,0,0,0,0,1,0,0,0,0,0.0
35010_2010,0.0,0.0,0.0,0.0,0.0,0.0,0.0,0.0,0.0,0.0,0.0,0.0,0.0,0.0,0.0,0.0,0,0,0,0,0,1,0,0,0,0,0.0
35026_2008,0.03958112363685476,0.014986615683227863,0.4318900169010803,0.2703454352737055,0.021672611421363508,0.0023310287092564988,3.79506003344192,5.439714372771015,0.2164401826862228,0.09621426528212172,-7.682209080448914,-6.899307290809031,-0.9243295155119924,0.7140805887629394,2.7080502011022096,2.7080502011022096,0,0,0,0,0,0,0,0,0,0,0.0
35026_2009,0.014986615683227863,0.040757238861258566,0.2703454352737055,0.5246859614538416,0.0023310287092564988,0.012758755778133313,5.439714372771015,2.816689285178956,0.09621426528212172,0.21348081419485013,-6.899307290809031,-7.323985169312536,0.7140805887629394,-0.5159018528626165,2.7080502011022096,2.7080502011022096,0,0,0,0,0,0,0,0,0,0,0.0
35026_2010,0.040757238861258566,0.03666803614331317,0.5246859614538416,0.3873170827418984,0.012758755778133313,0.004457298634755524,2.816689285178956,3.5945780771781117,0.21348081419485013,0.13305032597513247,-7.323985169312536,-7.005242281227581,-0.5159018528626165,0.30589854290084306,2.7080502011022096,2.7080502011022096,0,0,0,0,0,0,0,0,0,0,0.0
35029_2008,0.0922193154279767,0.07689264572579768,0.0018390911866652195,0.005777835893503425,0.0018390911866652195,0.005777835893503425,4.002972939658845,3.901582028022508,0.0771659523059915,0.041358013516119896,-9.467775371846132,-9.570963707803932,-0.5534621936167549,-0.13301600658428872,2.7080502011022096,2.7080502011022096,0,0,0,0,0,0,0,0,0,0,0.0
35029_2009,0.07689264572579768,0.18113150046801196,0.005777835893503425,0.0017818660148706516,0.005777835893503425,0.0017818660148706516,3.901582028022508,3.2713409134684466,0.041358013516119896,0.13527284097702474,-9.570963707803932,-9.411672318602161,-0.13301600658428872,-0.04511455234594408,2.7080502011022096,2.7080502011022096,0,0,0,0,0,0,0,0,0,0,0.0
35029_2010,0.18113150046801196,0.045261280184096926,0.0017818660148706516,0.006617913928507997,0.0017818660148706516,0.006617913928507997,3.2713409134684466,3.3815381266846574,0.13527284097702474,0.15850284071602172,-9.411672318602161,-9.644369970840863,-0.04511455234594408,-0.08867387495884235,2.7080502011022096,2.7080502011022096,0,0,0,0,0,0,0,0,0,0,0.0
35031_2008,0.0,0.0,0.0,0.0,0.0,0.0,0.0,0.0,0.0,0.0,0.0,0.0,0.0,0.0,0.0,0.0,0,0,0,0,0,1,0,0,0,0,0.0
35031_2009,0.0,0.0,0.0,0.0,0.0,0.0,0.0,0.0,0.0,0.0,0.0,0.0,0.0,0.0,0.0,0.0,0,0,0,0,0,1,0,0,0,0,0.0
35031_2010,0.0,0.0,0.0,0.0,0.0,0.0,0.0,0.0,0.0,0.0,0.0,0.0,0.0,0.0,0.0,0.0,0,0,0,0,0,1,0,0,0,0,0.0
35037_2008,0.004468956204038464,-0.2091214897454383,0.3488608739355711,0.6465460601981851,0.001281749282592338,0.00018181602807459856,1.829368638024475,1.3165617342926974,0.10399390889582423,0.17335901655858765,-10.526669006157263,-11.51583016406792,-0.1924064203581033,-1.1626345574266321,2.7080502011022096,2.1412419425852827,0,1,0,0,0,0,0,0,0,0,0.0
35037_2009,-0.2091214897454383,0.017884501349052576,0.6465460601981851,0.4017864561103322,0.00018181602807459856,0.05504694740950096,1.3165617342926974,1.68851099390226,0.17335901655858765,0.15291917729088314,-11.51583016406792,-10.346298819555797,-1.1626345574266321,1.1109252224896993,2.1412419425852827,2.7080502011022096,0,1,0,0,0,0,0,0,0,0,0.0
35037_2010,0.017884501349052576,-0.03801819992178638,0.4017864561103322,0.3024999699533954,0.05504694740950096,0.04510226477437773,1.68851099390226,2.10742209350023,0.15291917729088314,0.22413152369002504,-10.346298819555797,-10.4017081375791,1.1109252224896993,-0.015117725347614241,2.7080502011022096,2.7080502011022096,0,1,0,0,0,0,0,0,0,0,0.0
35048_2008,0.010772187736111062,0.009920238171927007,0.9009646829018984,0.914905276307755,0.19135006314216615,0.1860530021074797,2.29615505926514,2.178109846045587,0.06096567881129055,0.1014063786455792,-5.010294242618609,-5.013736862435817,0.2394997043386953,-0.003438412519639134,2.7080502011022096,2.7080502011022096,0,0,0,0,0,1,0,0,0,0,0.0
35048_2009,0.009920238171927007,0.0027098413054612172,0.914905276307755,0.9552540710446586,0.1860530021074797,0.28525105989980964,2.178109846045587,0.8167832651567651,0.1014063786455792,0.13476066758455335,-5.013736862435817,-5.349180613671404,-0.003438412519639134,-0.4404106927375027,2.7080502011022096,2.7080502011022096,0,0,0,0,0,1,0,0,0,0,0.0
35048_2010,0.0027098413054612172,0.015404579358263247,0.9552540710446586,0.8945451317623129,0.28525105989980964,0.2523117031341148,0.8167832651567651,1.376970548263836,0.13476066758455335,0.08501145299763246,-5.349180613671404,-4.739491381986276,-0.4404106927375027,0.4411452526459964,2.7080502011022096,2.7080502011022096,0,0,0,0,0,1,0,0,0,0,0.0
35057_2008,0.04368682464912285,0.060740261253473066,0.4142641543191046,0.5683028883599496,0.014754254072898819,0.01824926409249989,2.9784377852747346,2.3797749901544734,0.11871576382235365,0.08139491979593201,-8.387895769244379,-8.908945165581171,0.09953924567517768,-0.4434026883774741,2.7080502011022096,2.7080502011022096,0,1,0,0,0,0,0,0,0,0,0.0
35057_2009,0.060740261253473066,0.0759270073190735,0.5683028883599496,0.7100318064445515,0.01824926409249989,0.030821172301198293,2.3797749901544734,1.0976337089211927,0.08139491979593201,0.199352939816207,-8.908945165581171,-9.182881639566913,-0.4434026883774741,-0.3666908522099526,2.7080502011022096,2.7080502011022096,0,1,0,0,0,0,0,0,0,0,0.0
35057_2010,0.0759270073190735,0.039752046007788214,0.7100318064445515,0.5666179651649093,0.030821172301198293,0.042491127207757697,1.0976337089211927,1.1329618287429064,0.199352939816207,0.133389045469188,-9.182881639566913,-9.070328012023614,-0.3666908522099526,0.08607412211598597,2.7080502011022096,2.7080502011022096,0,1,0,0,0,0,0,0,0,0,0.0
35167_2008,0.04219080293506406,0.06907356043055847,0.17113441640136712,0.183725850811477,0.1310313432844691,0.27745511122078936,2.5654767970457497,1.3687846966555404,0.1147681815651955,0.12265396609919625,-9.583290500964852,-9.906420372464169,0.4381341831046504,-0.613882235853747,2.7080502011022096,2.7080502011022096,0,0,1,0,0,0,0,0,0,0,0.0
35167_2009,0.06907356043055847,0.069540075927178,0.183725850811477,0.2566188981395305,0.27745511122078936,0.1442885021869046,1.3687846966555404,0.8958304363911369,0.12265396609919625,0.11237525375528867,-9.906420372464169,-9.819186393568843,-0.613882235853747,-0.025520094807185367,2.7080502011022096,2.551006451492524,0,0,1,0,0,0,0,0,0,0,0.0
35167_2010,0.069540075927178,0.033840758071585965,0.2566188981395305,0.15230599286237728,0.1442885021869046,0.18292594275610485,0.8958304363911369,1.6950402738028498,0.11237525375528867,0.2849914178185718,-9.819186393568843,-9.212319561560124,-0.025520094807185367,0.7860616661080194,2.551006451492524,2.7080502011022096,0,0,1,0,0,0,0,0,0,0,0.0
35177_2008,0.055872593254387384,0.047255625362770816,0.3081070594281097,0.2813247614052291,0.04856876630486807,0.04843002551971541,2.2115018547332137,2.610209936659145,0.10073775534957001,0.08499717353601388,-8.72011212179031,-8.48817386330157,-0.14787647749136978,0.29432861729516513,2.7080502011022096,2.7080502011022096,0,1,0,0,0,0,0,0,0,0,0.0
35177_2009,0.047255625362770816,0.0412038365200877,0.2813247614052291,0.40294533613170463,0.04843002551971541,0.05217586790613712,2.610209936659145,3.0124661301668163,0.08499717353601388,0.1070813563651334,-8.48817386330157,-8.387555412371864,0.29432861729516513,0.28026825643298914,2.7080502011022096,2.7080502011022096,0,1,0,0,0,0,0,0,0,0,0.0
35177_2010,0.0412038365200877,0.016292169938491478,0.40294533613170463,0.2995399932918345,0.05217586790613712,0.039630464253512535,3.0124661301668163,2.87691237538918,0.1070813563651334,0.08780576731121499,-8.387555412371864,-8.421369495550962,0.28026825643298914,0.03176536176507383,2.7080502011022096,2.7080502011022096,0,1,0,0,0,0,0,0,0,0,0.0
35205_2008,0.009030466346440849,0.004320096713117583,0.862393383439598,0.936317119961222,0.0233781105900202,0.014180286222066747,1.6350501204434709,0.7615307650800446,0.0244495959583544,0.09749939825877814,-10.64755340709656,-11.486164886764872,-0.1440477019675988,-0.8286150700350674,2.7080502011022096,2.7080502011022096,0,0,0,0,0,1,0,0,0,0,0.0
35205_2009,0.004320096713117583,-0.0023949719787312576,0.936317119961222,0.9821548749512156,0.014180286222066747,0.012462161108929495,0.7615307650800446,0.2300314281678386,0.09749939825877814,0.19686944046117566,-11.486164886764872,-12.266697681261515,-0.8286150700350674,-0.7744217143203331,2.7080502011022096,1.4586150226995167,0,0,0,0,0,1,0,0,0,0,0.0
35205_2010,-0.0023949719787312576,-0.029057157253070787,0.9821548749512156,0.9852355031635021,0.012462161108929495,0.012125046804298451,0.2300314281678386,0.2386830192034749,0.19686944046117566,0.17390987379310627,-12.266697681261515,-12.834948173389053,-0.7744217143203331,-0.7235752174733583,1.4586150226995167,1.1249295969854831,0,0,0,0,0,1,0,0,0,0,0.0
35222_2008,0.060034005530465076,0.061175603012762376,0.3717003553943517,0.3299682414304571,0.027696644153724748,0.029451149980631038,1.594899765965596,1.6626696813165458,0.07555305178654192,0.0695512555583216,-6.062203187424803,-5.784633497831282,-0.12173629433676685,0.22087622686892736,2.7080502011022096,2.7080502011022096,0,0,0,0,0,0,0,0,0,0,0.0
35222_2009,0.061175603012762376,-0.048814268910762536,0.3299682414304571,0.33742749757309226,0.029451149980631038,0.008612945957718344,1.6626696813165458,1.5958533566068094,0.0695512555583216,0.11628153399469345,-5.784633497831282,-5.6008314813383295,0.22087622686892736,0.1622170296552708,2.7080502011022096,2.7080502011022096,0,0,0,0,0,0,0,0,0,0,0.0
35222_2010,-0.048814268910762536,-0.052802595186848565,0.33742749757309226,0.3006702031696467,0.008612945957718344,0.013759772686851218,1.5958533566068094,1.8982414969260668,0.11628153399469345,0.1452617740390329,-5.6008314813383295,-5.717490520188773,0.1622170296552708,-0.12007247918206056,2.7080502011022096,2.7080502011022096,0,0,0,0,0,0,0,0,0,0,0.0
3526_2008,0.2045219467655621,0.02162960571903736,0.4508468059466296,0.4260880569652782,0.16759786147038316,0.06482173144573683,1.645557581041452,1.9841865907353289,0.11671312593144295,0.096613616701931,-9.900049784281864,-9.592571577703325,-0.10060780879683824,0.1264448471297409,2.7080502011022096,2.7080502011022096,0,0,0,0,0,0,0,0,0,0,0.0
3526_2009,0.02162960571903736,0.09077576753507527,0.4260880569652782,0.7133535368813558,0.06482173144573683,0.056063403719956655,1.9841865907353289,0.7210771173150599,0.096613616701931,0.26384233677937224,-9.592571577703325,-9.99628491404708,0.1264448471297409,-0.4506134684209591,2.7080502011022096,2.7080502011022096,0,0,0,0,0,0,0,0,0,0,0.0
3526_2010,0.09077576753507527,-0.07464982324139953,0.7133535368813558,0.670192077082814,0.056063403719956655,0.03242418372913141,0.7210771173150599,0.7345121547067108,0.26384233677937224,0.218603907067918,-9.99628491404708,-10.251863349728543,-0.4506134684209591,-0.24253726459922956,2.7080502011022096,2.7080502011022096,0,0,0,0,0,0,0,0,0,0,0.0
35272_2008,0.05879692446856626,0.03767396560110073,0.285510247804042,0.5946730820229302,0.03729359581676942,0.062195340938685874,1.1845984442155366,0.8396726538232144,0.17011081885614776,0.16435169471709773,-12.91063605711436,-12.20637841545134,-0.2786945436759872,0.6020709436543366,-0.5447271754416722,0.1570037488096647,0,0,1,0,0,0,0,0,0,0,0.0
35272_2009,0.03767396560110073,-0.4919734146702025,0.5946730820229302,0.741927406240855,0.062195340938685874,0.043594872398261035,0.8396726538232144,2.2853227038839883,0.16435169471709773,0.1948169473169621,-12.20637841545134,-13.071101859444205,0.6020709436543366,-0.6445055094050633,0.1570037488096647,-1.203972804325936,0,0,1,0,0,0,0,0,0,0,0.0
35272_2010,-0.4919734146702025,0.06694918432402025,0.741927406240855,0.603262703918995,0.043594872398261035,0.03367710481905119,2.2853227038839883,2.058916261526545,0.1948169473169621,0.29694854277733,-13.071101859444205,-13.151516246030447,-0.6445055094050633,-0.3522658660161882,-1.203972804325936,-1.0498221244986778,0,0,1,0,0,0,0,0,0,0,0.0
357_2008,0.048724757289150655,0.03943763416563101,0.34269050388911204,0.17342673144277482,0.10809175278706656,0.010803863970172859,1.4822557287873994,3.3902399112587567,0.17464549606553467,0.12602708763675935,-13.790245386665488,-12.328578871594033,-0.0897635774943587,1.4124162590071287,1.88706964903238,2.7080502011022096,0,1,0,0,0,0,0,0,0,0,0.0
357_2009,0.03943763416563101,0.058134178767364826,0.17342673144277482,0.4833714011607776,0.010803863970172859,0.003272033012589385,3.3902399112587567,1.3078022305873045,0.12602708763675935,0.2530354078411988,-12.328578871594033,-13.207495735896494,1.4124162590071287,-1.5086859112782731,2.7080502011022096,1.2859766646050237,0,1,0,0,0,0,0,0,0,0,0.0
357_2010,0.058134178767364826,0.028589223138511408,0.4833714011607776,0.4221600246122446,0.003272033012589385,0.014519723562472331,1.3078022305873045,1.1900931433684612,0.2530354078411988,0.15852736095106731,-13.207495735896494,-13.282471188559981,-1.5086859112782731,-0.15232440768398978,1.2859766646050237,1.4445632692438664,0,1,0,0,0,0,0,0,0,0,0.0
3580_2008,0.23857566266976055,0.007647426669141264,0.2790880857554792,0.452295440219236,0.619522149919633,0.14754789099062496,1.1089062673555798,0.5725187354145204,0.15505311253313386,0.10930643028983793,-10.118804422622407,-10.496075441900317,-0.3412311662417846,-0.2427538255289353,2.7080502011022096,2.7080502011022096,0,0,0,0,0,0,1,0,0,0,0.0
3580_2009,0.007647426669141264,-1.018362013226728,0.452295440219236,0.651297369134098,0.14754789099062496,0.12990178157978113,0.5725187354145204,0.5311427661757249,0.10930643028983793,0.27988278910363185,-10.496075441900317,-11.298843206403868,-0.2427538255289353,-0.8461183919062492,2.7080502011022096,1.4562867329399256,0,0,0,0,0,0,1,0,0,0,0.0
3580_2010,-1.018362013226728,0.009151248176587357,0.651297369134098,0.33913282184039417,0.12990178157978113,0.16908008154853466,0.5311427661757249,1.2516716619437291,0.27988278910363185,0.2643604877539789,-11.298843206403868,-10.761793535073119,-0.8461183919062492,0.6401111006189417,1.4562867329399256,2.2093727112718664,0,0,0,0,0,0,1,0,0,0,0.0
3588_2008,0.029173324343684658,0.023979825135182768,0.7787174572164192,0.6761808398063514,0.0261062582747138,0.016417192166899672,1.2806973525961098,1.5645464133545088,0.12211321261523066,0.08481853680345129,-11.147731365564633,-10.713410493261822,-0.1274453317475065,0.3569286892272642,2.7080502011022096,2.7080502011022096,0,1,0,0,0,0,0,0,0,0,0.0
3588_2009,0.023979825135182768,-0.17799808575132772,0.6761808398063514,0.9010593146680717,0.016417192166899672,0.02648360958003904,1.5645464133545088,3.6712943207867337,0.08481853680345129,0.31329462677028114,-10.713410493261822,-11.677571360178373,0.3569286892272642,-0.8673695827822367,2.7080502011022096,1.8196988379172965,0,1,0,0,0,0,0,0,0,0,0.0
3588_2010,-0.17799808575132772,-0.00953805701227551,0.9010593146680717,0.8779223918202326,0.02648360958003904,0.04229411420033398,3.6712943207867337,2.451463450507428,0.31329462677028114,0.33373440615526184,-11.677571360178373,-11.911070612075653,-0.8673695827822367,0.13204677811613258,1.8196988379172965,1.7316555451583495,0,1,0,0,0,0,0,0,0,0,0.0
3622_2008,0.03805547738848343,0.03804832359151555,0.3510745223393529,0.3769608342559487,0.011354650387994741,0.0127704422319634,1.7249351604511258,1.6724571344942432,0.1100225099395412,0.064374458595821,-8.309745885365732,-8.220471664230452,-0.30628061630462056,0.09380121606891326,2.7080502011022096,2.7080502011022096,0,1,0,0,0,0,0,0,0,0,0.0
3622_2009,0.03804832359151555,0.05246962134768113,0.3769608342559487,0.4663858273160518,0.0127704422319634,0.009025176765601816,1.6724571344942432,1.1981946999027355,0.064374458595821,0.09229232912860004,-8.220471664230452,-8.120686862754695,0.09380121606891326,0.1262060147343227,2.7080502011022096,2.7080502011022096,0,1,0,0,0,0,0,0,0,0,0.0
3622_2010,0.05246962134768113,0.023230629891148543,0.4663858273160518,0.3590393787668587,0.009025176765601816,0.006717377813761847,1.1981946999027355,1.4963755895832584,0.09229232912860004,0.07594587510750624,-8.120686862754695,-8.047317427742803,0.1262060147343227,0.04854520733254347,2.7080502011022096,2.7080502011022096,0,1,0,0,0,0,0,0,0,0,0.0
3624_2008,0.03569462253211087,0.045804328191073364,0.18196428905755926,0.20705147125227255,0.06908747520740782,0.07088722244203159,3.207621719368764,2.5076471006556766,0.05273947042965522,0.03076790330944653,-8.078318063345872,-8.266548161340397,-0.1232963976024403,-0.2035361124272926,2.7080502011022096,2.7080502011022096,0,0,0,0,0,1,0,0,0,0,0.0
3624_2009,0.045804328191073364,0.04330534333673452,0.20705147125227255,0.2288358051177175,0.07088722244203159,0.06016982939429817,2.5076471006556766,2.093025648208207,0.03076790330944653,0.09987781263554553,-8.266548161340397,-7.88427535250118,-0.2035361124272926,0.3459947316394893,2.7080502011022096,2.7080502011022096,0,0,0,0,0,1,0,0,0,0,0.0
3624_2010,0.04330534333673452,0.04498779251170162,0.2288358051177175,0.2507300384095744,0.06016982939429817,0.105821709833698,2.093025648208207,1.7155695169074945,0.09987781263554553,0.06285694359091414,-7.88427535250118,-8.266062562942082,0.3459947316394893,-0.35925009751807124,2.7080502011022096,2.7080502011022096,0,0,0,0,0,1,0,0,0,0,0.0
362_2008,0.013701021212752287,0.012581757570773608,0.8054973787215476,0.8481290427804634,0.020857381172323147,0.02585236980291355,1.8195641888025944,1.4126607407287393,0.02692898548776171,0.044308837949164716,-7.948644727520485,-8.224334981582313,-0.07476098532239081,-0.24768733127836146,2.7080502011022096,2.7080502011022096,0,0,0,0,0,1,0,0,0,0,0.0
362_2009,0.012581757570773608,0.00701969535192255,0.8481290427804634,0.8882575780305821,0.02585236980291355,0.02378325391691433,1.4126607407287393,1.117382731765544,0.044308837949164716,0.1325562604778226,-8.224334981582313,-7.982133176915326,-0.24768733127836146,0.1227762575747392,2.7080502011022096,2.7080502011022096,0,0,0,0,0,1,0,0,0,0,0.0
362_2010,0.00701969535192255,-0.006118956649188266,0.8882575780305821,0.9343955259349486,0.02378325391691433,0.038084459690545316,1.117382731765544,0.6587355612353566,0.1325562604778226,0.11538407779017044,-7.982133176915326,-8.85684019455243,0.1227762575747392,-0.6483629811129511,2.7080502011022096,2.3988039507345884,0,0,0,0,0,1,0,0,0,0,0.0
36337_2008,0.034762283491352686,0.03687915803727508,0.2943960515507786,0.2491150111043124,0.03406296041238726,0.04233841352790281,1.5620512998135927,1.6944779215647534,0.05364666639094078,0.06736326681909906,-9.980025196974973,-9.721695620951447,0.18892234535736746,0.23345293506496684,2.7080502011022096,2.7080502011022096,0,1,0,0,0,0,0,0,0,0,0.0
36337_2009,0.03687915803727508,-0.08206831911177367,0.2491150111043124,0.35377891129974304,0.04233841352790281,0.11451183152179957,1.6944779215647534,1.3402242037231926,0.06736326681909906,0.20128543077469305,-9.721695620951447,-9.734997710095744,0.23345293506496684,-0.013464426954342856,2.7080502011022096,2.7080502011022096,0,1,0,0,0,0,0,0,0,0,0.0
36337_2010,-0.08206831911177367,0.009179356175282856,0.35377891129974304,0.3309650490149472,0.11451183152179957,0.1060989706610888,1.3402242037231926,1.1945630460308672,0.20128543077469305,0.09784839066981033,-9.734997710095744,-10.052091867985798,-0.013464426954342856,-0.1729879948574255,2.7080502011022096,2.7080502011022096,0,1,0,0,0,0,0,0,0,0,0.0
36338_2008,0.012676539116069986,0.0098585960212851,0.8305813389868131,0.8736606803571967,0.046879789564920636,0.028710273486921536,1.517853519160369,1.2615835251847831,0.030839114354091236,0.06352864746451929,-11.639145014135172,-11.886067087196526,-0.16262436763771113,-0.17268585182546267,2.7080502011022096,2.7080502011022096,0,0,0,0,0,1,0,0,0,0,0.0
36338_2009,0.0098585960212851,0.010388260286562308,0.8736606803571967,0.8721505732752777,0.028710273486921536,0.03747256665612021,1.2615835251847831,1.367880617224745,0.06352864746451929,0.11647016031346183,-11.886067087196526,-11.25296568644548,-0.17268585182546267,0.5139927576875327,2.7080502011022096,2.7080502011022096,0,0,0,0,0,1,0,0,0,0,0.0
36338_2010,0.010388260286562308,0.008170727575879382,0.8721505732752777,0.8760223996278936,0.03747256665612021,0.023574820928416236,1.367880617224745,1.389279635061885,0.11647016031346183,0.11205703871684884,-11.25296568644548,-11.425709845907123,0.5139927576875327,-0.2082625382070148,2.7080502011022096,2.7080502011022096,0,0,0,0,0,1,0,0,0,0,0.0
36355_2008,0.0,0.0,0.0,0.0,0.0,0.0,0.0,0.0,0.0,0.0,0.0,0.0,0.0,0.0,0.0,0.0,0,0,0,0,0,0,0,0,0,1,0.0
36355_2009,0.0,0.03779496634395346,0.0,0.2716400320695316,0.0,0.0036669750748600147,0.0,1.163952415403138,0.0,0.1538541628192129,0.0,-8.24949768603706,0.0,0.19750820452348605,0.0,2.7080502011022096,0,0,0,0,0,0,0,0,0,1,0.0
36355_2010,0.03779496634395346,0.0,0.2716400320695316,0.0,0.0036669750748600147,0.0,1.163952415403138,0.0,0.1538541628192129,0.0,-8.24949768603706,0.0,0.19750820452348605,0.0,2.7080502011022096,0.0,0,0,0,0,0,0,0,0,0,1,0.0
36364_2008,0.18135652708008865,0.035534267175359936,0.20345712593502532,0.2406082040714027,0.12404852260512865,0.10170152329499567,3.0670991283194806,3.1900656286192253,0.08501338022879935,0.04866367139410112,-6.799262256159855,-6.848911015478213,-0.07768786855616139,0.12116191223536628,2.7080502011022096,2.7080502011022096,0,0,0,0,1,0,0,0,0,0,0.0
36364_2009,0.035534267175359936,0.0548064375815572,0.2406082040714027,0.3857803788208312,0.10170152329499567,0.11301356320930048,3.1900656286192253,2.5217956002922315,0.04866367139410112,0.1270001786485602,-6.848911015478213,-7.26349128099019,0.12116191223536628,-0.3528370046842389,2.7080502011022096,2.7080502011022096,0,0,0,0,1,0,0,0,0,0,0.0
36364_2010,0.0548064375815572,-0.002267789095467813,0.3857803788208312,0.3735268103696339,0.11301356320930048,0.18237413596778249,2.5217956002922315,2.7520353648228157,0.1270001786485602,0.1286077409369471,-7.26349128099019,-6.819995401068303,-0.3528370046842389,0.24474035357954824,2.7080502011022096,2.7080502011022096,0,0,0,0,1,0,0,0,0,0,0.0
36370_2008,0.05094217682764564,0.05109912418073198,0.17994500272451938,0.1840380488370744,0.19686236741728236,0.2491734818166,1.9454189626716931,1.9950082250836687,0.10913760377276624,0.06733126123300079,-13.633918567294225,-13.914172673600545,-0.18471921022884666,-0.2581303215687751,0.7747271675523681,0.5007752879124892,0,1,0,0,0,0,0,0,0,0,0.0
36370_2009,0.05109912418073198,0.055200997652582164,0.1840380488370744,0.4195092429577465,0.2491734818166,0.3566974765258216,1.9950082250836687,0.9641692025111712,0.06733126123300079,0.15550300661159,-13.914172673600545,-14.136226119555984,-0.2581303215687751,-0.2677432780633426,0.5007752879124892,-0.21072103131565253,0,1,0,0,0,0,0,0,0,0,0.0
36370_2010,0.055200997652582164,0.05524514377365215,0.4195092429577465,0.32161689012820643,0.3566974765258216,0.5724738712484144,0.9641692025111712,0.9173644749320622,0.15550300661159,0.07259269447598979,-14.136226119555984,-14.003151879582413,-0.2677432780633426,0.0771352617736149,-0.21072103131565253,0.15691827507141873,0,1,0,0,0,0,0,0,0,0,0.0
36373_2008,-0.0343490146126433,-0.06501941095770454,0.020502068096921476,0.049962540257061386,0.0511180127186768,0.04969497066464287,6.985944103056163,6.823721801358568,0.16180031734391587,0.0995426830669394,-11.951964108663626,-12.705226537750692,0.21230888891490848,-0.8493303417214885,1.9065751436566365,1.1568811967920856,0,0,0,0,0,0,1,0,0,0,0.0
36373_2009,-0.06501941095770454,-0.7289314942853111,0.049962540257061386,0.07835649781289684,0.04969497066464287,0.07498324396782842,6.823721801358568,1.836978627438228,0.0995426830669394,0.1884047572012871,-12.705226537750692,-12.14531354976958,-0.8493303417214885,-0.2264219373376874,1.1568811967920856,0.5007752879124892,0,0,0,0,0,0,1,0,0,0,0.0
36373_2010,-0.7289314942853111,-0.005130566078959997,0.07835649781289684,0.04076166472238369,0.07498324396782842,0.029339815143558313,1.836978627438228,3.361551408488256,0.1884047572012871,0.3900134690156191,-12.14531354976958,-11.52315777785367,-0.2264219373376874,0.7939481041575555,0.5007752879124892,1.3217558399823195,0,0,0,0,0,0,1,0,0,0,0.0
36380_2008,0.039695219805729716,0.039467101966763896,0.311234251428237,0.24890318519546936,0.006426374314750764,0.0053691285924328536,2.639094631747894,2.820419690538392,0.06387850969422078,0.06499871743701181,-9.121315798524815,-8.835570845799992,0.10032986466187616,0.31800500213015803,2.7080502011022096,2.7080502011022096,0,1,0,0,0,0,0,0,0,0,0.0
36380_2009,0.039467101966763896,0.042810931119288916,0.24890318519546936,0.3843752333109201,0.0053691285924328536,0.007846747482780716,2.820419690538392,2.5123655457489518,0.06499871743701181,0.14755391618285674,-8.835570845799992,-8.49977505566968,0.31800500213015803,0.2727144826126255,2.7080502011022096,2.7080502011022096,0,1,0,0,0,0,0,0,0,0,0.0
36380_2010,0.042810931119288916,0.052992160481028505,0.3843752333109201,0.3527042208185666,0.007846747482780716,0.01220737324408512,2.5123655457489518,1.8746509713215749,0.14755391618285674,0.1756066964079845,-8.49977505566968,-8.879430759666631,0.2727144826126255,0.022768393660003158,2.7080502011022096,2.7080502011022096,0,1,0,0,0,0,0,0,0,0,0.0
36383_2008,0.04301323103467184,0.0038196504485088546,0.1814703854789773,0.26856542250392496,0.020298723736733526,0.026037617193500152,3.64626326251402,4.001711779410146,0.0618235668333275,0.02355462254457663,-5.541198042240588,-5.57705832547087,-0.10409703127717247,-0.03878731214652656,2.7080502011022096,2.7080502011022096,0,1,0,0,0,0,0,0,0,0,0.0
36383_2009,0.0038196504485088546,0.03753402097159614,0.26856542250392496,0.31370842236633084,0.026037617193500152,0.013111284715019765,4.001711779410146,4.736406954694572,0.02355462254457663,0.07485303876473035,-5.57705832547087,-5.3475849727259535,-0.03878731214652656,0.14039488273493733,2.7080502011022096,2.7080502011022096,0,1,0,0,0,0,0,0,0,0,0.0
36383_2010,0.03753402097159614,0.026519799164476474,0.31370842236633084,0.29806430408512663,0.013111284715019765,0.025878986173513287,4.736406954694572,4.533945382016928,0.07485303876473035,0.10490403024120787,-5.3475849727259535,-5.501368870509486,0.14039488273493733,0.003556749625682032,2.7080502011022096,2.7080502011022096,0,1,0,0,0,0,0,0,0,0,0.0
3641_2008,0.05032708185969316,0.0,0.09860220873753528,0.0,0.0014076269823834599,0.0,2.7374787307852664,0.0,0.05646110642349012,0.0,-9.71986000083666,0.0,-0.02523103094685601,0.0,2.7080502011022096,0.0,0,0,0,0,0,0,0,0,0,1,0.0
3641_2009,0.0,0.05943242812954876,0.0,0.2585914756186317,0.0,0.003096001637554585,0.0,2.196420938708733,0.0,0.19982319336534,0.0,-9.619413370793383,0.0,0.1980117951094756,0.0,2.7080502011022096,0,0,0,0,0,0,0,0,0,1,0.0
3641_2010,0.05943242812954876,0.0582327801204782,0.2585914756186317,0.2787348675098738,0.003096001637554585,0.003775000092827871,2.196420938708733,2.376834647692581,0.19982319336534,0.09939040254993127,-9.619413370793383,-9.743077741173444,0.1980117951094756,-0.17048401492348753,2.7080502011022096,2.7080502011022096,0,0,0,0,0,0,0,0,0,1,0.0
3642_2008,0.026198396562087403,0.0168183935846812,0.3550496342228961,0.2836171914419436,0.027999202843086282,0.008919025025186024,1.4470682227246745,2.1280562640460534,0.10415743348351067,0.07649214355847403,-10.509026003440713,-10.166141640119447,0.3002756928163628,0.2993321250234479,2.7080502011022096,2.7080502011022096,0,1,0,0,0,0,0,0,0,0,0.0
3642_2009,0.0168183935846812,0.03940636905230175,0.2836171914419436,0.2904548373463888,0.008919025025186024,0.01545030928061384,2.1280562640460534,1.9997617802747882,0.07649214355847403,0.2746901300228839,-10.166141640119447,-10.071771464276246,0.2993321250234479,0.1068392873502621,2.7080502011022096,2.7080502011022096,0,1,0,0,0,0,0,0,0,0,0.0
3642_2010,0.03940636905230175,0.06637862540407614,0.2904548373463888,0.2634337455514438,0.01545030928061384,0.16278866103263664,1.9997617802747882,1.6558566155521512,0.2746901300228839,0.11599414690976498,-10.071771464276246,-10.213807022515878,0.1068392873502621,-0.01879782982880923,2.7080502011022096,2.7080502011022096,0,1,0,0,0,0,0,0,0,0,0.0
36555_2008,-0.4421440665252149,0.0,0.17595747872864828,0.0,0.06536788186630661,0.0,1.298825452911708,0.0,0.2882378836077893,0.0,-14.828710070966551,0.0,-0.7589575170318109,0.0,-2.0402208285265546,0.0,0,0,0,0,0,0,0,1,0,0,0.0
36555_2009,0.0,0.0,0.0,0.0,0.0,0.0,0.0,0.0,0.0,0.0,0.0,0.0,0.0,0.0,0.0,0.0,0,0,0,0,0,0,0,1,0,0,0.0
36555_2010,0.0,0.0,0.0,0.0,0.0,0.0,0.0,0.0,0.0,0.0,0.0,0.0,0.0,0.0,0.0,0.0,0,0,0,0,0,0,0,1,0,0,0.0
36564_2008,0.04722505905889567,0.09813021404128736,0.08897986372890478,0.17274831696897858,0.008161266628580756,0.062260964863232765,1.5819583188583208,1.0473642629394075,0.3205598772458507,0.11076378083058884,-12.638860854693757,-12.982980807533867,-0.2509849622482271,-0.44835076115609773,-0.35667494393873245,-0.6927472605386185,0,0,0,0,0,0,0,0,0,0,0.0
36564_2009,0.09813021404128736,0.003355135133001504,0.17274831696897858,0.27375929076390504,0.062260964863232765,0.004835341809325696,1.0473642629394075,1.2516973851424715,0.11076378083058884,0.4096566229045272,-12.982980807533867,-12.270827453121724,-0.44835076115609773,0.5095654018987503,-0.6927472605386185,-0.4780358009429998,0,0,0,0,0,0,0,0,0,0,0.0
36564_2010,0.003355135133001504,-0.04895266049704658,0.27375929076390504,0.3476415151551906,0.004835341809325696,0.010236879449828372,1.2516973851424715,1.0016593445682072,0.4096566229045272,0.15331571543559747,-12.270827453121724,-12.822332387456724,0.5095654018987503,-0.5675709689967771,-0.4780358009429998,-0.7985076962177716,0,0,0,0,0,0,0,0,0,0,0.0
3682_2008,0.0,0.0,0.0,0.0,0.0,0.0,0.0,0.0,0.0,0.0,0.0,0.0,0.0,0.0,0.0,0.0,0,0,0,0,0,1,0,0,0,0,0.0
3682_2009,0.0,0.0,0.0,0.0,0.0,0.0,0.0,0.0,0.0,0.0,0.0,0.0,0.0,0.0,0.0,0.0,0,0,0,0,0,1,0,0,0,0,0.0
3682_2010,0.0,0.04005564382316973,0.0,0.5416773008245894,0.0,0.09316393526947353,0.0,1.8954499985384758,0.0,0.09406598108639164,0.0,-6.709115733726512,0.0,0.09579086331450676,0.0,2.7080502011022096,0,0,0,0,0,1,0,0,0,0,0.0
3685_2008,0.023202640326349833,0.01013130992588674,0.8060302186895792,0.8453946221183692,0.04726364422546636,0.043481068366314185,1.82629023084593,1.4343736714920905,0.039759492732961935,0.048185359460227103,-6.371855674175773,-6.355439858779343,0.027343337200977896,-0.13358280889929242,2.7080502011022096,2.7080502011022096,0,0,0,0,0,1,0,0,0,0,0.0
3685_2009,0.01013130992588674,0.003093217366907484,0.8453946221183692,0.9238724836922214,0.043481068366314185,0.07789506908886862,1.4343736714920905,1.2110375300569618,0.048185359460227103,0.1160650486378667,-6.355439858779343,-6.132352793542153,-0.13358280889929242,0.12844982974794844,2.7080502011022096,2.7080502011022096,0,0,0,0,0,1,0,0,0,0,0.0
3685_2010,0.003093217366907484,0.009350937910154416,0.9238724836922214,0.906800229803025,0.07789506908886862,0.04266962513477082,1.2110375300569618,1.0981032141325986,0.1160650486378667,0.19349364135828995,-6.132352793542153,-6.010476997408188,0.12844982974794844,0.18777047929453744,2.7080502011022096,2.7080502011022096,0,0,0,0,0,1,0,0,0,0,0.0
36952_2008,0.04063385070656195,0.036297827205639066,0.1548756884401832,0.1638541739610309,0.05691852803953658,0.06141720851078045,2.8695032185873734,2.5726677732057435,0.04270250304269123,0.045796107765119734,-8.449789213041715,-8.50395613863086,-0.013836538485410554,-0.12350225991069624,2.7080502011022096,2.7080502011022096,0,0,0,0,1,0,0,0,0,0,0.0
36952_2009,0.036297827205639066,0.0358742647376016,0.1638541739610309,0.1451112617081883,0.06141720851078045,0.06312089404567915,2.5726677732057435,2.7973149754050324,0.045796107765119734,0.08590346498440281,-8.50395613863086,-7.8505212881267274,-0.12350225991069624,0.5921351055180872,2.7080502011022096,2.7080502011022096,0,0,0,0,1,0,0,0,0,0,0.0
36952_2010,0.0358742647376016,0.04249927652912063,0.1451112617081883,0.08488724984603056,0.06312089404567915,0.0619773386659939,2.7973149754050324,3.212857996975416,0.08590346498440281,0.0566717525457613,-7.8505212881267274,-7.611182064033757,0.5921351055180872,0.11587545819053695,2.7080502011022096,2.7080502011022096,0,0,0,0,1,0,0,0,0,0,0.0
36954_2008,0.037270953100555435,0.03473792730568831,0.4171661067238099,0.31334388628475723,0.02062830827029593,0.04015289357206972,6.809474398961207,5.191179126702244,0.0779841767544454,0.06691464535053601,-8.055812981683216,-7.600852932681114,0.16648896077150346,0.2573371631866961,2.7080502011022096,2.7080502011022096,0,0,0,1,0,0,0,0,0,0,0.0
36954_2009,0.03473792730568831,0.034637487141503456,0.31334388628475723,0.5070347495199006,0.04015289357206972,0.018838669745044848,5.191179126702244,3.4325963168852884,0.06691464535053601,0.18260538967222373,-7.600852932681114,-7.818913732871901,0.2573371631866961,-0.12746552409840434,2.7080502011022096,2.7080502011022096,0,0,0,1,0,0,0,0,0,0,0.0
36954_2010,0.034637487141503456,0.033093339943111234,0.5070347495199006,0.4874766767241305,0.018838669745044848,0.04080548833818149,3.4325963168852884,2.252789977643252,0.18260538967222373,0.11602866377892487,-7.818913732871901,-7.7502397119291135,-0.12746552409840434,-0.044705304241810566,2.7080502011022096,2.7080502011022096,0,0,0,1,0,0,0,0,0,0,0.0
36957_2008,-0.2008214498725804,-0.13931759654099832,0.2110895732798352,0.19055435616536126,0.03182101610367077,0.031075109580649574,6.6245326078914575,4.617882372101545,0.1878232688819777,0.1553785170387197,-13.217086885017089,-13.124965874257374,-0.07517808647546596,0.002834362544292899,0.5306282510621704,0.4252677354043441,0,0,0,0,0,0,1,0,0,0,0.0
36957_2009,-0.13931759654099832,0.0,0.19055435616536126,0.0,0.031075109580649574,0.0,4.617882372101545,0.0,0.1553785170387197,0.0,-13.124965874257374,0.0,0.002834362544292899,0.0,0.4252677354043441,0.0,0,0,0,0,0,0,1,0,0,0,0.0
36957_2010,0.0,0.0,0.0,0.0,0.0,0.0,0.0,0.0,0.0,0.0,0.0,0.0,0.0,0.0,0.0,0.0,0,0,0,0,0,0,1,0,0,0,0.0
370_2008,0.057547607094675136,0.05761632854200033,0.25012328456743776,0.2747018190257081,0.05683677715629521,0.07145456160305759,2.36824049870987,1.9620871740776595,0.0655133307240605,0.05188230957937134,-12.439573400805722,-12.445686269177198,0.05085604321003065,-0.02743254709994546,2.6679224100114314,2.6567639242338963,0,1,0,0,0,0,0,0,0,0,0.0
370_2009,0.05761632854200033,0.09688922050485638,0.2747018190257081,0.4888057920970323,0.07145456160305759,0.11333023889363655,1.9620871740776595,1.0266675146649984,0.05188230957937134,0.12600419536445606,-12.445686269177198,-12.716364398029981,-0.02743254709994546,-0.247805979701038,2.6567639242338963,1.9530276168241771,0,1,0,0,0,0,0,0,0,0,0.0
370_2010,0.09688922050485638,0.06070133320802915,0.4888057920970323,0.3795008052217671,0.11333023889363655,0.1392371538293955,1.0266675146649984,1.162426116475486,0.12600419536445606,0.04736143232083266,-12.716364398029981,-12.710584784322052,-0.247805979701038,-0.04886800371779665,1.9530276168241771,2.219127394203713,0,1,0,0,0,0,0,0,0,0,0.0
37130_2008,0.05193055555555556,0.05293114133731612,0.04683333333333333,0.05873451430148194,0.025513888888888888,0.08899965179762215,2.4514552702644776,1.51226298488022,0.0998361029176266,0.1457107196860808,-12.145456064608435,-12.587370107335786,-0.07236026733559839,-0.5594309734610602,1.029619417181158,0.5187937934151675,0,1,0,0,0,0,0,0,0,0,0.0
37130_2009,0.05293114133731612,0.059434912310703227,0.05873451430148194,0.10268103137053716,0.08899965179762215,0.17397252465370802,1.51226298488022,0.9019065607614783,0.1457107196860808,0.1194297426308934,-12.587370107335786,-12.697894340762131,-0.5594309734610602,0.02489249094321866,0.5187937934151675,-0.01005033585350145,0,1,0,0,0,0,0,0,0,0,0.0
37130_2010,0.059434912310703227,0.08376345371145015,0.10268103137053716,0.06115723459233297,0.17397252465370802,0.09036002256915976,0.9019065607614783,2.4948464065426323,0.1194297426308934,0.23087496706439026,-12.697894340762131,-11.494548217631714,0.02489249094321866,1.2218663148362636,-0.01005033585350145,1.5085119938441398,0,1,0,0,0,0,0,0,0,0,0.0
37138_2008,0.0,0.0,0.0,0.0,0.0,0.0,0.0,0.0,0.0,0.0,0.0,0.0,0.0,0.0,0.0,0.0,0,0,0,0,0,1,0,0,0,0,0.0
37138_2009,0.0,0.006349942498658671,0.0,0.9452549336278454,0.0,0.08809976314281125,0.0,1.146711993794683,0.0,0.1733321046214036,0.0,-5.648352367019695,0.0,-0.1039562067413809,0.0,2.7080502011022096,0,0,0,0,0,1,0,0,0,0,0.0
37138_2010,0.006349942498658671,0.0,0.9452549336278454,0.0,0.08809976314281125,0.0,1.146711993794683,0.0,0.1733321046214036,0.0,-5.648352367019695,0.0,-0.1039562067413809,0.0,2.7080502011022096,0.0,0,0,0,0,0,1,0,0,0,0,0.0
37148_2008,0.04483748385344343,0.031672460554045274,0.06037029436404205,0.03924423420996419,0.2258068379204161,0.1988861283496604,1.7259976893360345,2.1629863883257023,0.08702451318023939,0.08131052874387955,-9.661891356600488,-9.621475764859946,-0.08328782520772204,0.15653679976735707,2.7080502011022096,2.7080502011022096,0,0,0,0,0,0,1,0,0,0,0.0
37148_2009,0.031672460554045274,0.048640074864456616,0.03924423420996419,0.0548136521061084,0.1988861283496604,0.28725911186252995,2.1629863883257023,1.6010729900220302,0.08131052874387955,0.10311731678365464,-9.621475764859946,-9.464621483925418,0.15653679976735707,0.13771497527763105,2.7080502011022096,2.7080502011022096,0,0,0,0,0,0,1,0,0,0,0.0
37148_2010,0.048640074864456616,0.012982360491846598,0.0548136521061084,0.0515430000219332,0.28725911186252995,0.23204156119296604,1.6010729900220302,1.6171673113529188,0.10311731678365464,0.1088478406501396,-9.464621483925418,-9.456320241117883,0.13771497527763105,0.07359408092176334,2.7080502011022096,2.7080502011022096,0,0,0,0,0,0,1,0,0,0,0.0
37154_2008,-0.08684060113834327,-0.07019658717538314,0.260804164570349,0.2654152781371449,0.20019577040102127,0.22066811294774802,6.46266747458426,5.821871419091036,0.0993519484292156,0.11790634763847893,-9.597932672186722,-9.56346918038854,-0.2854990377697788,-0.14410614533307647,2.19722457733622,2.155244505095337,0,0,0,0,1,0,0,0,0,0,0.0
37154_2009,-0.07019658717538314,-0.1642228632543705,0.2654152781371449,0.4617317185669429,0.22066811294774802,0.2646066018692207,5.821871419091036,254.1018537031213,0.11790634763847893,0.279345158767114,-9.56346918038854,-9.596273818286178,-0.14410614533307647,0.043024833317782514,2.155244505095337,1.6134299337036375,0,0,0,0,1,0,0,0,0,0,0.0
37154_2010,-0.1642228632543705,-0.10381648022515633,0.4617317185669429,0.3893578664323669,0.2646066018692207,0.15592126684666546,254.1018537031213,795.3557,0.279345158767114,0.09162239762067703,-9.596273818286178,-9.432036303022706,0.043024833317782514,0.10538270328526912,1.6134299337036375,1.9974177062012453,0,0,0,0,1,0,0,0,0,0,0.0
37161_2008,0.025511870162949417,0.04268385021488138,0.11606880449335467,0.18431235346029526,0.12950845769519642,0.03773348442044689,2.4515517698123204,1.9549108366425167,0.14032156439893614,0.11384872002291553,-11.897875728230458,-12.012220443873384,0.2248804771147688,-0.2458098371807344,1.3737155789130306,1.2527629684953678,0,0,0,0,1,0,0,0,0,0,0.0
37161_2009,0.04268385021488138,0.04335341307526791,0.18431235346029526,0.24347762705738898,0.03773348442044689,0.06262328389576352,1.9549108366425167,1.3086889469067904,0.11384872002291553,0.11341784366573017,-12.012220443873384,-11.967842908123204,-0.2458098371807344,0.17751154235036598,1.2527629684953678,0.8458682675776092,0,0,0,0,1,0,0,0,0,0,0.0
37161_2010,0.04335341307526791,0.13358587041635156,0.24347762705738898,0.18338896224277407,0.06262328389576352,0.1181162212370174,1.3086889469067904,1.5478600122979362,0.11341784366573017,0.14859174000083586,-11.967842908123204,-11.663352546800832,0.17751154235036598,0.3939227193452093,0.8458682675776092,1.3737155789130306,0,0,0,0,1,0,0,0,0,0,0.0
37167_2008,-0.14083436928057289,-0.11824689535027078,0.2716671152746077,0.16637708640084278,0.20744616575052108,0.5204500517785202,2.6740039379981404,1.5231904701654486,0.11465123156319562,0.0749059156484184,-10.721500652809153,-10.343196436115816,-0.2076176384002482,-0.2434067119629491,1.2837077723447896,1.1085626195212777,0,0,0,0,1,0,0,0,0,0,0.0
37167_2009,-0.11824689535027078,-0.2988373105730709,0.16637708640084278,0.25537253962724266,0.5204500517785202,0.4009070097295145,1.5231904701654486,1.0286948341434912,0.0749059156484184,0.2093101129094296,-10.343196436115816,-10.621290310547481,-0.2434067119629491,-0.10621249093846202,1.1085626195212777,0.3364722366212129,0,0,0,0,1,0,0,0,0,0,0.0
37167_2010,-0.2988373105730709,-0.2106562331011229,0.25537253962724266,0.23988039571205905,0.4009070097295145,0.4135585456627541,1.0286948341434912,1.6849143563377664,0.2093101129094296,0.2334843253139659,-10.621290310547481,-10.41139098525713,-0.10621249093846202,0.05997892907735498,0.3364722366212129,0.5306282510621704,0,0,0,0,1,0,0,0,0,0,0.0
37168_2008,0.009847770991471973,0.021281862011199942,0.03920325182163639,0.06498992941265938,0.09717630148669144,0.09586892040159507,4.086088277791292,2.5118398414852487,0.17381958365921335,0.1403027743813789,-10.9895172924381,-10.826068381623282,-0.1998196263575745,-0.16629190383082934,1.6544112780768316,1.6752256529721037,0,0,0,0,0,0,1,0,0,0,0.0
37168_2009,0.021281862011199942,-0.22798592507080026,0.06498992941265938,0.1756496838496978,0.09586892040159507,0.2438914749886901,2.5118398414852487,1.3090051025406086,0.1403027743813789,0.18053472301286644,-10.826068381623282,-11.419709477228613,-0.16629190383082934,-0.3419348244595317,1.6752256529721037,0.5988365010887039,0,0,0,0,0,0,1,0,0,0,0.0
37168_2010,-0.22798592507080026,0.02111157916950969,0.1756496838496978,0.06294040812818913,0.2438914749886901,0.12393364497138938,1.3090051025406086,3.205882870136348,0.18053472301286644,0.09634175588226557,-11.419709477228613,-10.268531560205696,-0.3419348244595317,0.966885667161158,0.5988365010887039,1.9416152247724323,0,0,0,0,0,0,1,0,0,0,0.0
37175_2008,-0.029831775931587444,-0.055194901270595925,0.3060919139536821,0.2931093033774996,0.1589845473251664,0.2476513632450149,1.6901862480331469,1.6810339194502275,0.09927156393461496,0.06663579770850986,-12.553046604279148,-12.454910784878438,-0.046305763612364666,-0.005317647531911557,0.9669838461896731,0.9516578757114464,0,0,0,0,0,0,1,0,0,0,0.0
37175_2009,-0.055194901270595925,-0.21956969039094015,0.2931093033774996,0.5447726131263873,0.2476513632450149,0.7866597540625051,1.6810339194502275,0.5293813427837455,0.06663579770850986,0.21690433675993548,-12.454910784878438,-13.45684939577098,-0.005317647531911557,-1.0605760905694122,0.9516578757114464,-0.5447271754416722,0,0,0,0,0,0,1,0,0,0,0.0
37175_2010,-0.21956969039094015,0.01839249200440413,0.5447726131263873,0.09793250493717122,0.7866597540625051,0.12910396896135898,0.5293813427837455,3.4755645097212704,0.21690433675993548,0.18395903584346407,-13.45684939577098,-11.250714879258773,-1.0605760905694122,2.302902478013334,-0.5447271754416722,1.8656293177945105,0,0,0,0,0,0,1,0,0,0,0.0
37176_2008,0.07181765631669808,0.05764429381824925,0.42787064555310267,0.3815661926070074,0.07094665938231695,0.06535558663291183,155.87748333655722,9.478028711047164,0.12804261140964696,0.11524872219393628,-8.67799685484505,-8.507579784194952,-0.09707344795183297,0.04337486515558181,2.0241930674493576,2.1838015570040787,0,0,0,0,0,0,1,0,0,0,0.0
37176_2009,0.05764429381824925,-0.12430119412210035,0.3815661926070074,0.542268455914935,0.06535558663291183,0.15000515060196634,9.478028711047164,1.8642726853174516,0.11524872219393628,0.2558085183888333,-8.507579784194952,-8.632250987565941,0.04337486515558181,-0.22473985115470255,2.1838015570040787,1.2237754316221157,0,0,0,0,0,0,1,0,0,0,0.0
37176_2010,-0.12430119412210035,0.011780427584330821,0.542268455914935,0.2722437502562485,0.15000515060196634,0.11031115141261907,1.8642726853174516,2.9828756916310035,0.2558085183888333,0.14920807613046894,-8.632250987565941,-7.876425134534927,-0.22473985115470255,0.4524098193466125,1.2237754316221157,2.1770218700187,0,0,0,0,0,0,1,0,0,0,0.0
37177_2008,0.007925718505198655,0.009456196888247902,0.8720727649564085,0.8814827278748845,0.041506211488500484,0.06118701673304239,1.4435815115097856,1.222134284044556,0.0280291750806374,0.08191870843907774,-11.628719765282009,-11.766295071712715,-0.10854599173259158,-0.3488670545272095,2.7080502011022096,2.7080502011022096,0,0,0,0,0,1,0,0,0,0,0.0
37177_2009,0.009456196888247902,0.00802695638738257,0.8814827278748845,0.8890734918099628,0.06118701673304239,0.055946349194827716,1.222134284044556,1.1171693982734199,0.08191870843907774,0.06921810518028765,-11.766295071712715,-11.334747745822632,-0.3488670545272095,0.4536922789552473,2.7080502011022096,2.7080502011022096,0,0,0,0,0,1,0,0,0,0,0.0
37177_2010,0.00802695638738257,0.001835696638143157,0.8890734918099628,0.9165539455799984,0.055946349194827716,0.05198884961628266,1.1171693982734199,0.9428590383847512,0.06921810518028765,0.084414846860191,-11.334747745822632,-11.774066461650575,0.4536922789552473,-0.4199659349856011,2.7080502011022096,2.7080502011022096,0,0,0,0,0,1,0,0,0,0,0.0
37185_2008,-0.15334456508174216,0.016597389903173828,0.5946933455357266,0.5822635355827716,0.0,0.0,2.023002268389789,1.6169537684093809,0.235424433906564,0.09317321439568353,-13.207366774599295,-13.521516002522535,-0.4709005416487183,-0.2636664124749786,0.9122827104766164,0.6575200029167941,0,0,1,0,0,0,0,0,0,0,0.0
37185_2009,0.016597389903173828,-0.1558402663388507,0.5822635355827716,0.8090460486221631,0.0,0.0,1.6169537684093809,1.0322419112843866,0.09317321439568353,0.155569522684558,-13.521516002522535,-14.174560990071738,-0.2636664124749786,-0.3277501894675752,0.6575200029167941,-0.44785082460460224,0,0,1,0,0,0,0,0,0,0,0.0
37185_2010,-0.1558402663388507,0.0,0.8090460486221631,0.0,0.0,0.0,1.0322419112843866,0.0,0.155569522684558,0.0,-14.174560990071738,0.0,-0.3277501894675752,0.0,-0.44785082460460224,0.0,0,0,1,0,0,0,0,0,0,0,0.0
37188_2008,-0.07494168778212207,-0.040020599056944765,0.029680499387511963,0.021944255851615243,0.226201063883342,0.15107962459634716,3.4540396211707147,4.4712615442901775,0.2179440047022664,0.16236833177695678,-10.915698669913722,-10.106947783694203,0.21134151528956305,0.5214546065746261,1.88706964903238,2.5665711186187985,0,0,0,0,1,0,0,0,0,0,0.0
37188_2009,-0.040020599056944765,-0.15645158382925906,0.021944255851615243,0.08017644741213037,0.15107962459634716,0.4173694605890336,4.4712615442901775,2.2274548735786723,0.16236833177695678,0.3711345772018332,-10.106947783694203,-10.914266983393302,0.5214546065746261,-0.7707522086265004,2.5665711186187985,1.2470322937863831,0,0,0,0,1,0,0,0,0,0,0.0
37188_2010,-0.15645158382925906,-0.0659063227448971,0.08017644741213037,0.055517043913318666,0.4173694605890336,0.3011827112471921,2.2274548735786723,2.919374946912136,0.3711345772018332,0.18979955604690904,-10.914266983393302,-10.525760085594843,-0.7707522086265004,0.05853209979192986,1.2470322937863831,1.7783364488959144,0,0,0,0,1,0,0,0,0,0,0.0
37189_2008,0.02333356404232076,0.021971723238268685,0.0882672320907472,0.06366962298602527,0.21205215176660727,0.18192696454414928,3.0884672281912326,3.5577210985608727,0.09932747920268976,0.11699248117710932,-9.001225617030258,-8.562270797674866,0.10470109582622797,0.19601493644917006,2.7080502011022096,2.7080502011022096,0,0,0,0,0,0,0,1,0,0,0.0
37189_2009,0.021971723238268685,0.05386110330366981,0.06366962298602527,0.1322154561689058,0.18192696454414928,0.4033163873265101,3.5577210985608727,1.8873461662488369,0.11699248117710932,0.16098552641071498,-8.562270797674866,-8.706755767725001,0.19601493644917006,-0.11915117957353664,2.7080502011022096,2.7080502011022096,0,0,0,0,0,0,0,1,0,0,0.0
37189_2010,0.05386110330366981,0.13103222388401276,0.1322154561689058,0.12443058824861772,0.4033163873265101,0.2613416780993855,1.8873461662488369,2.001998652386959,0.16098552641071498,0.11276169830612913,-8.706755767725001,-8.190626064743983,-0.11915117957353664,0.4954867356549992,2.7080502011022096,2.7080502011022096,0,0,0,0,0,0,0,1,0,0,0.0
37195_2008,0.0277546189158742,0.019630104150142814,0.04507066105032721,0.0272843745944145,0.032563773111117036,0.03636387131910966,5.327312845073728,6.173508776163003,0.10569511905680316,0.1589073051508481,-10.288501660234843,-9.424456071706588,-0.025128979037842086,0.6245275193575943,2.47232786758114,2.7080502011022096,0,0,0,0,0,0,1,0,0,0,0.0
37195_2009,0.019630104150142814,0.058058520770901276,0.0272843745944145,0.07807581571373189,0.03636387131910966,0.13794366093498814,6.173508776163003,3.1024608973277257,0.1589073051508481,0.2642567138014535,-9.424456071706588,-9.921143201046997,0.6245275193575943,-0.18760127322801065,2.7080502011022096,2.3350522831315472,0,0,0,0,0,0,1,0,0,0,0.0
37195_2010,0.058058520770901276,0.045664104364536766,0.07807581571373189,0.09373036697586756,0.13794366093498814,0.26023765968192963,3.1024608973277257,1.9443172560609392,0.2642567138014535,0.1935876804705273,-9.921143201046997,-10.649461502018594,-0.18760127322801065,-0.3733031363335744,2.3350522831315472,1.8373699804801076,0,0,0,0,0,0,1,0,0,0,0.0
3741_2008,0.02527607181203459,0.031763232010997955,0.5254008598240661,0.5423072453675284,0.034797657105074105,0.04146199149777672,1.8007279298485923,1.5963833291823808,0.07495812626481559,0.04937845932117213,-10.971435904302902,-10.96535949970332,-0.0020339474326069445,-0.02693211529987067,2.7080502011022096,2.7080502011022096,1,0,0,0,0,0,0,0,0,0,0.0
3741_2009,0.031763232010997955,0.025663553396997333,0.5423072453675284,0.5891735860896717,0.04146199149777672,0.06725501646160645,1.5963833291823808,1.35876137877419,0.04937845932117213,0.22133868844928944,-10.96535949970332,-10.693338114117307,-0.02693211529987067,0.22329955512101896,2.7080502011022096,2.7080502011022096,1,0,0,0,0,0,0,0,0,0,0.0
3741_2010,0.025663553396997333,0.034438025355049244,0.5891735860896717,0.5141839228350435,0.06725501646160645,0.0581943179381347,1.35876137877419,1.4385081234546324,0.22133868844928944,0.30906167749883695,-10.693338114117307,-10.679175349216942,0.22329955512101896,0.29604476187800033,2.7080502011022096,2.7080502011022096,1,0,0,0,0,0,0,0,0,0,0.0
37472_2008,0.0402283963180984,0.028599259046394036,0.4077456238430178,0.4191048277179191,0.049707096098501234,0.06354110956941111,1.7060663948449215,1.7048108779144082,0.049247170096137695,0.058062197165435925,-8.874137902400967,-9.253529488631996,-0.0848489876820323,-0.4188504238461013,2.7080502011022096,2.7080502011022096,0,0,1,0,0,0,0,0,0,0,0.0
37472_2009,0.028599259046394036,0.03558163788037104,0.4191048277179191,0.5260510717024459,0.06354110956941111,0.05329770548047175,1.7048108779144082,1.144004882207215,0.058062197165435925,0.25972735558907045,-9.253529488631996,-9.434204649459863,-0.4188504238461013,-0.13556875884402725,2.7080502011022096,2.676215477582192,0,0,1,0,0,0,0,0,0,0,0.0
37472_2010,0.03558163788037104,-0.06714846216070378,0.5260510717024459,0.5878449554924158,0.05329770548047175,0.02294892808792777,1.144004882207215,0.9561903649998132,0.25972735558907045,0.15849526468562045,-9.434204649459863,-9.320570512909033,-0.13556875884402725,0.028281842334100468,2.676215477582192,2.7080502011022096,0,0,1,0,0,0,0,0,0,0,0.0
37489_2008,-0.17829980416173935,0.9191991949303494,0.5202997054197592,0.21811770763177946,0.21236578731447675,0.15438302696827308,20.4041,0.9828576920072188,0.7969951591399401,0.2461338327748823,-13.339298385810958,-12.898898922647055,1.810145719007977,-0.0034087349662545365,0.6418538861723947,1.0885619528146082,0,0,0,0,1,0,0,0,0,0,0.0
37489_2009,0.9191991949303494,-0.4480653279704382,0.21811770763177946,0.15058431733335362,0.15438302696827308,0.2858098706670418,0.9828576920072188,1.1177960259387592,0.2461338327748823,0.24817726119177694,-12.898898922647055,-12.769738598085418,-0.0034087349662545365,-0.5730465454229183,1.0885619528146082,0.7884573603642703,0,0,0,0,1,0,0,0,0,0,0.0
37489_2010,-0.4480653279704382,-0.3418557304027986,0.15058431733335362,0.10730796486057838,0.2858098706670418,0.2838824336636559,1.1177960259387592,3.0525052597569933,0.24817726119177694,0.17516000940547485,-12.769738598085418,-12.429941864617893,-0.5730465454229183,-0.003904069257325893,0.7884573603642703,1.184789984909162,0,0,0,0,1,0,0,0,0,0,0.0
37496_2008,0.03047050104180655,0.024639350028410303,0.6638251346128837,0.5685971509115914,0.04116706984553252,0.04881618666038288,1.3772874914068378,1.981934030954653,0.07591757042326032,0.2384308471393344,-7.527197760478673,-7.126151710083335,0.04368894692419215,-0.3410694831137676,2.7080502011022096,2.7080502011022096,0,0,0,0,0,0,0,0,1,0,0.0
37496_2009,0.024639350028410303,0.05184931673773456,0.5685971509115914,0.7613731738129457,0.04881618666038288,0.0988104824025514,1.981934030954653,0.8851241236807065,0.2384308471393344,0.14051448695052646,-7.126151710083335,-7.275280386296968,-0.3410694831137676,-0.0830478619288238,2.7080502011022096,2.7080502011022096,0,0,0,0,0,0,0,0,1,0,0.0
37496_2010,0.05184931673773456,0.04395538351258762,0.7613731738129457,0.7201776954705704,0.0988104824025514,0.11586116482139602,0.8851241236807065,0.8123483100743581,0.14051448695052646,0.12407232467716454,-7.275280386296968,-7.402381511773669,-0.0830478619288238,-0.2860508217239823,2.7080502011022096,2.7080502011022096,0,0,0,0,0,0,0,0,1,0,0.0
374_2008,0.02652050567535661,0.04752545529994623,0.340577585253262,0.3124062813979833,0.14975063314773487,0.13087873656850146,2.5546198480344477,2.3512385393057564,0.07752470489460893,0.08125282067100241,-9.33240537704184,-9.205197551722623,0.04522532764489645,0.015278907837596976,2.7080502011022096,2.7080502011022096,0,0,0,0,0,0,1,0,0,0,0.0
374_2009,0.04752545529994623,0.028424588322647583,0.3124062813979833,0.5013946084015478,0.13087873656850146,0.24282136611504224,2.3512385393057564,1.0148993744265833,0.08125282067100241,0.2309273629886452,-9.205197551722623,-9.717725115663352,0.015278907837596976,-0.3655347398004051,2.7080502011022096,2.1644717908644115,0,0,0,0,0,0,1,0,0,0,0.0
374_2010,0.028424588322647583,-0.07638127129207395,0.5013946084015478,0.3338694220999105,0.24282136611504224,0.21066553077264047,1.0148993744265833,2.99746394563555,0.2309273629886452,0.14164609803075018,-9.717725115663352,-8.916451677417504,-0.3655347398004051,0.9648466412860364,2.1644717908644115,2.7080502011022096,0,0,0,0,0,0,1,0,0,0,0.0
37505_2008,0.12844950787950596,-0.2767912238601303,0.1716199294854903,0.29801165581076444,0.23473676314164646,0.3547051765512513,1.1797563670202174,0.9315910453159424,0.11190846067895208,0.11507627740599664,-10.98720886803883,-11.964984574283335,-0.5030611792457935,-0.9863688219399902,1.3987168811184478,0.4317824164255378,0,0,0,0,1,0,0,0,0,0,0.0
37505_2009,-0.2767912238601303,-0.5296886705405008,0.29801165581076444,0.769220551746856,0.3547051765512513,0.4402693383252781,0.9315910453159424,1.1882011483719543,0.11507627740599664,0.2423871110143652,-11.964984574283335,-12.615796504585234,-0.9863688219399902,-0.6986097683982639,0.4317824164255378,-0.7133498878774648,0,0,0,0,1,0,0,0,0,0,0.0
37505_2010,-0.5296886705405008,-0.19324185010078684,0.769220551746856,0.6021104661205394,0.4402693383252781,0.29778816084937626,1.1882011483719543,3.8007171798392276,0.2423871110143652,0.3980284613671221,-12.615796504585234,-12.18081894445058,-0.6986097683982639,-0.08046863289659939,-0.7133498878774648,-0.21455553412767625,0,0,0,0,1,0,0,0,0,0,0.0
37514_2008,-0.4108204622644418,-0.12656067266418694,0.05222975288635723,0.05564254376990887,0.3178211591849959,0.1886591299216244,2.390344114146667,3.507623337757181,0.27877767472116144,0.10433066526641004,-11.231205541697635,-11.18698151279512,0.08501255326271777,-0.07103548602216253,0.44468582126144574,0.4824261492442928,0,0,0,0,1,0,0,0,0,0,0.0
37514_2009,-0.12656067266418694,-0.3454612029590527,0.05564254376990887,0.14780960299948315,0.1886591299216244,0.24877135234201125,3.507623337757181,3.0481722985578807,0.10433066526641004,0.11037486748111547,-11.18698151279512,-12.229050917774586,-0.07103548602216253,-1.0436473678784002,0.4824261492442928,-1.171182981502945,0,0,0,0,1,0,0,0,0,0,0.0
37514_2010,-0.3454612029590527,-0.3057380271181328,0.14780960299948315,0.07067505691043889,0.24877135234201125,0.09474728828682727,3.0481722985578807,5.210177698905251,0.11037486748111547,0.3312646789147177,-12.229050917774586,-11.230168564555896,-1.0436473678784002,0.17739141345025433,-1.171182981502945,-0.6348782724359695,0,0,0,0,1,0,0,0,0,0,0.0
37524_2008,-0.6868743412680016,-0.1512783065831994,0.6251263638464667,0.8314582553579772,0.3938683299653128,0.5340388421240609,3.606668960340905,34.4485,0.18315340190765506,0.13780273112035712,-11.646937896065168,-12.831041252644999,-1.0167699529118617,-0.8452902236800848,0.8285518175661483,-0.2744368457017603,0,0,0,0,0,0,1,0,0,0,0.0
37524_2009,-0.1512783065831994,0.08246267576808741,0.8314582553579772,0.8994716104305258,0.5340388421240609,0.6326514158607829,34.4485,1.8658680704770088,0.13780273112035712,0.3136138257691036,-12.831041252644999,-13.601482586740836,-0.8452902236800848,0.24252405034991256,-0.2744368457017603,-0.3285040669720361,0,0,0,0,0,0,1,0,0,0,0.0
37524_2010,0.08246267576808741,0.07707453483637633,0.8994716104305258,0.5134919241887472,0.6326514158607829,0.3297787107119872,1.8658680704770088,2.572257564767133,0.3136138257691036,0.35258972726047555,-13.601482586740836,-12.40348961079113,0.24252405034991256,1.200971051006476,-0.3285040669720361,1.1118575154181305,0,0,0,0,0,0,1,0,0,0,0.0
37528_2008,0.055033272566335785,-0.01330813025583736,0.0840427319819057,0.11286546615924953,0.1610708004276858,0.19763223719314155,3.0543665913062723,2.618284160019281,0.10327363965738937,0.11300332975814335,-8.914058995404242,-9.007807750766672,0.2372455567093696,-0.23357247078711085,1.885553348514416,1.763017000362401,0,0,0,0,0,0,1,0,0,0,0.0
37528_2009,-0.01330813025583736,-0.21204767663425456,0.11286546615924953,0.23052928917904625,0.19763223719314155,0.5408343857237844,2.618284160019281,1.0542498497492356,0.11300332975814335,0.17539431581551287,-9.007807750766672,-9.809374969139654,-0.23357247078711085,-0.5309148954284699,1.763017000362401,0.4574248470388755,0,0,0,0,0,0,1,0,0,0,0.0
37528_2010,-0.21204767663425456,-0.006988948052787247,0.23052928917904625,0.17925688153477978,0.5408343857237844,0.5165841558903852,1.0542498497492356,1.3446538534348178,0.17539431581551287,0.17604339106780595,-9.809374969139654,-9.74867295094463,-0.5309148954284699,0.17236019602831815,0.4574248470388755,0.7466879474879751,0,0,0,0,0,0,1,0,0,0,0.0
37530_2008,0.023311016216100447,0.05848238753865164,0.1398660972966027,0.16160986829706508,0.20701020035432932,0.31819290701734604,2.0809813796369188,1.4898780779246992,0.19007066682474488,0.15997429273790087,-10.470978150831764,-10.227506961524636,-0.028183800023051406,0.011029467032141738,2.643333886382519,2.6979998652487085,0,0,0,0,0,0,1,0,0,0,0.0
37530_2009,0.05848238753865164,0.2194746537863876,0.16160986829706508,0.3680109809219107,0.31819290701734604,0.956461023373386,1.4898780779246992,0.5304627743595975,0.15997429273790087,0.1409046203705829,-10.227506961524636,-10.678224691792053,0.011029467032141738,-0.5120804003299413,2.6979998652487085,1.763017000362401,0,0,0,0,0,0,1,0,0,0,0.0
37530_2010,0.2194746537863876,-0.08217783729698579,0.3680109809219107,0.3458620259260068,0.956461023373386,0.27679383885572634,0.5304627743595975,1.0100933256859008,0.1409046203705829,0.20631110215262335,-10.678224691792053,-10.314405085845902,-0.5120804003299413,0.35759336309182105,1.763017000362401,2.360854001118021,0,0,0,0,0,0,1,0,0,0,0.0
37659_2008,0.005159371109170882,0.005503345717047118,0.8664523150977225,0.8890719045560872,0.014193653006983909,0.016728381935038974,1.1148702134542976,0.8487498720581542,0.03897491919419635,0.08483517690493766,-10.68423441009056,-10.761437604252729,-0.09481768358352796,-0.2843495089028973,2.7080502011022096,2.7080502011022096,0,0,0,0,0,1,0,0,0,0,0.0
37659_2009,0.005503345717047118,0.008437161806132198,0.8890719045560872,0.8565759870273139,0.016728381935038974,0.016991906787947767,0.8487498720581542,1.0157744899161452,0.08483517690493766,0.10848361115785823,-10.761437604252729,-9.941028970389796,-0.2843495089028973,0.6812417931502772,2.7080502011022096,2.7080502011022096,0,0,0,0,0,1,0,0,0,0,0.0
37659_2010,0.008437161806132198,-0.006171009437262089,0.8565759870273139,0.8894684140298342,0.016991906787947767,0.012524072678797672,1.0157744899161452,0.7676233302967108,0.10848361115785823,0.10171201914571276,-9.941028970389796,-10.448619381775694,0.6812417931502772,-0.4253800882515752,2.7080502011022096,2.7080502011022096,0,0,0,0,0,1,0,0,0,0,0.0
37660_2008,-0.014498882362114674,0.028462706731408206,0.2477283360191298,0.17356599340111153,0.04752040338930187,0.04431585519460159,1.6777336333165211,2.1120178809681,0.0806473567418584,0.040456880323518185,-8.389175173466956,-7.965262684141622,-0.16949731381698796,0.3629890838090648,2.7080502011022096,2.7080502011022096,0,0,0,0,1,0,0,0,0,0,0.0
37660_2009,0.028462706731408206,-0.1920475320061432,0.17356599340111153,0.3534704597234655,0.04431585519460159,0.0906490495056122,2.1120178809681,1.4000531526360471,0.040456880323518185,0.1887576362950528,-7.965262684141622,-8.395695720922545,0.3629890838090648,-0.4458362609116379,2.7080502011022096,2.7080502011022096,0,0,0,0,1,0,0,0,0,0,0.0
37660_2010,-0.1920475320061432,0.03752575979572314,0.3534704597234655,0.27224923812126123,0.0906490495056122,0.07845090924901885,1.4000531526360471,1.520490161837944,0.1887576362950528,0.07133126282035589,-8.395695720922545,-8.40553171433541,-0.4458362609116379,0.02551215815221536,2.7080502011022096,2.7080502011022096,0,0,0,0,1,0,0,0,0,0,0.0
37664_2008,0.02706216023630156,0.002027125019517328,0.4475817505605214,0.7640758832356179,0.006524331505713133,0.008892740263572431,1.81273952154708,1.8629491566573104,0.061815286725650134,0.06594785032686695,-8.20634939698977,-8.202984580030495,-0.10146500552244772,0.013608418349773794,2.7080502011022096,2.7080502011022096,0,0,0,0,1,0,0,0,0,0,0.0
37664_2009,0.002027125019517328,0.016595538766080522,0.7640758832356179,0.89857471488619,0.008892740263572431,0.016774262525787422,1.8629491566573104,0.8140261817171178,0.06594785032686695,0.1780244778238135,-8.202984580030495,-8.661143548173309,0.013608418349773794,-0.36775319301352977,2.7080502011022096,2.6796507265805123,0,0,0,0,1,0,0,0,0,0,0.0
37664_2010,0.016595538766080522,0.016264920346908983,0.89857471488619,0.7784416966120027,0.016774262525787422,0.02304722155560093,0.8140261817171178,1.5872023111053062,0.1780244778238135,0.1485204453355005,-8.661143548173309,-8.006353787929717,-0.36775319301352977,0.35033981373916223,2.6796507265805123,2.7080502011022096,0,0,0,0,1,0,0,0,0,0,0.0
37666_2008,0.059637258903805786,0.02252928220634236,0.410337606988696,0.4586163404958431,0.0025792993947886898,0.002813052421160832,1.3903107984015337,1.404251179263209,0.1120521741181532,0.17367822068383487,-11.37626386684542,-12.267621625004695,-0.2348986292555067,-0.8458389559609248,2.7080502011022096,1.9629077254238845,0,0,1,0,0,0,0,0,0,0,0.0
37666_2009,0.02252928220634236,-0.0027058107285395385,0.4586163404958431,0.8348065265433108,0.002813052421160832,0.00312126985614994,1.404251179263209,0.31807666285387504,0.17367822068383487,0.29734629699659304,-12.267621625004695,-12.42480970326912,-0.8458389559609248,-0.4581792906816988,1.9629077254238845,1.3110318766193438,0,0,1,0,0,0,0,0,0,0,0.0
37666_2010,-0.0027058107285395385,0.03174843593710505,0.8348065265433108,0.7123137311985428,0.00312126985614994,0.0032161519676063666,0.31807666285387504,0.5478581494609132,0.29734629699659304,0.12888658991124274,-12.42480970326912,-11.5837926271686,-0.4581792906816988,0.7533892329120718,1.3110318766193438,2.385086314505789,0,0,1,0,0,0,0,0,0,0,0.0
37672_2008,0.0,0.0,0.0,0.0,0.0,0.0,0.0,0.0,0.0,0.0,0.0,0.0,0.0,0.0,0.0,0.0,0,0,0,0,0,1,0,0,0,0,0.0
37672_2009,0.0,0.16495521844469244,0.0,0.22915032534754945,0.0,0.032922948590005864,0.0,0.7296766766232257,0.0,0.07727105457262133,0.0,-10.290743462070019,0.0,0.08947938264396305,0.0,2.395164274287139,0,0,0,0,0,1,0,0,0,0,0.0
37672_2010,0.16495521844469244,0.04604175654778928,0.22915032534754945,0.27918490546525704,0.032922948590005864,0.0032575342598562228,0.7296766766232257,0.5516650938420422,0.07727105457262133,0.10341494672737304,-10.290743462070019,-10.452373271299036,0.08947938264396305,-0.15098420367998364,2.395164274287139,2.468099531471619,0,0,0,0,0,1,0,0,0,0,0.0
37707_2008,-0.2188565330117145,-0.10816861280111567,0.09068173380996164,0.06287995150039656,0.35944956938392075,0.12761398245483713,1.7171797191899263,3.9586057890858446,0.18327985910024747,0.14707216605361795,-11.500800994218006,-10.900888649569223,-1.2303828993351562,0.5549933590058351,0.20701416938432607,0.4885800148186709,0,1,0,0,0,0,0,0,0,0,0.0
37707_2009,-0.10816861280111567,-0.2834225943185037,0.06287995150039656,0.1485086293167815,0.12761398245483713,0.1326108209723344,3.9586057890858446,2.162517463646197,0.14707216605361795,0.3142964271751685,-10.900888649569223,-10.891742635181503,0.5549933590058351,-0.15292427951478055,0.4885800148186709,-0.1743533871447778,0,1,0,0,0,0,0,0,0,0,0.0
37707_2010,-0.2834225943185037,-0.1844713837671986,0.1485086293167815,0.15641426323378685,0.1326108209723344,0.1296822223148894,2.162517463646197,4.239050296920071,0.3142964271751685,0.2272512759970752,-10.891742635181503,-10.582489261422085,-0.15292427951478055,0.08942613040365599,-0.1743533871447778,0.2468600779315258,0,1,0,0,0,0,0,0,0,0,0.0
37715_2008,0.021191612029124854,0.08653222836811986,0.059719447543661625,0.059304512182366334,0.2899095885336577,0.2656002102564281,1.696959271422287,1.6951804393140495,0.13962492253989614,0.09783099132867357,-11.178173490996699,-11.296726944351597,-0.023504441990939026,-0.3187209211006099,1.7263316639055997,1.5973653311998313,0,0,0,0,0,0,1,0,0,0,0.0
37715_2009,0.08653222836811986,0.05816677421921272,0.059304512182366334,0.1059245246324797,0.2656002102564281,0.2763742626546831,1.6951804393140495,1.0813744039128337,0.09783099132867357,0.14599588187281354,-11.296726944351597,-11.645202236754198,-0.3187209211006099,0.048641671154882105,1.5973653311998313,1.0986122886681098,0,0,0,0,0,0,1,0,0,0,0.0
37715_2010,0.05816677421921272,-0.07902541201853346,0.1059245246324797,0.15402927156533688,0.2763742626546831,0.3321878579610538,1.0813744039128337,0.8660862747653819,0.14599588187281354,0.1642943068417073,-11.645202236754198,-11.637879750028846,0.048641671154882105,-0.20708385617169028,1.0986122886681098,1.3480731482996928,0,0,0,0,0,0,1,0,0,0,0.0
37716_2008,0.009301852159141644,0.006561072651262166,0.887646456058478,0.9123297696054103,0.04533401988842909,0.030175046053683038,1.2209302325581397,0.9431990125029864,0.0244682719607122,0.06283146520892849,-11.481497687256091,-11.723690486683125,-0.07047246770243931,-0.3311919710075484,2.7080502011022096,2.7080502011022096,0,0,0,0,0,1,0,0,0,0,0.0
37716_2009,0.006561072651262166,-0.024608190870921216,0.9123297696054103,0.942708159245937,0.030175046053683038,0.0432497371012488,0.9431990125029864,0.916423695105842,0.06283146520892849,0.10415415492786884,-11.723690486683125,-11.609299219850445,-0.3311919710075484,-0.04529290751691295,2.7080502011022096,2.7080502011022096,0,0,0,0,0,1,0,0,0,0,0.0
37716_2010,-0.024608190870921216,0.004236834971430858,0.942708159245937,0.9649143729326088,0.0432497371012488,0.021086717394131062,0.916423695105842,0.5430907253467699,0.10415415492786884,0.1257931374240587,-11.609299219850445,-12.396252172399885,-0.04529290751691295,-0.7499191750465528,2.7080502011022096,2.255493485460195,0,0,0,0,0,1,0,0,0,0,0.0
37718_2008,0.012807064400855354,0.01738546148818865,0.7389525166771325,0.7777298409072253,0.02551554551432814,0.019590643077876863,1.2840437665844826,1.0129872704495155,0.04528892548657933,0.06745293540300931,-9.013988837619149,-9.318557915105492,-0.2446182984414785,-0.2734959367749264,2.7080502011022096,2.7080502011022096,0,0,0,0,0,1,0,0,0,0,0.0
37718_2009,0.01738546148818865,-0.14898432456496985,0.7777298409072253,0.8430319335759487,0.019590643077876863,0.03271428233495873,1.0129872704495155,1.849003850538628,0.06745293540300931,0.189587627775442,-9.318557915105492,-9.233669002428943,-0.2734959367749264,0.1419541041622227,2.7080502011022096,2.7080502011022096,0,0,0,0,0,1,0,0,0,0,0.0
37718_2010,-0.14898432456496985,-0.0016929639494824627,0.8430319335759487,0.8722487049866914,0.03271428233495873,0.03821354605458554,1.849003850538628,1.3396962956089338,0.189587627775442,0.18404359853128285,-9.233669002428943,-9.548622867053512,0.1419541041622227,-0.12139688937917445,2.7080502011022096,2.7080502011022096,0,0,0,0,0,1,0,0,0,0,0.0
3771_2008,0.24973622643240515,0.08121023864281234,0.3878465373029344,0.3854126220841671,0.13150450326467572,0.13132821600310626,1.1701826026208022,1.0343371586265135,0.1700454955934176,0.11410703278505242,-13.36284433546984,-13.260356891714435,0.8476273264198828,-0.1415309873936492,1.2527629684953678,1.3660916538023706,0,0,0,0,0,1,0,0,0,0,0.0
3771_2009,0.08121023864281234,0.012773865109233722,0.3854126220841671,0.37484579227634013,0.13132821600310626,0.08613770164123866,1.0343371586265135,0.990624048856896,0.11410703278505242,0.09335659308967596,-13.260356891714435,-12.879703688863573,-0.1415309873936492,0.16224625658779035,1.3660916538023706,1.2527629684953678,0,0,0,0,0,1,0,0,0,0,0.0
3771_2010,0.012773865109233722,-0.018677841357138524,0.37484579227634013,0.3140606991932385,0.08613770164123866,0.2380097862789898,0.990624048856896,1.1500580970114151,0.09335659308967596,0.06189556248343452,-12.879703688863573,-12.809831035870758,0.16224625658779035,-0.2966960148613774,1.2527629684953678,1.3812818192963463,0,0,0,0,0,1,0,0,0,0,0.0
37720_2008,-0.046382173681156304,-0.08873259442111682,0.425951207731089,0.6009641941051033,0.06433629298170876,0.06569999693641387,3.679564651358798,2.127067106963275,0.08389650013781681,0.11161964508637676,-12.141947436180935,-12.60702860982958,0.055651332065326235,-0.8403519420395021,1.6331544390514163,0.9783261227936078,0,0,1,0,0,0,0,0,0,0,0.0
37720_2009,-0.08873259442111682,-0.18581031358507585,0.6009641941051033,0.9376350365651054,0.06569999693641387,0.031225457932172938,2.127067106963275,1.9198106539759408,0.11161964508637676,0.2354343922901119,-12.60702860982958,-14.209167952550207,-0.8403519420395021,-1.7200408082000642,0.9783261227936078,-1.1177951080848836,0,0,1,0,0,0,0,0,0,0,0.0
37720_2010,-0.18581031358507585,-0.15646437651587566,0.9376350365651054,0.7915715688378232,0.031225457932172938,0.02835053222272074,1.9198106539759408,1.6276519036834676,0.2354343922901119,0.3604086263388631,-14.209167952550207,-13.55972098930947,-1.7200408082000642,-0.2609027202554268,-1.1177951080848836,-1.2375295878547787,0,0,1,0,0,0,0,0,0,0,0.0
37726_2008,-0.5416908698278408,-0.18384127136157846,0.1396031903786886,0.07378700862383361,0.2365863025224679,0.15176436783726335,4.165032607995007,4.9308403297071814,0.244411805144368,0.22083852690010455,-11.868871860634199,-11.759380553366787,-1.161083723874461,-0.16851816287908775,-0.12783337150988489,-0.19237189264745613,0,0,0,0,1,0,0,0,0,0,0.0
37726_2009,-0.18384127136157846,-0.2415998297528486,0.07378700862383361,0.11690612812640234,0.15176436783726335,0.036963987484367015,4.9308403297071814,17.974851611323675,0.22083852690010455,0.3183735619391416,-11.759380553366787,-11.828554503352107,-0.16851816287908775,-0.03904560988210865,-0.19237189264745613,-0.7603559302533953,0,0,0,0,1,0,0,0,0,0,0.0
37726_2010,-0.2415998297528486,1.1485696983342584,0.11690612812640234,0.02698920431827269,0.036963987484367015,1.1857490013703256,17.974851611323675,0.8248567527957125,0.3183735619391416,0.3008628424584673,-11.828554503352107,-11.503057281020748,-0.03904560988210865,0.2651950869111808,-0.7603559302533953,-0.2613647641344075,0,0,0,0,1,0,0,0,0,0,0.0
37727_2008,0.019796094511156083,0.01149204580312176,0.02255513877558501,0.012031675896909424,0.06587606305019282,0.0339876318404495,4.012852544564601,6.0839627110936245,0.17826933209016765,0.14053399887484322,-8.182667014443059,-6.9427114704631245,-0.4636741285077629,1.1715416335598756,2.7080502011022096,2.7080502011022096,0,0,0,0,1,0,0,0,0,0,0.0
37727_2009,0.01149204580312176,0.0394148419494064,0.012031675896909424,0.040098329627877134,0.0339876318404495,0.08707455544556993,6.0839627110936245,3.038363085524843,0.14053399887484322,0.16073182694163807,-6.9427114704631245,-7.363858258586349,1.1715416335598756,-0.2730206962302296,2.7080502011022096,2.7080502011022096,0,0,0,0,1,0,0,0,0,0,0.0
37727_2010,0.0394148419494064,0.01945762963666867,0.040098329627877134,0.02278918177005991,0.08707455544556993,0.0464624666485089,3.038363085524843,4.5780379363233275,0.16073182694163807,0.17526949955069993,-7.363858258586349,-6.7449386199328965,-0.2730206962302296,0.7814953850979544,2.7080502011022096,2.7080502011022096,0,0,0,0,1,0,0,0,0,0,0.0
37730_2008,-0.1372306333452024,-0.1922106055460195,0.13410990346922494,0.2495188615453341,0.14131284135529307,0.38145329820793145,1.9289536637044968,1.2703497360419185,0.21735489710778935,0.2183144060615879,-11.693430476580046,-12.477284900140456,-1.245539382681068,-0.8993574449503605,1.208960345836975,0.44468582126144574,0,0,0,0,0,0,1,0,0,0,0.0
37730_2009,-0.1922106055460195,0.013566031379343537,0.2495188615453341,0.3278106651265762,0.38145329820793145,0.9355748868996054,1.2703497360419185,0.5886626566896669,0.2183144060615879,0.18553051028380746,-12.477284900140456,-12.76957748821709,-0.8993574449503605,0.053579952795464514,0.44468582126144574,-0.35667494393873245,0,0,0,0,0,0,1,0,0,0,0.0
37730_2010,0.013566031379343537,-0.011840368539558478,0.3278106651265762,0.14018651276344282,0.9355748868996054,0.7088692771552059,0.5886626566896669,0.9900937970003236,0.18553051028380746,0.15943032785841044,-12.76957748821709,-12.425282794722815,0.053579952795464514,0.14604048804401848,-0.35667494393873245,0.20701416938432607,0,0,0,0,0,0,1,0,0,0,0.0
37731_2008,-0.0010041911759815936,-0.013851922156814505,0.1079757496008994,0.1378903425832494,0.04951463691871871,0.07637363028462324,2.700267736842292,1.882774427212616,0.2709067849818497,0.10769681420797864,-7.029266785279868,-7.347715527812147,-1.3763069191549973,-0.2856949903489969,2.7080502011022096,2.637627736805664,0,0,0,0,0,0,1,0,0,0,0.0
37731_2009,-0.013851922156814505,0.02899262720258717,0.1378903425832494,0.11521537966702056,0.07637363028462324,0.1874352614592817,1.882774427212616,1.1535002573413322,0.10769681420797864,0.20129600951161264,-7.347715527812147,-7.5636469181654595,-0.2856949903489969,-0.1561891211066791,2.637627736805664,1.897619859927532,0,0,0,0,0,0,1,0,0,0,0.0
37731_2010,0.02899262720258717,0.029754080490943007,0.11521537966702056,0.06338458591887232,0.1874352614592817,0.15124842197457572,1.1535002573413322,2.186421733306556,0.20129600951161264,0.11462331879115788,-7.5636469181654595,-6.640783825066105,-0.1561891211066791,0.7493466857947632,1.897619859927532,2.7080502011022096,0,0,0,0,0,0,1,0,0,0,0.0
37737_2008,0.006181002618901153,0.005201396354064549,0.8511834453275963,0.8835712048173765,0.023630832574454464,0.04861547753461025,1.7417276548609997,1.2903849429696543,0.06238534248129881,0.09690435830137306,-11.24201926755196,-11.509217508248994,-0.21813736583559667,-0.31052258248756137,2.7080502011022096,2.510411940196362,0,0,0,0,0,1,0,0,0,0,0.0
37737_2009,0.005201396354064549,-0.010580405912330115,0.8835712048173765,0.9547892340877231,0.04861547753461025,0.09490268652651712,1.2903849429696543,0.6318619361001558,0.09690435830137306,0.17400555450301022,-11.509217508248994,-11.941859876646376,-0.31052258248756137,-0.3342866036212748,2.510411940196362,1.589235205116581,0,0,0,0,0,1,0,0,0,0,0.0
37737_2010,-0.010580405912330115,-0.01495062053972362,0.9547892340877231,0.9727785203083724,0.09490268652651712,0.1308231125122303,0.6318619361001558,0.5007645654768536,0.17400555450301022,0.12601480763423473,-11.941859876646376,-12.660403316789678,-0.3342866036212748,-0.6265237087639217,1.589235205116581,1.1052568313867783,0,0,0,0,0,1,0,0,0,0,0.0
37739_2008,-0.0388174889764755,-0.030822975578063926,0.05829505879977793,0.04733148012056533,0.4791390409418977,0.36789468639166695,0.9618210856630841,1.0615783570797013,0.11500645696124613,0.07986943903116837,-12.623989912856565,-12.591906109691127,-0.2839354686053437,0.12419521954856033,1.229640551074514,1.2725655957915476,0,0,0,0,0,0,1,0,0,0,0.0
37739_2009,-0.030822975578063926,-0.018462624831127053,0.04733148012056533,0.08669832855626197,0.36789468639166695,0.4372920502830691,1.0615783570797013,0.9567288688160752,0.07986943903116837,0.10865041400622988,-12.591906109691127,-12.586588273496401,0.12419521954856033,0.0727046599246739,1.2725655957915476,0.7839015438284094,0,0,0,0,0,0,1,0,0,0,0.0
37739_2010,-0.018462624831127053,-0.08849741147665142,0.08669832855626197,0.07200141097865895,0.4372920502830691,0.7125788055788991,0.9567288688160752,0.7952632903221791,0.10865041400622988,0.10502957440198972,-12.586588273496401,-12.825730006937313,0.0727046599246739,-0.2449197453376573,0.7839015438284094,0.7793248768009977,0,0,0,0,0,0,1,0,0,0,0.0
37750_2008,0.01927462463531111,0.0005099948021446669,0.7505548304550165,0.8480351390802587,0.03854248387060983,0.030210981488649983,1.8276199885675608,1.2680417512544435,0.060852820393405865,0.05995894842373094,-11.142545562093721,-11.725922286882994,-0.11422573384776664,-0.5567446446428381,2.7080502011022096,2.7080502011022096,0,0,0,0,0,1,0,0,0,0,0.0
37750_2009,0.0005099948021446669,0.007572377546053311,0.8480351390802587,0.8310409382189881,0.030210981488649983,0.020414396598550055,1.2680417512544435,1.4474415386236004,0.05995894842373094,0.1168537185458746,-11.725922286882994,-11.134963614721048,-0.5567446446428381,0.5160407554468509,2.7080502011022096,2.7080502011022096,0,0,0,0,0,1,0,0,0,0,0.0
37750_2010,0.007572377546053311,0.006663503581598133,0.8310409382189881,0.8554206143907288,0.020414396598550055,0.023819852727319873,1.4474415386236004,1.2333549955788692,0.1168537185458746,0.17837655637138133,-11.134963614721048,-11.474655797328134,0.5160407554468509,-0.28967610026036944,2.7080502011022096,2.7080502011022096,0,0,0,0,0,1,0,0,0,0,0.0
3781_2008,0.04761157963921423,0.04847114187005648,0.040228706258580604,0.05158144030528346,0.02017985390706525,0.03970163451064405,3.6703870887954486,3.3820542461724736,0.109837879718016,0.10995665888499588,-10.176967662653926,-9.825429200822445,-0.2697862827012025,0.28338381859791106,2.7080502011022096,2.7080502011022096,0,1,0,0,0,0,0,0,0,0,0.0
3781_2009,0.04847114187005648,0.07262201832567187,0.05158144030528346,0.07283207226233047,0.03970163451064405,0.03839266727668848,3.3820542461724736,2.7765692046842987,0.10995665888499588,0.1584466982762111,-9.825429200822445,-9.80323267819108,0.28338381859791106,0.20055324187865847,2.7080502011022096,2.7080502011022096,0,1,0,0,0,0,0,0,0,0,0.0
3781_2010,0.07262201832567187,0.05173118611676468,0.07283207226233047,0.06709086215143366,0.03839266727668848,0.07908676189279583,2.7765692046842987,3.0054269430856873,0.1584466982762111,0.119687204425588,-9.80323267819108,-9.763009354868572,0.20055324187865847,0.07693657862791442,2.7080502011022096,2.7080502011022096,0,1,0,0,0,0,0,0,0,0,0.0
37905_2008,-0.127151481964444,0.09800973894906816,0.2209373013258094,0.3129310199825069,0.222375876486721,0.3432495963129921,2.565689230679885,1.726213398371201,0.5945900440421237,0.10366933570202487,-12.440119670908176,-12.194550246276062,1.463264919477778,-0.011313207268541773,1.5581446180465501,1.6714733033535532,0,0,0,0,0,1,0,0,0,0,0.0
37905_2009,0.09800973894906816,-1.6112619085635211,0.3129310199825069,0.5934855500558837,0.3432495963129921,0.3985842780350205,1.726213398371201,0.9910085243859718,0.10366933570202487,0.21265924102389416,-12.194550246276062,-13.843124833488796,-0.011313207268541773,-1.7100086394658942,1.6714733033535532,-0.5108256237659907,0,0,0,0,0,1,0,0,0,0,0.0
37905_2010,-1.6112619085635211,-0.2843073976139416,0.5934855500558837,0.4219846342834538,0.3985842780350205,0.3502571363134773,0.9910085243859718,1.3340525422995786,0.21265924102389416,0.3267244306408763,-13.843124833488796,-13.703462559662066,-1.7100086394658942,0.2554634723975905,-0.5108256237659907,-0.14098769330097738,0,0,0,0,0,1,0,0,0,0,0.0
37913_2008,0.04702431365782379,-0.017397011462673806,0.3188368420099555,0.2807256131996275,0.2476014082149873,0.1539981989407329,1.2080437009561769,0.9725856040728946,0.12474081772010492,0.1041325562176459,-9.97590191444629,-10.214821093176619,-0.1857332574215122,-0.3534405013730999,1.763017000362401,1.5260563034950492,0,0,0,0,0,0,1,0,0,0,0.0
37913_2009,-0.017397011462673806,-1.0434387680605783,0.2807256131996275,0.7205343044873428,0.1539981989407329,0.2459082497156149,0.9725856040728946,0.1799508572714696,0.1041325562176459,0.5014585303029849,-10.214821093176619,-11.912122700100547,-0.3534405013730999,-1.6369305565781724,1.5260563034950492,-0.6733445532637656,0,0,0,0,0,0,1,0,0,0,0.0
37913_2010,-1.0434387680605783,-0.4280621990930174,0.7205343044873428,0.188999838098022,0.2459082497156149,0.27594064772947674,0.1799508572714696,0.7007852085841756,0.5014585303029849,0.27645398086512524,-11.912122700100547,-11.121960860831146,-1.6369305565781724,1.3021597882421865,-0.6733445532637656,0.3435897043900769,0,0,0,0,0,0,1,0,0,0,0.0
37915_2008,-0.15188672522920582,-0.21223186236907945,0.222883704866856,0.2821397642472012,0.14165067717595342,0.255776250124537,1.969213724502216,1.347293342871829,0.2900876563130119,0.14194956440421694,-11.352709071935141,-11.735167174438677,-0.6196333166714731,-0.9949525656313816,1.308332819650179,0.5653138090500605,0,0,0,0,0,0,1,0,0,0,0.0
37915_2009,-0.21223186236907945,-1.0252512769813809,0.2821397642472012,0.888531883341572,0.255776250124537,0.4644092931290163,1.347293342871829,0.2196865448080178,0.14194956440421694,0.23084779412038955,-11.735167174438677,-14.187650781202509,-0.9949525656313816,-2.125110549996195,0.5653138090500605,-2.396895772465287,0,0,0,0,0,0,1,0,0,0,0.0
37915_2010,-1.0252512769813809,0.0,0.888531883341572,0.0,0.4644092931290163,0.0,0.2196865448080178,0.0,0.23084779412038955,0.0,-14.187650781202509,0.0,-2.125110549996195,0.0,-2.396895772465287,0.0,0,0,0,0,0,0,1,0,0,0,0.0
37917_2008,-0.10327919342408223,-0.21593573963790197,0.060522412044800626,0.1466162737170944,0.465605375001377,0.6005781574376459,1.923119404736056,1.5746342079213869,0.15081492035713004,0.13516232199910638,-9.694286362540057,-10.03200927472778,-0.3784759240127308,-0.506104424793623,2.5580022048585507,2.057962510002712,0,0,0,0,1,0,0,0,0,0,0.0
37917_2009,-0.21593573963790197,-0.5488730420494699,0.1466162737170944,0.2857860380955637,0.6005781574376459,0.25443480213604264,1.5746342079213869,2.2600726934141075,0.13516232199910638,0.15049816189683654,-10.03200927472778,-10.141661302111318,-0.506104424793623,-0.13149994299954998,2.057962510002712,1.42791603581071,0,0,0,0,1,0,0,0,0,0,0.0
37917_2010,-0.5488730420494699,-0.31189694965825576,0.2857860380955637,0.32921573605249344,0.25443480213604264,0.2350342741775409,2.2600726934141075,3.2929452713376786,0.15049816189683654,0.17632690256852793,-10.141661302111318,-10.313280594735714,-0.13149994299954998,-0.45044419921127604,1.42791603581071,1.2669476034873244,0,0,0,0,1,0,0,0,0,0,0.0
37919_2008,0.06571407042549564,0.4846353542490903,0.14678389707836115,0.08828601400125133,0.4865141402243876,0.7780997768142016,1.5296707390861977,1.0800643625721356,0.2318477863855975,0.21566801162347354,-11.681254636404615,-11.60672059569668,0.5377276385219849,0.1163829963761566,2.046401687601636,2.0706530356467567,0,0,0,0,0,0,1,0,0,0,1.0
37919_2009,0.4846353542490903,-0.4571915616949046,0.08828601400125133,0.07386052216660753,0.7780997768142016,2.1529412616893517,1.0800643625721356,0.44192069463196937,0.21566801162347354,0.1608456294290568,-11.60672059569668,-12.22932723172738,0.1163829963761566,-0.5547931051135679,2.0706530356467567,0.947789398933526,0,0,0,0,0,0,1,0,0,0,1.0
37919_2010,-0.4571915616949046,0.0,0.07386052216660753,0.0,2.1529412616893517,0.0,0.44192069463196937,0.0,0.1608456294290568,0.0,-12.22932723172738,0.0,-0.5547931051135679,0.0,0.947789398933526,0.0,0,0,0,0,0,0,1,0,0,0,1.0
37923_2008,0.07313919896723896,-0.0993804069027452,0.19331491458478708,0.3302644415586094,0.160467515996639,0.2583813049573909,1.5069734262173602,0.7320852363293264,0.13514546391459525,0.12285417746478786,-11.507568993327169,-12.422264117245525,-0.2869612935594812,-0.9539732010136052,1.449269160281279,0.5423242908253617,0,0,0,0,0,0,1,0,0,0,0.0
37923_2009,-0.0993804069027452,-0.2979894984971127,0.3302644415586094,0.6865887576547474,0.2583813049573909,0.4972935556691902,0.7320852363293264,0.17496665718573767,0.12285417746478786,0.15325732564681493,-12.422264117245525,-13.568531283647859,-0.9539732010136052,-0.9804778709846252,0.5423242908253617,-1.0642108619507773,0,0,0,0,0,0,1,0,0,0,0.0
37923_2010,-0.2979894984971127,-0.11668834496078201,0.6865887576547474,0.27978794686847186,0.4972935556691902,0.1557092743683733,0.17496665718573767,1.3731520499587624,0.15325732564681493,0.2306659830230635,-13.568531283647859,-11.819134130213321,-0.9804778709846252,1.587178743274483,-1.0642108619507773,0.9162907318741552,0,0,0,0,0,0,1,0,0,0,0.0
37929_2008,-0.0850856374618471,-0.06333058618457768,0.2758314378390019,0.29451083699588604,0.304167395702948,0.4279630510366271,3.011670538188128,2.9025787819815085,0.3857562181049726,0.1087588591561476,-10.869394054104808,-11.132524500412554,1.5254916501153106,-0.4393917304663613,2.5184139570929154,2.2565411544926395,0,0,0,0,1,0,0,0,0,0,0.0
37929_2009,-0.06333058618457768,0.10169328301549344,0.29451083699588604,0.1733523529952958,0.4279630510366271,0.5450182157115133,2.9025787819815085,1.5081406751076163,0.1087588591561476,0.21632447299147886,-11.132524500412554,-10.617311359758864,-0.4393917304663613,0.4442722536700025,2.2565411544926395,2.0781907597781832,0,0,0,0,1,0,0,0,0,0,0.0
37929_2010,0.10169328301549344,-0.13649236569603296,0.1733523529952958,0.2923944964937621,0.5450182157115133,0.5674825342660027,1.5081406751076163,1.6632084228664619,0.21632447299147886,0.14726359168738015,-10.617311359758864,-11.022260563642426,0.4442722536700025,-0.5697078975653647,2.0781907597781832,1.8213182714695997,0,0,0,0,1,0,0,0,0,0,0.0
37931_2008,0.0341150464533781,0.0570311619231638,0.08803572384095244,0.1028958109076962,0.15545055428195206,0.16642723140689838,2.8227565228787785,2.3524373325301204,0.0740837163285785,0.06696155532602865,-8.14745265042876,-8.187781867789809,-0.1448373000255668,-0.15834283483743522,2.7080502011022096,2.7080502011022096,0,0,0,0,1,0,0,0,0,0,0.0
37931_2009,0.0570311619231638,0.06805285721718021,0.1028958109076962,0.2155138445591216,0.16642723140689838,0.20337076936848966,2.3524373325301204,2.2915468091738287,0.06696155532602865,0.09127979811793792,-8.187781867789809,-7.864160954562474,-0.15834283483743522,0.41020898902398895,2.7080502011022096,2.7080502011022096,0,0,0,0,1,0,0,0,0,0,0.0
37931_2010,0.06805285721718021,0.07838547396523676,0.2155138445591216,0.2917770478093236,0.20337076936848966,0.2210009711068346,2.2915468091738287,1.5150591011967112,0.09127979811793792,0.0975047199999345,-7.864160954562474,-8.324946699930079,0.41020898902398895,-0.3874770807560464,2.7080502011022096,2.7080502011022096,0,0,0,0,1,0,0,0,0,0,0.0
37932_2008,0.040213653329237584,0.03764168029256629,0.08974539801226725,0.15523045738812274,0.1742304400868776,0.1363268817467084,1.3577765503092123,1.1487277395426492,0.058517339900467924,0.06600421871561432,-9.08937915577866,-9.466975006482967,-0.07501003337028925,-0.23476731629915734,2.381396273418336,2.155244505095337,0,0,0,0,0,0,1,0,0,0,0.0
37932_2009,0.03764168029256629,-1.0150282498742509,0.15523045738812274,0.5137043990015459,0.1363268817467084,0.22584389357833184,1.1487277395426492,0.7567262289521699,0.06600421871561432,0.29240259639933497,-9.466975006482967,-10.364069012032028,-0.23476731629915734,-0.8371135574438637,2.155244505095337,0.7839015438284094,0,0,0,0,0,0,1,0,0,0,0.0
37932_2010,-1.0150282498742509,-0.06858141585139525,0.5137043990015459,0.18418163542218666,0.22584389357833184,0.08162615458829289,0.7567262289521699,1.8057940407984001,0.29240259639933497,0.4233664936440261,-10.364069012032028,-9.57903442599318,-0.8371135574438637,1.0379263357141926,0.7839015438284094,1.6639260977181702,0,0,0,0,0,0,1,0,0,0,0.0
37938_2008,0.021088733293584426,-0.07213798089222946,0.02809263255647072,0.1492869727398516,0.06901748072793276,0.1000548785519194,4.527920638455719,4.697718453137651,0.193735689446736,0.1100608999162878,-8.84080057762017,-8.282849266090906,0.5011895536060207,0.3550594560875203,2.7080502011022096,2.7080502011022096,0,0,0,0,1,0,0,0,0,0,0.0
37938_2009,-0.07213798089222946,0.013713637716483843,0.1492869727398516,0.14358445208139506,0.1000548785519194,0.1738961638246805,4.697718453137651,2.9215821998279186,0.1100608999162878,0.2654540555229073,-8.282849266090906,-7.820377931096782,0.3550594560875203,-0.4739615667913766,2.7080502011022096,2.7080502011022096,0,0,0,0,1,0,0,0,0,0,0.0
37938_2010,0.013713637716483843,0.017082809379920797,0.14358445208139506,0.13369429525488047,0.1738961638246805,0.1639073828644918,2.9215821998279186,3.203077552590536,0.2654540555229073,0.13012362533779812,-7.820377931096782,-7.904099197825498,-0.4739615667913766,-0.1821671311166716,2.7080502011022096,2.7080502011022096,0,0,0,0,1,0,0,0,0,0,0.0
37952_2008,0.011788112675154816,0.035415038789976004,0.2486800285596938,0.18088791371323326,0.3893810974146162,0.3576753223195848,3.599707419368736,3.3429191114553127,0.11889211248992068,0.0649356449782817,-10.382049337947212,-10.218290971832698,-0.13926962315426844,0.1455506647458881,2.186051276738094,2.360854001118021,0,0,0,0,1,0,0,0,0,0,0.0
37952_2009,0.035415038789976004,0.045378675541139314,0.18088791371323326,0.2636025884207056,0.3576753223195848,0.562081144653214,3.3429191114553127,2.0970342006824563,0.0649356449782817,0.1524417106810408,-10.218290971832698,-10.35861304598358,0.1455506647458881,0.039826953908935585,2.360854001118021,1.7783364488959144,0,0,0,0,1,0,0,0,0,0,0.0
37952_2010,0.045378675541139314,-0.011537756284116997,0.2636025884207056,0.2454410554434615,0.562081144653214,0.5849046745717102,2.0970342006824563,1.8879053713855216,0.1524417106810408,0.15971682843231752,-10.35861304598358,-10.687027347364527,0.039826953908935585,-0.5108440032670092,1.7783364488959144,1.6789639750827108,0,0,0,0,1,0,0,0,0,0,0.0
37956_2008,0.0820378577147818,0.029313448751380932,0.7220445079493045,0.7461325885025897,0.0,0.0019966495781254968,1.415115169029431,0.8743699833406195,0.13452721191715153,0.2756834841334866,-12.878962115610975,-13.283161529736912,0.2599426971282804,-0.5638450269098797,0.883767540168595,0.4574248470388755,0,0,0,0,0,0,1,0,0,0,0.0
37956_2009,0.029313448751380932,-0.07977017529140809,0.7461325885025897,0.892979412664175,0.0019966495781254968,0.035494006749679965,0.8743699833406195,0.3959650496558437,0.2756834841334866,0.2266549182142547,-13.283161529736912,-13.86091769852147,-0.5638450269098797,-0.4659317102579181,0.4574248470388755,-0.6161861394238171,0,0,0,0,0,0,1,0,0,0,0.0
37956_2010,-0.07977017529140809,-0.04073815958706578,0.892979412664175,0.8539488818253416,0.035494006749679965,0.0180063798564249,0.3959650496558437,0.7275945093810775,0.2266549182142547,0.1879255158256139,-13.86091769852147,-13.603681470002623,-0.4659317102579181,0.08629623739472847,-0.6161861394238171,-0.12783337150988489,0,0,0,0,0,0,1,0,0,0,0.0
37957_2008,0.026491577653532945,0.016416218025948257,0.09986152943957803,0.03365533828096054,0.13273728562904832,0.05766707077071963,3.852180825553665,5.106982727643291,0.10655912037455634,0.16351954294700788,-9.580015868956929,-8.741617010316059,0.0589595504840841,0.6909611509813536,2.7080502011022096,2.7080502011022096,0,0,0,0,0,0,0,1,0,0,0.0
37957_2009,0.016416218025948257,0.08201688419595643,0.03365533828096054,0.06761557611979283,0.05766707077071963,0.162560807461775,5.106982727643291,3.417549324547772,0.16351954294700788,0.1954957968349016,-8.741617010316059,-8.378821978281309,0.6909611509813536,0.43746356581664586,2.7080502011022096,2.7080502011022096,0,0,0,0,0,0,0,1,0,0,0.0
37957_2010,0.08201688419595643,0.06392060532704716,0.06761557611979283,0.06507247596886093,0.162560807461775,0.24377024556420626,3.417549324547772,2.8263794176632517,0.1954957968349016,0.15431067190992773,-8.378821978281309,-8.431438460600997,0.43746356581664586,0.07368981357735001,2.7080502011022096,2.7080502011022096,0,0,0,0,0,0,0,1,0,0,0.0
37958_2008,-0.031140785088120668,-0.09610549882302358,0.07601603665347928,0.07913671006083219,0.4533697468123711,0.5079393063349845,1.7005180429784423,1.5841515981986698,0.1019839401720954,0.10803507586936413,-10.860831403411089,-11.048436182238074,0.12360199397383415,-0.44098678075579906,1.7011051009599245,1.4929040961781488,0,0,0,0,0,0,1,0,0,0,0.0
37958_2009,-0.09610549882302358,-0.15785294873373118,0.07913671006083219,0.1498718983581013,0.5079393063349845,0.5956044736844279,1.5841515981986698,0.9781885477541012,0.10803507586936413,0.11696209144161547,-11.048436182238074,-11.237843588900423,-0.44098678075579906,-0.06977686858925697,1.4929040961781488,0.8020015854720274,0,0,0,0,0,0,1,0,0,0,0.0
37958_2010,-0.15785294873373118,-0.1136484126489116,0.1498718983581013,0.04371452628952785,0.5956044736844279,0.6340360506455435,0.9781885477541012,1.2391786426893645,0.11696209144161547,0.0934791584302923,-11.237843588900423,-11.301433520545249,-0.06977686858925697,0.037506073225296484,0.8020015854720274,0.9707789171582248,0,0,0,0,0,0,1,0,0,0,0.0
38385_2008,0.03977607267357639,0.010652474335351408,0.09702894419574014,0.07818669386680706,0.027757268759521118,0.02478722470825656,3.4873614414778618,3.832812318300282,0.11090562992856348,0.11256034081954844,-12.163991904397779,-12.453749510350388,0.7067469835135212,-0.3748053238707968,1.7749523509116738,1.4586150226995167,0,1,0,0,0,0,0,0,0,0,0.0
38385_2009,0.010652474335351408,-0.049467223896140534,0.07818669386680706,0.2508346238023047,0.02478722470825656,0.006427484683873522,3.832812318300282,2.20413012585386,0.11256034081954844,0.29025186598270497,-12.453749510350388,-14.331083936112034,-0.3748053238707968,-1.6112270949061103,1.4586150226995167,-0.916290731874155,0,1,0,0,0,0,0,0,0,0,1.0
38385_2010,-0.049467223896140534,-0.14484356894553882,0.2508346238023047,0.6437107625257261,0.006427484683873522,0.05983985057332111,2.20413012585386,0.4234262564975305,0.29025186598270497,0.2321071798941949,-14.331083936112034,-14.423040659145654,-1.6112270949061103,-0.1121547013291098,-0.916290731874155,-0.7962879394794586,0,1,0,0,0,0,0,0,0,0,1.0
38389_2008,-0.08844864588125567,-0.02925242638350808,0.4382676106603621,0.480566950382479,0.07788598543136152,0.058987225732637025,1.1217806507582242,1.145131484766663,0.09293420538087868,0.0826478930976909,-10.145850008733069,-10.22366850757304,0.04144437539567192,-0.03844729642901101,2.1065702090680887,2.057962510002712,0,0,0,0,0,0,0,1,0,0,0.0
38389_2009,-0.02925242638350808,-0.7998729873752927,0.480566950382479,0.7841177171628186,0.058987225732637025,0.10539687265017217,1.145131484766663,1.1490363351970596,0.0826478930976909,0.3721788795026766,-10.22366850757304,-11.55408113049976,-0.03844729642901101,-1.0838721691889088,2.057962510002712,0.44468582126144574,0,0,0,0,0,0,0,1,0,0,0.0
38389_2010,-0.7998729873752927,-0.06699206536302041,0.7841177171628186,0.6190424330353619,0.10539687265017217,0.03701474836901507,1.1490363351970596,5.56290182293885,0.3721788795026766,0.468530361271702,-11.55408113049976,-10.938078347877157,-1.0838721691889088,1.101432803905516,0.44468582126144574,1.2237754316221157,0,0,0,0,0,0,0,1,0,0,0.0
38399_2008,-0.15195878021985126,-0.14343329987582926,0.05710758831090727,0.07054073766097048,0.1488116836320081,0.15458346807328172,2.7326057790237552,3.0736828558188503,0.13315128397845827,0.1759944313219031,-11.482465457743515,-11.481475083586394,-0.7412443084327406,-0.2068370271812243,0.9631743177730056,0.7884573603642703,0,0,0,0,0,1,0,0,0,0,0.0
38399_2009,-0.14343329987582926,-0.4310488577622145,0.07054073766097048,0.379997691153269,0.15458346807328172,0.3582239837867652,3.0736828558188503,0.9352787347731316,0.1759944313219031,0.1684657809386823,-11.481475083586394,-12.913745996398447,-0.2068370271812243,-1.4985539324019974,0.7884573603642703,-1.1394342831883648,0,0,0,0,0,1,0,0,0,0,0.0
38399_2010,-0.4310488577622145,-0.1294245166376137,0.379997691153269,0.17422395731911888,0.3582239837867652,0.08785101106671703,0.9352787347731316,3.5053126490743574,0.1684657809386823,0.2388788474081261,-12.913745996398447,-11.85670913302902,-1.4985539324019974,0.4154993606692623,-1.1394342831883648,0.058268908123975824,0,0,0,0,0,1,0,0,0,0,0.0
38405_2008,-0.09447371105814266,-0.08951422234138495,0.2857513842386919,0.6216333146464523,0.09105369083944688,0.14856070392668244,61.6088,12.4186,0.15917445978416114,0.1916683305349969,-12.238596876048168,-13.851050382695437,-0.07131999228283542,-1.5926770244418595,0.5933268452777344,-1.0216512475319814,0,0,0,0,0,0,1,0,0,0,0.0
38405_2009,-0.08951422234138495,-0.11640755773880508,0.6216333146464523,0.44531725800393135,0.14856070392668244,0.08931143762604436,12.4186,30.4198,0.1916683305349969,0.4107134234708297,-13.851050382695437,-12.461165595172371,-1.5926770244418595,0.12685741759990676,-1.0216512475319814,-0.12783337150988489,0,0,0,0,0,0,1,0,0,0,0.0
38405_2010,-0.11640755773880508,0.0,0.44531725800393135,0.0,0.08931143762604436,0.0,30.4198,0.0,0.4107134234708297,0.0,-12.461165595172371,0.0,0.12685741759990676,0.0,-0.12783337150988489,0.0,0,0,0,0,0,0,1,0,0,0,0.0
38406_2008,0.01826700026519324,0.0185459022108793,0.2386857723088249,0.17294528797088046,0.051543166648397365,0.04286692154905135,3.0890540172600187,3.7655288928496455,0.09676811214959233,0.183821512099086,-9.712708059607504,-9.121712762733313,0.31789588564667953,0.5625817380843532,2.0162354657760435,2.5877640352277083,0,0,0,0,1,0,0,0,0,0,0.0
38406_2009,0.0185459022108793,0.04425699964683051,0.17294528797088046,0.5479957614205392,0.04286692154905135,0.11435899600575462,3.7655288928496455,1.9102224027443515,0.183821512099086,0.3804581920130056,-9.121712762733313,-9.379734954285503,0.5625817380843532,-0.5108277860239934,2.5877640352277083,1.396244691973059,0,0,0,0,1,0,0,0,0,0,0.0
38406_2010,0.04425699964683051,0.029683632068748463,0.5479957614205392,0.2753412767756323,0.11435899600575462,0.0764390081967402,1.9102224027443515,3.4552463073639648,0.3804581920130056,0.13110453764080165,-9.379734954285503,-8.518805429371403,-0.5108277860239934,0.7994318004790703,1.396244691973059,2.4898941912990398,0,0,0,0,1,0,0,0,0,0,0.0
38409_2008,-0.1671403593902843,-0.24374539732874045,0.06365968066178339,0.0881499575447591,0.32610342162760303,0.3058387022780959,2.3947474174408434,2.255955444800317,0.11475636445996056,0.1350267949495789,-12.069769841691821,-12.556529379414725,-0.7628110863478009,-0.6489047142669355,0.9516578757114464,0.4700036292457356,0,0,0,0,1,0,0,0,0,0,0.0
38409_2009,-0.24374539732874045,-0.7591569098004994,0.0881499575447591,0.25701161127675565,0.3058387022780959,0.6871621457833371,2.255955444800317,1.1986054951157137,0.1350267949495789,0.3297991094802686,-12.556529379414725,-13.369905641298251,-0.6489047142669355,-1.4353657543856435,0.4700036292457356,-0.8439700702945291,0,0,0,0,1,0,0,0,0,0,0.0
38409_2010,-0.7591569098004994,-0.023619454884436685,0.25701161127675565,0.01718282974756592,0.6871621457833371,0.09741252601777596,1.1986054951157137,3.9264290559563015,0.3297991094802686,0.2518030736503579,-13.369905641298251,-11.039347443687287,-1.4353657543856435,1.8621011853409564,-0.8439700702945291,1.5789787049493915,0,0,0,0,1,0,0,0,0,0,0.0
3840_2008,0.04758129912728186,0.04926917822755852,0.29377030165328616,0.4136784197693853,0.015824900680548728,0.01772403182049461,1.9449725668841369,1.54247047718831,0.06880321329336371,0.053792805842418925,-8.966735718782648,-9.095866872529617,0.2480320664160366,-0.12982011622644254,2.7080502011022096,2.7080502011022096,0,1,0,0,0,0,0,0,0,0,0.0
3840_2009,0.04926917822755852,0.05404350143149903,0.4136784197693853,0.4986769351294738,0.01772403182049461,0.02742375565496755,1.54247047718831,1.3836479884260808,0.053792805842418925,0.13437909121128735,-9.095866872529617,-8.792384571709633,-0.12982011622644254,0.42204951740007823,2.7080502011022096,2.7080502011022096,0,1,0,0,0,0,0,0,0,0,0.0
3840_2010,0.05404350143149903,0.03306393342603025,0.4986769351294738,0.324269566511754,0.02742375565496755,0.13218024686006907,1.3836479884260808,1.5598783935022598,0.13437909121128735,0.1171757593804582,-8.792384571709633,-8.554369449931546,0.42204951740007823,0.1282098299300784,2.7080502011022096,2.7080502011022096,0,1,0,0,0,0,0,0,0,0,0.0
38412_2008,-0.11242579439157133,-0.1010033619441842,0.20846332313788807,0.10111939107909997,0.4667663290539628,0.6013209917010162,1.613586346784732,1.2816089624658693,0.14168159823418167,0.17679337812786275,-12.229676049416788,-12.243492392774534,-0.8745512089696665,-0.3878278436825757,0.23111172096338664,-0.020202707317519462,0,0,0,0,1,0,0,0,0,0,0.0
38412_2009,-0.1010033619441842,-0.24007129065795335,0.10111939107909997,0.054596762215951285,0.6013209917010162,0.5713748205356701,1.2816089624658693,1.2472519074995003,0.17679337812786275,0.2148818590228692,-12.243492392774534,-12.01048052803871,-0.3878278436825757,-0.2861871797226009,-0.020202707317519462,-0.2876820724517809,0,0,0,0,1,0,0,0,0,0,0.0
38412_2010,-0.24007129065795335,-0.04428545022564255,0.054596762215951285,0.01373692017077602,0.5713748205356701,0.11384016121833453,1.2472519074995003,4.237707077438052,0.2148818590228692,0.18610355885163926,-12.01048052803871,-10.72283216551581,-0.2861871797226009,0.954529674315104,-0.2876820724517809,1.1786549963416462,0,0,0,0,1,0,0,0,0,0,0.0
38425_2008,-0.02745582553784001,0.031137923269292305,0.2453424410240319,0.1345122254749742,0.11119106488877624,0.21581785642326334,2.595895101378788,2.013710831612125,0.1119838773825844,0.19990134621123576,-11.348266632827425,-10.470019127828957,0.07473436190262936,0.4861353129201935,1.6992786164338898,2.2915241456346207,0,0,0,0,0,0,1,0,0,0,0.0
38425_2009,0.031137923269292305,0.10732683183190626,0.1345122254749742,0.25749019568957393,0.21581785642326334,0.27043452968231224,2.013710831612125,0.9842195747723496,0.19990134621123576,0.15648683999171045,-10.470019127828957,-10.66128763711522,0.4861353129201935,-0.1675814373147539,2.2915241456346207,1.6193882432872684,0,0,0,0,0,0,1,0,0,0,0.0
38425_2010,0.10732683183190626,0.00744386905226207,0.25749019568957393,0.18017421708521714,0.27043452968231224,0.17361424383833995,0.9842195747723496,1.982282322934644,0.15648683999171045,0.12364629397354696,-10.66128763711522,-10.114516943693138,-0.1675814373147539,0.4364217340286055,1.6193882432872684,2.4630018143999504,0,0,0,0,0,0,1,0,0,0,0.0
38432_2008,-0.011374736796405237,-0.026464810030836217,0.03564768311767248,0.04144607671533559,0.24859049171463696,0.14706295961849986,2.576993720900432,3.3477008821789243,0.09573767360449653,0.20552619230449956,-10.69995543010702,-11.272189555242006,0.06898685148109032,-0.6887326227961347,2.7080502011022096,2.271094425902674,0,1,0,0,0,0,0,0,0,0,0.0
38432_2009,-0.026464810030836217,-0.07572706420258835,0.04144607671533559,0.12555330525572864,0.14706295961849986,0.3359339639287165,3.3477008821789243,1.779564400984026,0.20552619230449956,0.1679613215171822,-11.272189555242006,-11.685102465505686,-0.6887326227961347,-0.6246679622499562,2.271094425902674,1.3737155789130306,0,1,0,0,0,0,0,0,0,0,0.0
38432_2010,-0.07572706420258835,0.056290765572392466,0.12555330525572864,0.05772921995316033,0.3359339639287165,0.3996880352061711,1.779564400984026,1.509571538446027,0.1679613215171822,0.2209590740746853,-11.685102465505686,-11.768845958387,-0.6246679622499562,0.09256128301993356,1.3737155789130306,1.5238800240724537,0,1,0,0,0,0,0,0,0,0,0.0
38439_2008,-0.01901916094582381,-0.016898485511240482,0.19385802899032306,0.1836962470258469,0.04882521547241535,0.07531251900221456,4.6083557952444885,3.492969308026815,0.13975010924906325,0.1158129281742567,-11.778291150899193,-12.548103950778284,-0.3343831545726861,-0.879247329368169,0.4933538778539508,-0.2744368457017603,0,0,0,0,0,0,1,0,0,0,0.0
38439_2009,-0.016898485511240482,-0.043591388093711055,0.1836962470258469,0.2766871240286229,0.07531251900221456,0.12920988001939712,3.492969308026815,2.114283798194679,0.1158129281742567,0.1649355827551202,-12.548103950778284,-12.353270476910833,-0.879247329368169,0.02671631052591644,-0.2744368457017603,-0.579818495252942,0,0,0,0,0,0,1,0,0,0,0.0
38439_2010,-0.043591388093711055,-0.01936401619626175,0.2766871240286229,0.3086326273742642,0.12920988001939712,0.2268320717759533,2.114283798194679,1.4447080355396649,0.1649355827551202,0.5329953267708467,-12.353270476910833,-12.601653212378167,0.02671631052591644,1.2645397957548452,-0.579818495252942,1.175573329804238,0,0,0,0,0,0,1,0,0,0,0.0
38443_2008,0.014226821549643625,-0.221982074320824,0.09284214018975356,0.109867664889696,0.43151561820156703,0.23044914465878266,1.1860507754980432,1.4343469280835328,0.08633131794986057,0.052198934456044996,-12.299623479562545,-12.500319816240847,-0.3094123244838338,-0.19778719166130648,0.9895411936137476,0.7975071958841882,0,0,0,0,0,0,1,0,0,0,0.0
38443_2009,-0.221982074320824,-0.28797525107604016,0.109867664889696,0.2658267575322812,0.23044914465878266,0.4358859397417503,1.4343469280835328,0.8983382799084929,0.052198934456044996,0.1226991356729774,-12.500319816240847,-13.08050728352188,-0.19778719166130648,-0.5695129728416071,0.7975071958841882,-0.1743533871447778,0,0,0,0,0,0,1,0,0,0,0.0
38443_2010,-0.28797525107604016,0.8454898944579755,0.2658267575322812,0.2676579925650558,0.4358859397417503,0.7767380250395249,0.8983382799084929,0.7743920622441509,0.1226991356729774,0.2478679563837989,-13.08050728352188,-13.269470870690556,-0.5695129728416071,-0.040762640724176735,-0.1743533871447778,-0.07257069283483537,0,0,0,0,0,0,1,0,0,0,0.0
38459_2008,-0.05746134981746659,-0.007418759976922561,0.10287776770016176,0.08609088688868675,0.08010499544441252,0.06569283643687153,1.4938534466832558,2.0443851143832377,0.10948739756903697,0.10948216152829196,-11.197616135854599,-10.812031621513109,-0.4037442055092017,0.3948534091111129,1.7681496035889213,2.1610215286722587,0,0,0,0,1,0,0,0,0,0,0.0
38459_2009,-0.007418759976922561,-0.4941348118464247,0.08609088688868675,0.26209735213962976,0.06569283643687153,0.0992243341798078,2.0443851143832377,0.5573473950194817,0.10948216152829196,0.3329817359534105,-10.812031621513109,-10.86785100317391,0.3948534091111129,-0.6440056343634122,2.1610215286722587,1.0152306797290584,0,0,0,0,1,0,0,0,0,0,0.0
38459_2010,-0.4941348118464247,0.021400573411094238,0.26209735213962976,0.2361848424727732,0.0992243341798078,0.06353283809250898,0.5573473950194817,0.7415711246144303,0.3329817359534105,0.10020037719781348,-10.86785100317391,-10.76618061592205,-0.6440056343634122,0.1526883271816224,1.0152306797290584,1.3454723665996355,0,0,0,0,1,0,0,0,0,0,0.0
38463_2008,0.028105689905320915,0.03987707918818887,0.3516093300166534,0.4690154071801293,0.013475315474081328,0.023093276168359714,2.718530634160388,1.9718527454282797,0.08540383290353609,0.10877469110496857,-10.244783951222637,-10.155855536474002,0.4621382782111846,-0.05180300596191376,2.7080502011022096,2.7080502011022096,0,0,0,1,0,0,0,0,0,0,0.0
38463_2009,0.03987707918818887,0.046636156118063835,0.4690154071801293,0.5885123468907767,0.023093276168359714,0.007836605277320741,1.9718527454282797,1.3962271446840957,0.10877469110496857,0.11972777667065145,-10.155855536474002,-9.634966290107425,-0.05180300596191376,0.6997484673636994,2.7080502011022096,2.7080502011022096,0,0,0,1,0,0,0,0,0,0,0.0
38463_2010,0.046636156118063835,0.03181605990252768,0.5885123468907767,0.5970036287586906,0.007836605277320741,0.011415340375075468,1.3962271446840957,1.1607874719331173,0.11972777667065145,0.11772852177502127,-9.634966290107425,-10.33984146121378,0.6997484673636994,-0.5592217563052937,2.7080502011022096,2.659559991941776,0,0,0,1,0,0,0,0,0,0,0.0
3860_2008,0.03978389713528697,0.0,0.5953374663704049,0.0,0.036405609299312726,0.0,1.6745603508230522,0.0,0.06518109318519265,0.0,-9.131216045521406,0.0,-0.07315655867384444,0.0,2.7080502011022096,0.0,0,0,0,0,0,1,0,0,0,0,0.0
3860_2009,0.0,0.0,0.0,0.0,0.0,0.0,0.0,0.0,0.0,0.0,0.0,0.0,0.0,0.0,0.0,0.0,0,0,0,0,0,1,0,0,0,0,0.0
3860_2010,0.0,0.033058397979712516,0.0,0.6011076720952141,0.0,0.046013330518493566,0.0,1.313246371200799,0.0,0.06810618181181498,0.0,-9.06179287730492,0.0,-0.35576184160901364,0.0,2.7080502011022096,0,0,0,0,0,1,0,0,0,0,0.0
3911_2008,0.04171400294472754,0.008482644760229313,0.4498619169551904,0.4670817056365626,0.04902925908193145,0.04111635296165899,2.1925333349381675,2.2661637454743397,0.03591478111209735,0.07261162688021934,-8.538229548861112,-8.560530745776846,-0.004922396122269232,-0.15179192548646295,2.7080502011022096,2.7080502011022096,1,0,0,0,0,0,0,0,0,0,0.0
3911_2009,0.008482644760229313,0.02824539309246463,0.4670817056365626,0.535138460538707,0.04111635296165899,0.05983326159978879,2.2661637454743397,1.605519158178912,0.07261162688021934,0.12914656595163898,-8.560530745776846,-8.431617015713513,-0.15179192548646295,-0.06732635366576184,2.7080502011022096,2.5870118727251543,1,0,0,0,0,0,0,0,0,0,0.0
3911_2010,0.02824539309246463,0.040765014756393284,0.535138460538707,0.41725354337069975,0.05983326159978879,0.06952516208348472,1.605519158178912,2.0943036175493392,0.12914656595163898,0.09808109824903756,-8.431617015713513,-8.237962622612892,-0.06732635366576184,0.20498967258251555,2.5870118727251543,2.7080502011022096,1,0,0,0,0,0,0,0,0,0,0.0
39130_2008,0.0242696762385344,0.0,0.3759988647104285,0.0,0.109756894033969,0.0,2.1585301448359244,0.0,0.09029592589784116,0.0,-7.6034869246776875,0.0,0.17647082725844154,0.0,2.637627736805664,0.0,0,0,0,0,0,0,1,0,0,0,0.0
39130_2009,0.0,0.0,0.0,0.0,0.0,0.0,0.0,0.0,0.0,0.0,0.0,0.0,0.0,0.0,0.0,0.0,0,0,0,0,0,0,1,0,0,0,0.0
39130_2010,0.0,0.0,0.0,0.0,0.0,0.0,0.0,0.0,0.0,0.0,0.0,0.0,0.0,0.0,0.0,0.0,0,0,0,0,0,0,1,0,0,0,0.0
39140_2008,0.06519691373051238,0.007373319101533902,0.6316480213371718,0.6036419927597887,0.035032757215583764,0.051354520759806316,1.1864874815905744,0.9490099219422956,0.0828069209204947,0.09791399926228933,-9.814547421113872,-9.952726940016511,-0.0586380100554366,-0.12490903531322108,2.0149030205422647,1.8840347453372257,1,0,0,0,0,0,0,0,0,0,0.0
39140_2009,0.007373319101533902,-0.19601180265425408,0.6036419927597887,0.7912297610990336,0.051354520759806316,0.03181869863533696,0.9490099219422956,1.5512265131061662,0.09791399926228933,0.20062484621628904,-9.952726940016511,-10.201390099130522,-0.12490903531322108,-0.24884440139351974,1.8840347453372257,1.1474024528375415,1,0,0,0,0,0,0,0,0,0,0.0
39140_2010,-0.19601180265425408,0.038761232181838884,0.7912297610990336,0.6050296757823023,0.03181869863533696,0.12731749862677758,1.5512265131061662,1.8706196004495093,0.20062484621628904,0.26457308958180176,-10.201390099130522,-9.572873407848638,-0.24884440139351974,0.9963591911330316,1.1474024528375415,2.0108949991447256,1,0,0,0,0,0,0,0,0,0,0.0
3914_2008,0.01702181777116768,0.027861320137729864,0.015898527770233355,0.03736694700824947,0.11765300477075813,0.11704297580374327,3.108254840685848,1.9176173251526571,0.12094979878643401,0.11217370312812976,-9.614555937027921,-9.54799980495209,-0.18640096442369494,-0.07086302167873808,2.7080502011022096,2.7080502011022096,1,0,0,0,0,0,0,0,0,0,0.0
3914_2009,0.027861320137729864,0.02156049448078961,0.03736694700824947,0.0459331883831055,0.11704297580374327,0.17220686094158105,1.9176173251526571,1.9655357107623672,0.11217370312812976,0.13962045428654016,-9.54799980495209,-8.453597381635994,-0.07086302167873808,0.9131066981404234,2.7080502011022096,2.7080502011022096,1,0,0,0,0,0,0,0,0,0,0.0
3914_2010,0.02156049448078961,0.02207556604185239,0.0459331883831055,0.02850285546652335,0.17220686094158105,0.1695710646365988,1.9655357107623672,2.0012987246774125,0.13962045428654016,0.15728052811233426,-8.453597381635994,-8.553348071697291,0.9131066981404234,-0.3175016408328662,2.7080502011022096,2.7080502011022096,1,0,0,0,0,0,0,0,0,0,0.0
39150_2008,0.019121086897312557,0.019042068801208772,0.2942200034836756,0.4316792713353096,0.16904126946183612,0.0512301239708268,1.8078493831263391,1.3395365157544508,0.08343931486006728,0.09468934772679163,-9.974898576190666,-10.262517797774986,-0.07179536218898852,-0.40239059667040417,2.7080502011022096,2.7080502011022096,0,0,0,0,1,0,0,0,0,0,0.0
39150_2009,0.019042068801208772,0.016791663937271068,0.4316792713353096,0.4507384206371983,0.0512301239708268,0.01996198509876672,1.3395365157544508,1.6129055227058284,0.09468934772679163,0.11229918765143908,-10.262517797774986,-9.468965672827077,-0.40239059667040417,0.5818797313555338,2.7080502011022096,2.7080502011022096,0,0,0,0,1,0,0,0,0,0,0.0
39150_2010,0.016791663937271068,-0.010044322904281209,0.4507384206371983,0.503074281455966,0.01996198509876672,0.04225288772888608,1.6129055227058284,1.1528067890001026,0.11229918765143908,0.08662052626415266,-9.468965672827077,-10.010632977837492,0.5818797313555338,-0.4886778158323439,2.7080502011022096,2.7080502011022096,0,0,0,0,1,0,0,0,0,0,0.0
39159_2008,-0.08940741931078995,-0.04627652596174139,0.17559287713112898,0.09399996577601924,0.18739153377975784,0.10894443736726324,4.797165672295806,6.049074754645268,0.16348782168657944,0.08354169008673193,-10.631572634459852,-10.203757977423564,-0.1095254392129863,0.3578665774080344,1.4906543764441336,1.8609745382495282,0,0,0,0,1,0,0,0,0,0,0.0
39159_2009,-0.04627652596174139,-0.13923215718358273,0.09399996577601924,0.11831261039286385,0.10894443736726324,0.16142330292277493,6.049074754645268,4.512795459303996,0.08354169008673193,0.1690783254196536,-10.203757977423564,-10.248491965529663,0.3578665774080344,0.01375731841729272,1.8609745382495282,1.2208299213923592,0,0,0,0,1,0,0,0,0,0,0.0
39159_2010,-0.13923215718358273,0.0,0.11831261039286385,0.0,0.16142330292277493,0.0,4.512795459303996,0.0,0.1690783254196536,0.0,-10.248491965529663,0.0,0.01375731841729272,0.0,1.2208299213923592,0.0,0,0,0,0,1,0,0,0,0,0,0.0
39160_2008,-1.598273965648532,-0.19737750172532775,0.2138928843387765,0.05185842452923199,0.7083509603181317,1.1176180617174405,0.7144010518788494,0.8660296991364018,0.4428723449624013,0.1872549576905548,-14.823502259799158,-14.799857325279586,-0.3524392229389882,0.0715851325895582,-0.5621189181535413,-0.527632742082372,1,0,0,0,0,0,0,0,0,0,1.0
39160_2009,-0.19737750172532775,-0.1581405511703493,0.05185842452923199,0.052713517056783114,1.1176180617174405,1.3926747330183271,0.8660296991364018,0.7073067769545613,0.1872549576905548,0.400114076091235,-14.799857325279586,-14.632586835545268,0.0715851325895582,1.3186452720444313,-0.527632742082372,0.24451357705040214,1,0,0,0,0,0,0,0,0,0,1.0
39160_2010,-0.1581405511703493,0.0,0.052713517056783114,0.0,1.3926747330183271,0.0,0.7073067769545613,0.0,0.400114076091235,0.0,-14.632586835545268,0.0,1.3186452720444313,0.0,0.24451357705040214,0.0,1,0,0,0,0,0,0,0,0,0,1.0
39177_2008,0.04590482311793042,0.052205538365945416,0.37519224175867655,0.2561944310479882,0.09256688781701797,0.028119011106715868,1.5571427717853572,1.4317000091090917,0.13828474584037448,0.10715592154375643,-10.192065737778504,-10.167401776687486,-0.01938278073255921,0.06801803171080201,2.427454075039915,2.4561641809223462,0,0,0,0,0,0,1,0,0,0,0.0
39177_2009,0.052205538365945416,-0.07451960000701463,0.2561944310479882,0.5287426555303495,0.028119011106715868,0.3214082957830189,1.4317000091090917,0.7492238122956785,0.10715592154375643,0.16551179271487376,-10.167401776687486,-10.468885687614543,0.06801803171080201,-0.24865712670782786,2.4561641809223462,1.6505798557652755,0,0,0,0,0,0,1,0,0,0,0.0
39177_2010,-0.07451960000701463,0.006938394003924758,0.5287426555303495,0.2887654729971905,0.3214082957830189,0.30813212062148704,0.7492238122956785,1.3961266525933338,0.16551179271487376,0.16194203940107935,-10.468885687614543,-9.900472770736307,-0.24865712670782786,0.3515093086804961,1.6505798557652755,2.444952334280968,0,0,0,0,0,0,1,0,0,0,0.0
392_2008,0.06311495305513896,0.05541531814548994,0.14585329188599086,0.05488118506326509,0.0019523715157790317,0.013970547506191987,1.858841416500732,2.3701373116912885,0.05808650088420434,0.06162697910273157,-11.37795615965808,-10.894302107889548,0.01786213925224919,0.2896655970613484,2.7080502011022096,2.7080502011022096,0,0,0,0,1,0,0,0,0,0,0.0
392_2009,0.05541531814548994,0.07619995350280491,0.05488118506326509,0.07057748932655912,0.013970547506191987,0.08145763842886172,2.3701373116912885,1.7393089904637495,0.06162697910273157,0.0941911880064308,-10.894302107889548,-10.62350144836478,0.2896655970613484,0.1871827248270585,2.7080502011022096,2.7080502011022096,0,0,0,0,1,0,0,0,0,0,0.0
392_2010,0.07619995350280491,0.051929496990228884,0.07057748932655912,0.04938589816478574,0.08145763842886172,0.07684443287920588,1.7393089904637495,2.268927487624959,0.0941911880064308,0.1377030365955221,-10.62350144836478,-10.37966932125692,0.1871827248270585,0.34708626427217626,2.7080502011022096,2.7080502011022096,0,0,0,0,1,0,0,0,0,0,0.0
397_2008,0.030497465988094507,0.038277976049840214,0.2721696799042116,0.1365109367422311,0.0011803412568613982,0.007008468358680378,3.2669121900648936,4.393306709992864,0.08326658529795877,0.15907084037498334,-11.642316164357865,-10.714460511848968,0.34337446571704633,0.8147650790942051,2.7080502011022096,2.7080502011022096,0,1,0,0,0,0,0,0,0,0,0.0
397_2009,0.038277976049840214,0.059122893733652114,0.1365109367422311,0.3282413113529957,0.007008468358680378,0.021482520172567285,4.393306709992864,1.533979133958013,0.15907084037498334,0.3022179825819869,-10.714460511848968,-11.738317124821165,0.8147650790942051,-0.8835620689902244,2.7080502011022096,2.186051276738094,0,1,0,0,0,0,0,0,0,0,0.0
397_2010,0.059122893733652114,-0.022240473215497436,0.3282413113529957,0.4597904879566843,0.021482520172567285,0.08744682643305395,1.533979133958013,1.4580615050770045,0.3022179825819869,0.14599501385891614,-11.738317124821165,-11.860272565546815,-0.8835620689902244,-0.17231229517364188,2.186051276738094,2.145931282948669,0,1,0,0,0,0,0,0,0,0,0.0
40143_2008,0.042996562663699334,0.036479284296851135,0.03808247841248991,0.02963558114850363,0.046762133800098984,0.06518005166425052,5.082582222848363,5.066086718931278,0.07934835968000525,0.10370390598129776,-6.6924710870374255,-7.041443874835153,0.07310931640840643,-0.42221534168072905,2.7080502011022096,2.7080502011022096,0,0,1,0,0,0,0,0,0,0,0.0
40143_2009,0.036479284296851135,0.07469933364384324,0.02963558114850363,0.07231150773067106,0.06518005166425052,0.06667186568038037,5.066086718931278,4.161717920358456,0.10370390598129776,0.13687872650303445,-7.041443874835153,-7.0530263152413175,-0.42221534168072905,-0.013894281706020915,2.7080502011022096,2.7080502011022096,0,0,1,0,0,0,0,0,0,0,0.0
40143_2010,0.07469933364384324,0.06620108865957082,0.07231150773067106,0.09221184896357276,0.06667186568038037,0.08499754675280839,4.161717920358456,3.5897300275239608,0.13687872650303445,0.1713412289142496,-7.0530263152413175,-6.747726475918019,-0.013894281706020915,0.6204162972315229,2.7080502011022096,2.7080502011022096,0,0,1,0,0,0,0,0,0,0,0.0
40193_2008,0.013378738170328374,0.013909200711505329,0.7996416588690463,0.8428076569838199,0.04473801619680653,0.0375637012845749,1.9469381267122148,1.5075075963356337,0.05024369035331954,0.05797350890120896,-11.448870475685766,-11.807848310113346,-0.1402517253161818,-0.4075428155958369,2.7080502011022096,2.7080502011022096,0,0,0,0,0,1,0,0,0,0,0.0
40193_2009,0.013909200711505329,0.013567239641069366,0.8428076569838199,0.8954808243348003,0.0375637012845749,0.034797075597712966,1.5075075963356337,0.9267585331113896,0.05797350890120896,0.10981410691304894,-11.807848310113346,-11.810222260478234,-0.4075428155958369,-0.12267316940967847,2.7080502011022096,2.309560706730471,0,0,0,0,0,1,0,0,0,0,0.0
40193_2010,0.013567239641069366,0.0027136039158023122,0.8954808243348003,0.8675884479177967,0.034797075597712966,0.10007997089976332,0.9267585331113896,0.896237220244342,0.10981410691304894,0.15398055145760467,-11.810222260478234,-11.761973800928494,-0.12267316940967847,-0.5374945014143079,2.309560706730471,2.0617866064411148,0,0,0,0,0,1,0,0,0,0,0.0
40199_2008,-0.14201852517029384,-0.07569278315587673,0.008701098465053613,0.034644322421507986,0.11279009604923447,0.3670191008589809,5.120867990731679,2.401415898642378,0.13631431110792855,0.2322658163051427,-11.994570387371654,-12.525874343502913,-0.2149756369479097,-0.7181908593173775,1.308332819650179,0.6151856390902335,0,0,0,0,1,0,0,0,0,0,0.0
40199_2009,-0.07569278315587673,-0.21915752845217004,0.034644322421507986,0.03677632524062634,0.3670191008589809,0.35148206675286114,2.401415898642378,2.472436299273572,0.2322658163051427,0.17154421837645306,-12.525874343502913,-12.4693313659217,-0.7181908593173775,0.13042451847866282,0.6151856390902335,0.17395330712343798,0,0,0,0,1,0,0,0,0,0,0.0
40199_2010,-0.21915752845217004,-0.11139589556855743,0.03677632524062634,0.06590220978710187,0.35148206675286114,0.1792172439654454,2.472436299273572,4.6380760246603066,0.17154421837645306,0.15918002113475235,-12.4693313659217,-10.890705296744905,0.13042451847866282,0.8949589675932087,0.17395330712343798,1.631199404215613,0,0,0,0,1,0,0,0,0,0,0.0
40213_2008,0.04097622272481592,0.029650909932700018,0.16583229608601852,0.11101547940552473,0.030728737497016288,0.02719406168108344,2.306886377477829,2.930282206341433,0.06268924115422378,0.26000964249983466,-10.459929731990346,-10.035639034294732,-0.08851592895322995,-0.6766164469799044,2.7080502011022096,2.7080502011022096,0,0,0,0,0,0,0,1,0,0,0.0
40213_2009,0.029650909932700018,0.03209101250464665,0.11101547940552473,0.12935419680883448,0.02719406168108344,0.006890264516465825,2.930282206341433,3.0504130139962258,0.26000964249983466,0.17399970448575305,-10.035639034294732,-9.380813436325164,-0.6766164469799044,0.8489334891661551,2.7080502011022096,2.7080502011022096,0,0,0,0,0,0,0,1,0,0,0.0
40213_2010,0.03209101250464665,0.02611247048678338,0.12935419680883448,0.16619275958567478,0.006890264516465825,0.020856064090093215,3.0504130139962258,2.3360086524368615,0.17399970448575305,0.11004762630078617,-9.380813436325164,-9.93307173796313,0.8489334891661551,-0.4773782270258988,2.7080502011022096,2.7080502011022096,0,0,0,0,0,0,0,1,0,0,0.0
40216_2008,-0.047497828698321566,-0.07035368558035772,0.019923748140611368,0.012830812540666871,0.13801547862452632,0.05604558673164513,1.8090120879058105,2.323056785650254,0.1668610724277897,0.11384168625725605,-11.741200747668856,-11.591690609237414,-0.33345165804020066,0.16990910857792846,2.4283362982996057,2.580216829592325,0,1,0,0,0,0,0,0,0,0,0.0
40216_2009,-0.07035368558035772,-0.2403457153365208,0.012830812540666871,0.06807843440893517,0.05604558673164513,0.040785118367820984,2.323056785650254,2.1591367758254183,0.11384168625725605,0.06745697716827619,-11.591690609237414,-11.309192695160569,0.16990910857792846,0.0959134095230232,2.580216829592325,2.1804174590198384,0,1,0,0,0,0,0,0,0,0,0.0
40216_2010,-0.2403457153365208,-0.2467415534178328,0.06807843440893517,0.1895338517966516,0.040785118367820984,0.06351202590269032,2.1591367758254183,1.6299973373759271,0.06745697716827619,0.17878115673470182,-11.309192695160569,-12.210490723072665,0.0959134095230232,-1.01310005758559,2.1804174590198384,1.4469189829363254,0,1,0,0,0,0,0,0,0,0,0.0
4040_2008,0.0,0.0,0.0,0.0,0.0,0.0,0.0,0.0,0.0,0.0,0.0,0.0,0.0,0.0,0.0,0.0,0,0,0,0,0,1,0,0,0,0,0.0
4040_2009,0.0,0.04017118636024745,0.0,0.13351768757926732,0.0,0.12422939526143625,0.0,3.0347157592370237,0.0,0.08012498842670532,0.0,-7.8686693203768385,0.0,-0.14692973333839782,0.0,2.7080502011022096,0,0,0,0,0,1,0,0,0,0,0.0
4040_2010,0.04017118636024745,0.0,0.13351768757926732,0.0,0.12422939526143625,0.0,3.0347157592370237,0.0,0.08012498842670532,0.0,-7.8686693203768385,0.0,-0.14692973333839782,0.0,2.7080502011022096,0.0,0,0,0,0,0,1,0,0,0,0,0.0
4062_2008,0.02046449571329546,0.013347368123705686,0.5783428437823949,0.6008697265185365,0.0070914139821851175,0.0059333141465348,1.4560250179951475,1.2319398425252075,0.06815357728679887,0.054642416544192884,-8.397380748695737,-8.105640455674333,-0.14999100254113776,0.07951826366402696,2.7080502011022096,2.7080502011022096,0,0,0,1,0,0,0,0,0,0,0.0
4062_2009,0.013347368123705686,-0.032455542515541266,0.6008697265185365,0.7884326195223107,0.0059333141465348,0.020295373406985867,1.2319398425252075,0.5106408936530645,0.054642416544192884,0.32179262505576306,-8.105640455674333,-8.265344274510742,0.07951826366402696,-0.2618644768241365,2.7080502011022096,2.6440448711262983,0,0,0,1,0,0,0,0,0,0,0.0
4062_2010,-0.032455542515541266,-0.012581480284361308,0.7884326195223107,0.6140233874084694,0.020295373406985867,0.055983864933962735,0.5106408936530645,1.1145235249048184,0.32179262505576306,0.19922281444899306,-8.265344274510742,-8.279189023894679,-0.2618644768241365,-0.05007290687527252,2.6440448711262983,2.7080502011022096,0,0,0,1,0,0,0,0,0,0,0.0
4111_2008,0.022824146776820816,0.013533464566929136,0.210879509963618,0.2406257937515875,0.5887459399354292,0.4883159766319533,1.2637875041200444,1.4785319308743938,0.08139197966150538,0.08697945002460837,-13.53368003841226,-13.41878662848158,-0.6563404224357543,0.1491495395058214,1.7281094421515992,1.9329696377795784,0,0,0,0,0,0,1,0,0,0,0.0
4111_2009,0.013533464566929136,-0.08008766510066333,0.2406257937515875,0.42118884135181456,0.4883159766319533,0.6545738566815497,1.4785319308743938,0.7300533303141739,0.08697945002460837,0.12257257111615368,-13.41878662848158,-14.171218027969143,0.1491495395058214,-0.3574021167528393,1.9329696377795784,1.0224509277025455,0,0,0,0,0,0,1,0,0,0,0.0
4111_2010,-0.08008766510066333,0.0,0.42118884135181456,0.0,0.6545738566815497,0.0,0.7300533303141739,0.0,0.12257257111615368,0.0,-14.171218027969143,0.0,-0.3574021167528393,0.0,1.0224509277025455,0.0,0,0,0,0,0,0,1,0,0,0,0.0
41157_2008,-0.1524942822023882,-0.12496212160792465,0.10520511455077652,0.08680160081921819,0.2488437473802037,0.1315242264971108,3.6017284867138737,6.069617879516064,0.15083969128793973,0.1359920216655895,-12.028374682139322,-11.896688751803387,-0.0943737551511589,0.11919302490337275,1.0402767116551463,1.1693813595563172,0,0,0,0,1,0,0,0,0,0,0.0
41157_2009,-0.12496212160792465,-0.4063812833488388,0.08680160081921819,0.3475579993408455,0.1315242264971108,0.2059649313102574,6.069617879516064,15.6391,0.1359920216655895,0.2895026913976495,-11.896688751803387,-13.123357521693947,0.11919302490337275,-1.070132993305605,1.1693813595563172,-0.5621189181535413,0,0,0,0,1,0,0,0,0,0,0.0
41157_2010,-0.4063812833488388,-0.06515392686600191,0.3475579993408455,0.14044354349424334,0.2059649313102574,0.1772175390259745,15.6391,6.870752956883418,0.2895026913976495,0.3748330109113453,-13.123357521693947,-11.319815393296333,-1.070132993305605,0.5253577865736138,-0.5621189181535413,1.2208299213923592,0,0,0,0,1,0,0,0,0,0,0.0
4120_2008,0.0,0.0,0.0,0.0,0.0,0.0,0.0,0.0,0.0,0.0,0.0,0.0,0.0,0.0,0.0,0.0,0,0,0,0,0,1,0,0,0,0,0.0
4120_2009,0.0,0.0,0.0,0.0,0.0,0.0,0.0,0.0,0.0,0.0,0.0,0.0,0.0,0.0,0.0,0.0,0,0,0,0,0,1,0,0,0,0,0.0
4120_2010,0.0,0.0,0.0,0.0,0.0,0.0,0.0,0.0,0.0,0.0,0.0,0.0,0.0,0.0,0.0,0.0,0,0,0,0,0,1,0,0,0,0,0.0
41257_2008,0.04342287885948785,0.059191537949189625,0.04868988553024585,0.08999290696299801,0.11779797224518344,0.04362145672526592,3.2780190813692704,2.3030774810380232,0.08467242487457169,0.06601110014903187,-10.261210903582416,-10.801100424079118,-0.037193509512335535,-0.3550694978644633,2.4630018143999504,1.9473377010464987,0,0,1,0,0,0,0,0,0,0,0.0
41257_2009,0.059191537949189625,0.03383397446618722,0.08999290696299801,0.08698890561409378,0.04362145672526592,0.059858393265317514,2.3030774810380232,2.0033920217026755,0.06601110014903187,0.16482172882648524,-10.801100424079118,-10.554536347366048,-0.3550694978644633,-0.06063801669642273,1.9473377010464987,1.7263316639055997,0,0,1,0,0,0,0,0,0,0,0.0
41257_2010,0.03383397446618722,-0.05384997346026745,0.08698890561409378,0.08428757185116396,0.059858393265317514,0.1304374976708489,2.0033920217026755,1.9862903264567948,0.16482172882648524,0.20845824369211646,-10.554536347366048,-10.907329351615449,-0.06063801669642273,-0.02044263823321929,1.7263316639055997,1.5953389880545987,0,0,1,0,0,0,0,0,0,0,0.0
41271_2008,0.0187787828000996,0.02746846048104376,0.16496454523960472,0.3032576601784596,0.01037802369788234,0.009609487477733223,2.522058238045705,1.8551923302666933,0.1790553411223743,0.11447784661139385,-10.370211807837137,-10.310439545963431,-0.4089884088551393,-0.16097741116752926,2.7080502011022096,2.7080502011022096,0,0,0,0,0,0,0,0,0,0,0.0
41271_2009,0.02746846048104376,-0.10525625627637106,0.3032576601784596,0.3869967245651432,0.009609487477733223,0.00865102269102968,1.8551923302666933,1.6009065928409925,0.11447784661139385,0.2481631138100325,-10.310439545963431,-9.711075148000004,-0.16097741116752926,0.3574455388192341,2.7080502011022096,2.7080502011022096,0,0,0,0,0,0,0,0,0,0,0.0
41271_2010,-0.10525625627637106,-0.2646709375079212,0.3869967245651432,0.3715875113424227,0.00865102269102968,0.05209345995137612,1.6009065928409925,1.6342563903485563,0.2481631138100325,0.4281902458127412,-9.711075148000004,-10.049647689791056,0.3574455388192341,-0.7974271925866118,2.7080502011022096,2.620311286794203,0,0,0,0,0,0,0,0,0,0,0.0
41367_2008,0.04115049561306968,0.0382280650441547,0.17155069526479624,0.1307135987629323,0.0070649901405457766,0.008071873206702138,2.4361502056152298,2.6702010520449866,0.03501486438016413,0.15329373694098605,-8.956608245423205,-8.69463869055807,-0.12411419753171707,-0.2002860501915316,2.7080502011022096,2.7080502011022096,0,0,0,1,0,0,0,0,0,0,0.0
41367_2009,0.0382280650441547,0.04016598378127402,0.1307135987629323,0.2389046156503797,0.008071873206702138,0.006725266496769807,2.6702010520449866,2.8341407578091733,0.15329373694098605,0.07983675756446945,-8.69463869055807,-8.153442823499468,-0.2002860501915316,0.4409442537592912,2.7080502011022096,2.7080502011022096,0,0,0,1,0,0,0,0,0,0,0.0
41367_2010,0.04016598378127402,0.0465927906598864,0.2389046156503797,0.22292678405507216,0.006725266496769807,0.006775598804450811,2.8341407578091733,2.5219819440037248,0.07983675756446945,0.07427653506355644,-8.153442823499468,-8.420816249483853,0.4409442537592912,-0.19628023102135211,2.7080502011022096,2.7080502011022096,0,0,0,1,0,0,0,0,0,0,0.0
41388_2008,0.012775724252665587,0.01296372768069541,0.8036543125925091,0.8455559880395263,0.02549098580591791,0.023075890262080186,1.8855647504019768,1.5302858467080749,0.04222904545473343,0.10226208326900343,-10.261570252273867,-10.503711282707474,0.04261069421074862,-0.25942858700014704,2.7080502011022096,2.7080502011022096,0,0,0,0,0,1,0,0,0,0,0.0
41388_2009,0.01296372768069541,0.0008435819109616996,0.8455559880395263,0.8258692811546694,0.023075890262080186,0.020048669581960263,1.5302858467080749,2.004175094594782,0.10226208326900343,0.14913675655883973,-10.503711282707474,-9.876477545291298,-0.25942858700014704,0.4288458343413915,2.7080502011022096,2.7080502011022096,0,0,0,0,0,1,0,0,0,0,0.0
41388_2010,0.0008435819109616996,-0.01731299351885743,0.8258692811546694,0.904223612505354,0.020048669581960263,0.04534101912845077,2.004175094594782,0.8616251674953943,0.14913675655883973,0.26173426186831383,-9.876477545291298,-10.744530799295967,0.4288458343413915,-0.6531219651481615,2.7080502011022096,2.489064659936664,0,0,0,0,0,1,0,0,0,0,0.0
41391_2008,-0.12796192870585954,-0.056613448574922,0.03361509947205712,0.1093857165467879,0.2934330641685637,0.12884268467979826,2.551313557855388,6.13049075234166,0.10469273537862404,0.10409054094387314,-10.753636335644755,-9.724146064810393,-0.15978925359899288,0.437023884250938,1.673351238177753,2.4336133554004498,0,0,0,0,1,0,0,0,0,0,0.0
41391_2009,-0.056613448574922,-0.10401195576076558,0.1093857165467879,0.13223231984701295,0.12884268467979826,0.11578524154517382,6.13049075234166,5.007614987362175,0.10409054094387314,0.13260615170127038,-9.724146064810393,-9.306314316966183,0.437023884250938,0.3958946380867488,2.4336133554004498,2.190535589185423,0,0,0,0,1,0,0,0,0,0,0.0
41391_2010,-0.10401195576076558,-0.06785645928562599,0.13223231984701295,0.15130321485583192,0.11578524154517382,0.21665834829753666,5.007614987362175,3.5504915743174306,0.13260615170127038,0.1853657252237661,-9.306314316966183,-9.181672349924494,0.3958946380867488,-0.2897824070765592,2.190535589185423,2.318458442150336,0,0,0,0,1,0,0,0,0,0,0.0
41393_2008,0.00870024025871516,0.00836166511631644,0.8903716752527167,0.9115036717187268,0.02173735692810709,0.02753560783772344,1.300304617519026,0.993417422184468,0.0394103219899297,0.04466110333836977,-12.230925847960144,-12.489458191479097,0.0067356378450905705,-0.1464417592070151,2.7080502011022096,2.6311691567662523,0,0,0,0,0,1,0,0,0,0,0.0
41393_2009,0.00836166511631644,0.007396447228131606,0.9115036717187268,0.946363622669048,0.02753560783772344,0.04288734268531708,0.993417422184468,0.656680020902282,0.04466110333836977,0.06392897718900314,-12.489458191479097,-12.395556368798509,-0.1464417592070151,0.08865532054798825,2.6311691567662523,2.2310890912889763,0,0,0,0,0,1,0,0,0,0,0.0
41393_2010,0.007396447228131606,0.0048548659464243745,0.946363622669048,0.9465995057231176,0.04288734268531708,0.04610691280371119,0.656680020902282,0.6095702951546473,0.06392897718900314,0.08913428294870447,-12.395556368798509,-12.654154969554956,0.08865532054798825,-0.3319184392287186,2.2310890912889763,2.219746814685041,0,0,0,0,0,1,0,0,0,0,0.0
41456_2008,0.035452310478024836,0.0339901687273622,0.3810501010875701,0.4044171524408116,0.01632091318589095,0.020317028690526588,1.3393345165945747,1.2792285205047194,0.03565614476749367,0.057564017491414536,-8.492068323184947,-8.494153346420529,-0.02031543625221821,-0.11789118146116925,2.7080502011022096,2.7080502011022096,0,0,0,0,0,0,0,0,0,0,0.0
41456_2009,0.0339901687273622,0.056589683491599825,0.4044171524408116,0.5018302680643802,0.020317028690526588,0.010108562733472987,1.2792285205047194,1.0118803392260254,0.057564017491414536,0.08624777010208835,-8.494153346420529,-8.163741361523675,-0.11789118146116925,0.13557212389796025,2.7080502011022096,2.7080502011022096,0,0,0,0,0,0,0,0,0,0,0.0
41456_2010,0.056589683491599825,0.03968190946083777,0.5018302680643802,0.404046098952874,0.010108562733472987,0.010941707517637385,1.0118803392260254,1.3119578717180949,0.08624777010208835,0.06909423718390284,-8.163741361523675,-7.998547509727918,0.13557212389796025,-0.16522550812917836,2.7080502011022096,2.7080502011022096,0,0,0,0,0,0,0,0,0,0,0.0
41460_2008,0.007924942560247897,0.006250706438772354,0.8613409080002938,0.901609704437366,0.02297718735812133,0.0415379189096807,1.3095407475844951,0.8713327976002158,0.040678068741043336,0.04200088811884568,-11.679321218072756,-11.68464987351535,-0.21272386872828855,-0.3693666519233589,2.7080502011022096,2.643333886382519,0,0,0,0,0,1,0,0,0,0,0.0
41460_2009,0.006250706438772354,-0.03809552106410218,0.901609704437366,0.954874429331968,0.0415379189096807,0.026045655006343555,0.8713327976002158,0.6275574301718349,0.04200088811884568,0.07743079265049829,-11.68464987351535,-12.043910459612643,-0.3693666519233589,-0.4429453248924919,2.643333886382519,1.790091412127358,0,0,0,0,0,1,0,0,0,0,0.0
41460_2010,-0.03809552106410218,0.0015915646879206108,0.954874429331968,0.9655316133792218,0.026045655006343555,0.025909326780638727,0.6275574301718349,0.499917568876016,0.07743079265049829,0.1303245840501854,-12.043910459612643,-12.531699718554234,-0.4429453248924919,-0.6956886084639242,1.790091412127358,1.5368672195992648,0,0,0,0,0,1,0,0,0,0,0.0
41464_2008,0.012467422947619256,0.013178302928522649,0.7674373062198312,0.8197747049088934,0.07328589261514452,0.0263370098675605,2.014954402556699,1.4528662239269037,0.14932958697979293,0.07564754785474054,-10.82667888010291,-11.155508131812036,-0.18863809734194856,-0.28370354763073224,2.7080502011022096,2.7080502011022096,0,0,0,0,0,1,0,0,0,0,0.0
41464_2009,0.013178302928522649,0.010251212806955451,0.8197747049088934,0.8197895775463583,0.0263370098675605,0.02439377527053549,1.4528662239269037,1.4957039568993715,0.07564754785474054,0.1082784804310735,-11.155508131812036,-10.569796778579937,-0.28370354763073224,0.4645243679324141,2.7080502011022096,2.7080502011022096,0,0,0,0,0,1,0,0,0,0,0.0
41464_2010,0.010251212806955451,0.006320052937938261,0.8197895775463583,0.8939194799360262,0.02439377527053549,0.06573445958246636,1.4957039568993715,0.959437362927555,0.1082784804310735,0.19888463925024147,-10.569796778579937,-11.306185982923564,0.4645243679324141,-0.4686188644344334,2.7080502011022096,2.6741486494265287,0,0,0,0,0,1,0,0,0,0,0.0
4147_2008,0.0294961260251572,0.0,0.3352192772659137,0.0,0.040614684116703145,0.0,2.8072167095150964,0.0,0.0744598074639939,0.0,-8.126543755363159,0.0,-0.09197904092229313,0.0,2.5733752977756086,0.0,0,0,1,0,0,0,0,0,0,0,0.0
4147_2009,0.0,0.0,0.0,0.0,0.0,0.0,0.0,0.0,0.0,0.0,0.0,0.0,0.0,0.0,0.0,0.0,0,0,1,0,0,0,0,0,0,0,0.0
4147_2010,0.0,0.0,0.0,0.0,0.0,0.0,0.0,0.0,0.0,0.0,0.0,0.0,0.0,0.0,0.0,0.0,0,0,1,0,0,0,0,0,0,0,0.0
41562_2008,-0.00831109856946639,0.016200626418471257,0.04169577313140562,0.018464789567598748,0.045399985849988736,0.055311349387328235,3.4523912412317537,4.56073387031324,0.1418500092142175,0.115264899895307,-10.203771922479737,-9.556392542562502,-0.3205132646325144,0.6018724127821341,2.0294631718735947,2.6665335208992764,0,1,0,0,0,0,0,0,0,0,0.0
41562_2009,0.016200626418471257,0.010579658838727544,0.018464789567598748,0.050876610692698575,0.055311349387328235,0.14363843106888294,4.56073387031324,2.4367347417347758,0.115264899895307,0.1982902755148696,-9.556392542562502,-10.088495887124148,0.6018724127821341,-0.3573457665551291,2.6665335208992764,1.6639260977181702,0,1,0,0,0,0,0,0,0,0,0.0
41562_2010,0.010579658838727544,-3.4152282294568893e-06,0.050876610692698575,0.07078060505549404,0.14363843106888294,0.15540996058143575,2.4367347417347758,2.043587221837745,0.1982902755148696,0.09976712513899848,-10.088495887124148,-10.504725064041432,-0.3573457665551291,-0.4429881080761145,1.6639260977181702,1.4770487243883548,0,1,0,0,0,0,0,0,0,0,0.0
41564_2008,0.015102425759312322,0.012946818788241249,0.6921251814749757,0.7927542899204122,0.05760738915571222,0.03244352946588765,3.1423100632825296,1.9542445028875093,0.2257624397604255,0.16972141465435822,-10.752298211023765,-11.176197363080382,-0.4283766061149358,-0.3720630134711017,2.7080502011022096,2.7080502011022096,0,0,0,0,0,1,0,0,0,0,0.0
41564_2009,0.012946818788241249,0.004960131269203753,0.7927542899204122,0.8305075615799689,0.03244352946588765,0.048573943979521854,1.9542445028875093,1.6255418344211514,0.16972141465435822,0.14208158065994952,-11.176197363080382,-10.949183039596567,-0.3720630134711017,0.08016177850126788,2.7080502011022096,2.449279472144849,0,0,0,0,0,1,0,0,0,0,0.0
41564_2010,0.004960131269203753,-0.006754207870014324,0.8305075615799689,0.9181479923314358,0.048573943979521854,0.0484451030429813,1.6255418344211514,0.745654089648717,0.14208158065994952,0.3254851775924373,-10.949183039596567,-12.113704468549564,0.08016177850126788,-0.9216616830052504,2.449279472144849,1.4816045409242156,0,0,0,0,0,1,0,0,0,0,0.0
41580_2008,0.03373896625122148,0.011106808175237844,0.40115101055392377,0.30039821743219897,0.018338935619209986,0.001902889560007546,3.3624925021976475,4.233278167402884,0.2505616197762083,0.09947569161379087,-7.085079680425022,-6.66606696969374,-1.0062119121618356,0.3949256403685438,2.7080502011022096,2.7080502011022096,0,0,0,0,0,0,0,0,0,0,0.0
41580_2009,0.011106808175237844,0.07344007918804588,0.30039821743219897,0.5327736924588893,0.001902889560007546,0.034636605779616386,4.233278167402884,1.8838830374074724,0.09947569161379087,0.2038137682671618,-6.66606696969374,-7.165822295865545,0.3949256403685438,-0.4416177143991283,2.7080502011022096,2.7080502011022096,0,0,0,0,0,0,0,0,0,0,0.0
41580_2010,0.07344007918804588,0.024458519910948717,0.5327736924588893,0.3383046593840596,0.034636605779616386,0.053959358518398254,1.8838830374074724,2.6432879745468703,0.2038137682671618,0.09533545933719699,-7.165822295865545,-6.709132534498641,-0.4416177143991283,0.2957464615769356,2.7080502011022096,2.7080502011022096,0,0,0,0,0,0,0,0,0,0,0.0
41584_2008,-0.0487180197491192,-0.14273798909537644,0.13958109302635988,0.2582144192486739,0.5894767062639612,0.8321657634263689,1.17055147715075,0.7506986681125837,0.07780127791181228,0.07994034131303683,-12.135881622332425,-12.783739140952914,-0.4124139733819762,-0.6968702185618114,1.0612565021243408,0.41871033485818493,0,0,0,0,1,0,0,0,0,0,0.0
41584_2009,-0.14273798909537644,-0.2637639143396329,0.2582144192486739,0.44670842108142106,0.8321657634263689,0.9103191751223914,0.7506986681125837,0.5330431414500987,0.07994034131303683,0.18317321090369987,-12.783739140952914,-12.869093971112466,-0.6968702185618114,-0.35207927353130425,0.41871033485818493,-0.16251892949777494,0,0,0,0,1,0,0,0,0,0,0.0
41584_2010,-0.2637639143396329,-0.1650260973132028,0.44670842108142106,0.3156373699513084,0.9103191751223914,0.3174939573335201,0.5330431414500987,1.1431940267066136,0.18317321090369987,0.2743633304955343,-12.869093971112466,-12.44560388294236,-0.35207927353130425,0.3372622943082373,-0.16251892949777494,0.49469624183610705,0,0,0,0,1,0,0,0,0,0,0.0
4162_2008,0.02310355581495958,0.04275526034815335,0.3603785419528261,0.3463128896963834,0.014633021365319056,0.021943925013125063,2.224493397253022,1.938507935785996,0.03820561878466326,0.0520447976531824,-8.42880654776716,-8.440323078694252,0.0665175105831268,-0.016346180750487768,2.7080502011022096,2.7080502011022096,0,1,0,0,0,0,0,0,0,0,0.0
4162_2009,0.04275526034815335,0.06289248016375959,0.3463128896963834,0.3989567341186524,0.021943925013125063,0.030768691182777187,1.938507935785996,1.748042550843603,0.0520447976531824,0.13488612768428465,-8.440323078694252,-8.152279033963469,-0.016346180750487768,0.19919701695945766,2.7080502011022096,2.7080502011022096,0,1,0,0,0,0,0,0,0,0,0.0
4162_2010,0.06289248016375959,0.029287857452898764,0.3989567341186524,0.4674272212564723,0.030768691182777187,0.1526373137299359,1.748042550843603,1.7368334180562943,0.13488612768428465,0.17047813525023045,-8.152279033963469,-8.311207707444867,0.19919701695945766,0.03996554398683039,2.7080502011022096,2.7080502011022096,0,1,0,0,0,0,0,0,0,0,0.0
4163_2008,0.011454874218704112,0.012681887085773941,0.8216773191199496,0.8775368534450243,0.02147788916007021,0.024317920738292014,1.8369472544885488,1.2837634497091088,0.03816316604164915,0.05964218888706298,-6.283504687156858,-6.638027014499307,0.012979646817649446,-0.3375242988136373,2.7080502011022096,2.7080502011022096,0,0,0,0,0,1,0,0,0,0,0.0
4163_2009,0.012681887085773941,0.010037337700222365,0.8775368534450243,0.8985234402902149,0.024317920738292014,0.020609911973004314,1.2837634497091088,1.1638289610999846,0.05964218888706298,0.16806758236654318,-6.638027014499307,-6.249100318248973,-0.3375242988136373,0.14332417547192286,2.7080502011022096,2.7080502011022096,0,0,0,0,0,1,0,0,0,0,0.0
4163_2010,0.010037337700222365,0.005107112937530983,0.8985234402902149,0.8952295987789509,0.020609911973004314,0.017476744038280118,1.1638289610999846,1.0721220733325254,0.16806758236654318,0.16990026159931154,-6.249100318248973,-6.344026318214804,0.14332417547192286,-0.04830540086466115,2.7080502011022096,2.7080502011022096,0,0,0,0,0,1,0,0,0,0,0.0
41671_2008,0.025943195696542343,0.01861581512672475,0.31914789686275397,0.32981177421911184,0.02463922873898295,0.03016444906146726,3.4035974434202254,3.541184979745017,0.08982319054238773,0.07885404399059019,-7.84604381653239,-7.686723753676341,0.2860510380771486,0.08190874335820053,2.7080502011022096,2.7080502011022096,0,0,0,0,0,0,1,0,0,0,0.0
41671_2009,0.01861581512672475,0.031573365553339526,0.32981177421911184,0.5755598857611547,0.03016444906146726,0.09999595226296168,3.541184979745017,4.517218259115553,0.07885404399059019,0.15932495047936635,-7.686723753676341,-7.868878169811747,0.08190874335820053,0.3369439783520306,2.7080502011022096,2.7080502011022096,0,0,0,0,0,0,1,0,0,0,0.0
41671_2010,0.031573365553339526,0.017266539173567366,0.5755598857611547,0.5949829996654182,0.09999595226296168,0.0945869602707906,4.517218259115553,5.786532792298878,0.15932495047936635,0.15741275775355273,-7.868878169811747,-7.986439157676568,0.3369439783520306,0.14350383142818365,2.7080502011022096,2.7080502011022096,0,0,0,0,0,0,1,0,0,0,0.0
41673_2008,0.021356242705871317,0.039815586145210115,0.3688563966829577,0.4256106541764327,0.017454555657738017,0.02520500232438849,2.1303573394264297,1.9218879916506062,0.057535774424633125,0.06489326916488437,-7.014081351127832,-7.374705026279241,-0.18551497468213254,-0.039083064470813694,2.7080502011022096,2.7080502011022096,0,0,0,0,0,0,1,0,0,0,0.0
41673_2009,0.039815586145210115,0.03102726687190693,0.4256106541764327,0.551355110102741,0.02520500232438849,0.031908395027952716,1.9218879916506062,0.8899258686169677,0.06489326916488437,0.2155696891369124,-7.374705026279241,-7.839939945036428,-0.039083064470813694,-0.5380918003182249,2.7080502011022096,2.7080502011022096,0,0,0,0,0,0,1,0,0,0,0.0
41673_2010,0.03102726687190693,0.007427784261794677,0.551355110102741,0.3842949005700947,0.031908395027952716,0.03022315617004085,0.8899258686169677,1.050556509113748,0.2155696891369124,0.07671393077470492,-7.839939945036428,-7.036203748324013,-0.5380918003182249,0.09080010749773904,2.7080502011022096,2.7080502011022096,0,0,0,0,0,0,1,0,0,0,0.0
41680_2008,0.035821635186213695,0.028541462051336525,0.3162956735608849,0.4484866496391096,0.0027978335978774745,0.006248266016643942,1.8517557880667292,1.6924858910431264,0.03768587346788349,0.05179424943424782,-6.644840278256504,-5.540811506795208,0.08776534529977092,-0.08479588511805902,2.7080502011022096,2.7080502011022096,0,0,0,1,0,0,0,0,0,0,0.0
41680_2009,0.028541462051336525,0.03611410178379774,0.4484866496391096,0.5088839202751064,0.006248266016643942,0.015486364225799512,1.6924858910431264,1.6489283684402392,0.05179424943424782,0.07614046346316923,-5.540811506795208,-5.293570494854492,-0.08479588511805902,0.3339079478384443,2.7080502011022096,2.7080502011022096,0,0,0,1,0,0,0,0,0,0,0.0
41680_2010,0.03611410178379774,0.03733736080152044,0.5088839202751064,0.5035414610312963,0.015486364225799512,0.025966830534258342,1.6489283684402392,1.4711036651257596,0.07614046346316923,0.0869373036494495,-5.293570494854492,-5.510413519114664,0.3339079478384443,-0.3282032381070851,2.7080502011022096,2.7080502011022096,0,0,0,1,0,0,0,0,0,0,0.0
41694_2008,0.025003133605424967,0.02407825723246089,0.6616642171484621,0.6801371780112975,0.11794351219663715,0.10361303845753342,3.170769572387314,3.0947783058724654,0.05051700477093192,0.058939415753315925,-7.620323874013665,-7.771294053394308,0.02954416564431805,-0.09032347989765194,2.7080502011022096,2.7080502011022096,0,0,0,0,0,1,0,0,0,0,0.0
41694_2009,0.02407825723246089,0.01624147677584066,0.6801371780112975,0.7776076025977573,0.10361303845753342,0.10988457884644673,3.0947783058724654,1.9991091811535149,0.058939415753315925,0.09262303443516974,-7.771294053394308,-7.548234611980053,-0.09032347989765194,0.07892143396893009,2.7080502011022096,2.7080502011022096,0,0,0,0,0,1,0,0,0,0,0.0
41694_2010,0.01624147677584066,0.024547060222771186,0.7776076025977573,0.7506468598716832,0.10988457884644673,0.10502554990290684,1.9991091811535149,1.848529626805744,0.09262303443516974,0.08541649743069038,-7.548234611980053,-7.712239738009463,0.07892143396893009,-0.2333193153886043,2.7080502011022096,2.7080502011022096,0,0,0,0,0,1,0,0,0,0,0.0
41698_2008,0.008194886451111025,0.008793170532195423,0.8723486755466697,0.8772246452783803,0.04013084100323487,0.04676310496902635,1.4305335671114323,1.267470426755951,0.06268701747372186,0.037295002708316115,-12.61297840562027,-12.663586990933885,-0.12822049454405746,-0.11617491483533485,2.7080502011022096,2.7080502011022096,0,0,0,0,0,1,0,0,0,0,0.0
41698_2009,0.008793170532195423,0.001198585787442678,0.8772246452783803,0.9036684142087004,0.04676310496902635,0.06300882414284058,1.267470426755951,1.1447497707496672,0.037295002708316115,0.13425363226601408,-12.663586990933885,-12.395946499993153,-0.11617491483533485,0.3878282988629052,2.7080502011022096,2.392425796993835,0,0,0,0,0,1,0,0,0,0,0.0
41698_2010,0.001198585787442678,0.0035757738206888268,0.9036684142087004,0.9300610374957571,0.06300882414284058,0.03239447075430693,1.1447497707496672,0.9832787324087292,0.13425363226601408,0.07463483414028843,-12.395946499993153,-12.904686633207138,0.3878282988629052,-0.3998802510966082,2.392425796993835,2.2192034840549946,0,0,0,0,0,1,0,0,0,0,0.0
41702_2008,-0.01806451176240666,-0.05421631936027162,0.00962786361259778,0.01593849078717056,0.2768459186487826,0.4133254690720108,2.4369621941790496,1.5143763811580593,0.15252065907563414,0.10643753930237036,-10.680418787597668,-11.329002682762704,0.037654080020763765,-0.5494141473353816,2.224623551524334,1.5789787049493915,0,0,0,0,0,0,1,0,0,0,0.0
41702_2009,-0.05421631936027162,-0.26138105239257536,0.01593849078717056,0.0574019413066924,0.4133254690720108,0.6254612022478289,1.5143763811580593,0.8267582756109855,0.10643753930237036,0.19244988764126586,-11.329002682762704,-11.680217240245184,-0.5494141473353816,-0.13804908974973654,1.5789787049493915,0.7419373447293773,0,0,0,0,0,0,1,0,0,0,0.0
41702_2010,-0.26138105239257536,0.0,0.0574019413066924,0.0,0.6254612022478289,0.0,0.8267582756109855,0.0,0.19244988764126586,0.0,-11.680217240245184,0.0,-0.13804908974973654,0.0,0.7419373447293773,0.0,0,0,0,0,0,0,1,0,0,0,0.0
41703_2008,-0.04398686901272532,-0.099497372629655,0.3274208815557441,0.18413400627245727,0.04994501064481306,0.0906460077124916,2.8231928575012453,6.699040716265187,0.04889505502641594,0.1447313756858732,-11.377623167229414,-10.907729286234494,-0.0839776404273146,0.4658421119597908,1.6639260977181702,2.1198634561787517,0,0,1,0,0,0,0,0,0,0,0.0
41703_2009,-0.099497372629655,-0.03750474743638435,0.18413400627245727,0.2823429893312157,0.0906460077124916,0.04086247971549909,6.699040716265187,2.8465781283702585,0.1447313756858732,0.1206834756688766,-10.907729286234494,-10.76256363280179,0.4658421119597908,-0.0500519192158192,2.1198634561787517,1.5953389880545987,0,0,1,0,0,0,0,0,0,0,0.0
41703_2010,-0.03750474743638435,-0.032242311408769826,0.2823429893312157,0.6435498717179795,0.04086247971549909,0.027856045081967217,2.8465781283702585,2.5159105181947097,0.1206834756688766,0.12362943771239825,-10.76256363280179,-11.191344011568976,-0.0500519192158192,-0.4867869830541655,1.5953389880545987,1.4011829736136412,0,0,1,0,0,0,0,0,0,0,0.0
41813_2008,-0.002449519939013031,0.01963530532297467,0.06113758665474056,0.14827466298748962,0.04067207216967483,0.02392375237510902,2.809756286582022,2.894397824808141,0.1900440212698016,0.08513828695776428,-10.486426072453515,-10.327063151555397,-0.23365880751336185,0.22442872687167345,2.7080502011022096,2.7080502011022096,0,0,0,0,1,0,0,0,0,0,0.0
41813_2009,0.01963530532297467,0.04432409122041552,0.14827466298748962,0.08149970827731412,0.02392375237510902,0.14437736231957587,2.894397824808141,1.5083431645038092,0.08513828695776428,0.1470125840464454,-10.327063151555397,-9.984389916780962,0.22442872687167345,0.13639163191350445,2.7080502011022096,2.5610957881455465,0,0,0,0,1,0,0,0,0,0,0.0
41813_2010,0.04432409122041552,0.02366852528359931,0.08149970827731412,0.10326005682667863,0.14437736231957587,0.07167638701959025,1.5083431645038092,1.6093919120728453,0.1470125840464454,0.1830452656104821,-9.984389916780962,-10.071154504790043,0.13639163191350445,0.3508535742596952,2.5610957881455465,2.6939512767227085,0,0,0,0,1,0,0,0,0,0,0.0
41815_2008,0.010083456431005573,0.007606658084332724,0.8900140996268444,0.9021071888339318,0.0258018458401183,0.028466246584005237,1.310569726618438,1.0008520542820925,0.04073239470310452,0.04232922755541918,-12.376433059026134,-12.601074225107247,-0.1503236876410709,-0.2868742265634051,2.7080502011022096,2.7080502011022096,0,0,0,0,0,1,0,0,0,0,0.0
41815_2009,0.007606658084332724,0.009350628566856138,0.9021071888339318,0.9203072294952508,0.028466246584005237,0.017434311739058784,1.0008520542820925,0.9191266544422606,0.04232922755541918,0.06413662021728768,-12.601074225107247,-12.142659268184705,-0.2868742265634051,0.3308771194605877,2.7080502011022096,2.7080502011022096,0,0,0,0,0,1,0,0,0,0,0.0
41815_2010,0.009350628566856138,0.0011678530203289015,0.9203072294952508,0.947307198533692,0.017434311739058784,0.02144587802394644,0.9191266544422606,0.7159870572243779,0.06413662021728768,0.06836521229674797,-12.142659268184705,-12.627726559225602,0.3308771194605877,-0.402747436497115,2.7080502011022096,2.4488475999722983,0,0,0,0,0,1,0,0,0,0,0.0
41819_2008,0.0,0.0,0.0,0.0,0.0,0.0,0.0,0.0,0.0,0.0,0.0,0.0,0.0,0.0,0.0,0.0,0,0,0,0,0,0,0,0,0,0,0.0
41819_2009,0.0,0.0,0.0,0.0,0.0,0.0,0.0,0.0,0.0,0.0,0.0,0.0,0.0,0.0,0.0,0.0,0,0,0,0,0,0,0,0,0,0,0.0
41819_2010,0.0,0.0,0.0,0.0,0.0,0.0,0.0,0.0,0.0,0.0,0.0,0.0,0.0,0.0,0.0,0.0,0,0,0,0,0,0,0,0,0,0,0.0
4181_2008,0.02624755593305514,0.0343166597497759,0.3687807908750493,0.5230497395349564,0.09252394967183164,0.14785425960407322,1.713316992277894,1.2549477671381004,0.06103641799636447,0.04929929576737599,-6.955891593591173,-7.270245760319171,-0.17680508056162558,-0.2302270568335546,2.7080502011022096,2.5014359517392113,0,1,0,0,0,0,0,0,0,0,0.0
4181_2009,0.0343166597497759,0.011313267118560505,0.5230497395349564,0.59458210052884,0.14785425960407322,0.1145944978357561,1.2549477671381004,1.2518196649787816,0.04929929576737599,0.12498527818837846,-7.270245760319171,-7.115898393962993,-0.2302270568335546,0.11299352811410003,2.5014359517392113,2.154085084675601,0,1,0,0,0,0,0,0,0,0,0.0
4181_2010,0.011313267118560505,0.005724826300818886,0.59458210052884,0.509046928546552,0.1145944978357561,0.1499441878588219,1.2518196649787816,1.4718268878424108,0.12498527818837846,0.13699491867772146,-7.115898393962993,-7.065315833534764,0.11299352811410003,0.18935875712276828,2.154085084675601,2.4362414778067194,0,1,0,0,0,0,0,0,0,0,0.0
41820_2008,-0.0010539591049462374,-0.010660798310589449,0.04954808202250671,0.08333779506135877,0.12689043410870954,0.16486176109686396,2.288550670959814,1.5162078726973924,0.13894844440256282,0.13061926478044525,-10.358361213649742,-10.842098653255237,-0.3095947551528225,-0.2264787967831789,2.670694414558441,2.1983350716202463,0,0,0,0,0,0,1,0,0,0,0.0
41820_2009,-0.010660798310589449,-1.6739732207651858,0.08333779506135877,0.3472347301179832,0.16486176109686396,0.7123584227635738,1.5162078726973924,0.6489093349414202,0.13061926478044525,0.2598370184310493,-10.842098653255237,-12.243646804192293,-0.2264787967831789,-1.3715542416406898,2.1983350716202463,0.3646431135879093,0,0,0,0,0,0,1,0,0,0,0.0
41820_2010,-1.6739732207651858,-0.14552016532941087,0.3472347301179832,0.14634381728570905,0.7123584227635738,0.2903497941702081,0.6489093349414202,1.9900797029574304,0.2598370184310493,0.19575485881444146,-12.243646804192293,-11.479925867045903,-1.3715542416406898,0.6459120253301511,0.3646431135879093,1.3480731482996928,0,0,0,0,0,0,1,0,0,0,0.0
41822_2008,0.01616071585769823,0.0007141239297058313,0.08251149478715708,0.20896410564932225,0.09898059985177132,0.18173450819228704,2.130289676139857,2.3326259423133378,0.08228677294796534,0.04013075897852995,-9.652352739361673,-9.39998126519612,-0.06291956427502024,0.27014260759297165,2.7080502011022096,2.7080502011022096,0,0,0,0,1,0,0,0,0,0,0.0
41822_2009,0.0007141239297058313,0.0030237640234504863,0.20896410564932225,0.2653024260575253,0.18173450819228704,0.13759592316783026,2.3326259423133378,1.733347406186157,0.04013075897852995,0.14992362208881954,-9.39998126519612,-9.221091273893157,0.27014260759297165,0.13032293422598173,2.7080502011022096,2.7080502011022096,0,0,0,0,1,0,0,0,0,0,0.0
41822_2010,0.0030237640234504863,0.012055449702260902,0.2653024260575253,0.2721703357230572,0.13759592316783026,0.1701616141800948,1.733347406186157,1.5595849450824009,0.14992362208881954,0.14618398148743347,-9.221091273893157,-9.514511355502524,0.13032293422598173,-0.3874841299048264,2.7080502011022096,2.7080502011022096,0,0,0,0,1,0,0,0,0,0,0.0
41860_2008,0.0,0.0,0.0,0.0,0.0,0.0,0.0,0.0,0.0,0.0,0.0,0.0,0.0,0.0,0.0,0.0,0,0,0,0,0,1,0,0,0,0,0.0
41860_2009,0.0,0.0,0.0,0.0,0.0,0.0,0.0,0.0,0.0,0.0,0.0,0.0,0.0,0.0,0.0,0.0,0,0,0,0,0,1,0,0,0,0,0.0
41860_2010,0.0,0.0,0.0,0.0,0.0,0.0,0.0,0.0,0.0,0.0,0.0,0.0,0.0,0.0,0.0,0.0,0,0,0,0,0,1,0,0,0,0,0.0
41870_2008,0.04255138187715995,0.04661303434757276,0.053600973791816116,0.07121569771700427,0.013670491888875477,0.028117329565064585,2.9533643502309586,2.3903306818554717,0.05777280990506445,0.06478993553810004,-6.522838622920525,-6.7199030037444105,0.023156138907027474,-0.2584757969247038,2.7080502011022096,2.7080502011022096,0,0,0,0,1,0,0,0,0,0,0.0
41870_2009,0.04661303434757276,0.07988318190735358,0.07121569771700427,0.14921380113286134,0.028117329565064585,0.02026732154684566,2.3903306818554717,1.5090699023078944,0.06478993553810004,0.13339284818472713,-6.7199030037444105,-6.762743994781574,-0.2584757969247038,-0.2389721500640845,2.7080502011022096,2.7080502011022096,0,0,0,0,1,0,0,0,0,0,0.0
41870_2010,0.07988318190735358,0.05046049598714558,0.14921380113286134,0.15100166265013126,0.02026732154684566,0.053330287228120686,1.5090699023078944,1.9214483133186016,0.13339284818472713,0.08334072771015902,-6.762743994781574,-6.670232004569678,-0.2389721500640845,0.18813532533220573,2.7080502011022096,2.7080502011022096,0,0,0,0,1,0,0,0,0,0,0.0
41871_2008,0.04076633825256086,0.03824888539771847,0.27877376179392344,0.2444081710273225,0.14323870970363026,0.10909246403780566,5.025031917757917,5.6942046164073625,0.051375133067037365,0.05414393912836327,-6.314569679202798,-6.324025613070318,0.053053705682355234,-0.06360181568691864,2.7080502011022096,2.7080502011022096,0,0,0,0,0,0,1,0,0,0,0.0
41871_2009,0.03824888539771847,0.04895870814722054,0.2444081710273225,0.2664142201760721,0.10909246403780566,0.10484962378217727,5.6942046164073625,5.2576304404961185,0.05414393912836327,0.06553500864435666,-6.324025613070318,-5.977030153793561,-0.06360181568691864,0.3658972686958588,2.7080502011022096,2.7080502011022096,0,0,0,0,0,0,1,0,0,0,0.0
41871_2010,0.04895870814722054,0.05419189517148521,0.2664142201760721,0.2993217539032195,0.10484962378217727,0.15506625232647128,5.2576304404961185,4.417474010131961,0.06553500864435666,0.07074816017142943,-5.977030153793561,-5.9355722061896214,0.3658972686958588,-0.022893083602398227,2.7080502011022096,2.7080502011022096,0,0,0,0,0,0,1,0,0,0,0.0
4196_2008,0.035311699085336115,0.04159894684479517,0.30728514557674724,0.3688160498323356,0.0156570416774745,0.013744458622891802,2.58601977424132,2.0029325095093067,0.03645006909710315,0.08425222935774104,-8.117620477830009,-8.284075649364429,0.101113818257745,-0.18086323605382326,2.7080502011022096,2.7080502011022096,1,0,0,0,0,0,0,0,0,0,0.0
4196_2009,0.04159894684479517,0.038884231748112535,0.3688160498323356,0.4543732370808754,0.013744458622891802,0.024013271398439808,2.0029325095093067,1.8078353137725616,0.08425222935774104,0.09511832734222543,-8.284075649364429,-8.131387489520831,-0.18086323605382326,0.13317103335714475,2.7080502011022096,2.7080502011022096,1,0,0,0,0,0,0,0,0,0,0.0
4196_2010,0.038884231748112535,0.032850113274794486,0.4543732370808754,0.3647446430766731,0.024013271398439808,0.040171896552655136,1.8078353137725616,1.9238190186054545,0.09511832734222543,0.08273020438253993,-8.131387489520831,-8.129645937488931,0.13317103335714475,-0.05326253805332504,2.7080502011022096,2.7080502011022096,1,0,0,0,0,0,0,0,0,0,0.0
41979_2008,0.004361590048661213,0.025385199102588376,0.8997711181912109,0.923086568449617,0.029387356726469083,0.020412067998263526,1.3208627888398174,0.800465008185995,0.031282130714448346,0.0491392105592741,-12.684785560048402,-12.942973954655097,0.03873891414755037,-0.23340788034390636,2.4423470353692043,2.194999882314108,0,0,0,0,0,1,0,0,0,0,0.0
41979_2009,0.025385199102588376,0.0044054625853381865,0.923086568449617,0.9645868584486276,0.020412067998263526,0.025166675687824026,0.800465008185995,0.38682213585045344,0.0491392105592741,0.06250778693861192,-12.942973954655097,-13.16501553029339,-0.23340788034390636,-0.2873826371273746,2.194999882314108,1.4816045409242156,0,0,0,0,0,1,0,0,0,0,0.0
41979_2010,0.0044054625853381865,0.005076197591831692,0.9645868584486276,0.9666584584663664,0.025166675687824026,0.0968826768033738,0.38682213585045344,0.3787901572993156,0.06250778693861192,0.16316828152280005,-13.16501553029339,-13.346470771392944,-0.2873826371273746,-0.06217331068969241,1.4816045409242156,1.534714366238164,0,0,0,0,0,1,0,0,0,0,0.0
41980_2008,0.017461382800007277,0.0430267155207137,0.1088855779928288,0.07332678549440673,0.1025209755597919,0.16875973244031492,3.9506422164159085,2.892037202504321,0.06656006156031342,0.08490107903357216,-10.08848544837188,-9.52199645806887,0.3704626628435008,0.2446907156239324,2.7080502011022096,2.7080502011022096,0,0,0,0,1,0,0,0,0,0,0.0
41980_2009,0.0430267155207137,0.027800160456128882,0.07332678549440673,0.16383173780279978,0.16875973244031492,0.2631423707305648,2.892037202504321,1.540252853919503,0.08490107903357216,0.19483511983437085,-9.52199645806887,-9.928982472967322,0.2446907156239324,-0.2996102000547414,2.7080502011022096,2.502255288122613,0,0,0,0,1,0,0,0,0,0,0.0
41980_2010,0.027800160456128882,0.0009784755219142153,0.16383173780279978,0.17620492979768695,0.2631423707305648,0.3729446229133844,1.540252853919503,1.4633165307462916,0.19483511983437085,0.17210238153049562,-9.928982472967322,-10.187075018846533,-0.2996102000547414,0.106632796771005,2.502255288122613,2.458733775483977,0,0,0,0,1,0,0,0,0,0,0.0
42001_2008,0.10587341776419956,0.051246808044860884,0.330432959901005,0.34004891319487124,0.007530274936519502,0.0071582432050538184,1.8526371913164763,2.148309440882571,0.0993484577113704,0.06200137902621607,-5.853037490356601,-5.529291925409738,-0.18669627891886284,0.3301252163751113,2.7080502011022096,2.7080502011022096,0,0,0,0,0,0,0,0,0,0,0.0
42001_2009,0.051246808044860884,0.10048757436655298,0.34004891319487124,0.4103524381896602,0.0071582432050538184,0.006474889128935025,2.148309440882571,1.443383926423646,0.06200137902621607,0.12432334495140845,-5.529291925409738,-5.417351987309165,0.3301252163751113,0.06866392016837708,2.7080502011022096,2.7080502011022096,0,0,0,0,0,0,0,0,0,0,0.0
42001_2010,0.10048757436655298,0.044816058840645136,0.4103524381896602,0.4142958221396481,0.006474889128935025,0.10289401264433833,1.443383926423646,1.3996619142138391,0.12432334495140845,0.1783487144932754,-5.417351987309165,-6.0125361495311545,0.06866392016837708,-0.6107334858663049,2.7080502011022096,2.7080502011022096,0,0,0,0,0,0,0,0,0,0,0.0
42007_2008,0.03070664850687655,0.028388028458976637,0.4873575364747834,0.485077699657629,0.02168914904132547,0.03597762989788041,1.6257958951842877,1.9698401332775384,0.06507390808531321,0.059233847841873175,-7.290011710074247,-6.817837781941877,0.10183418587727316,0.3969943172233745,2.7080502011022096,2.7080502011022096,0,0,0,1,0,0,0,0,0,0,0.0
42007_2009,0.028388028458976637,0.05782941717665437,0.485077699657629,0.6577552694284504,0.03597762989788041,0.0545683598170686,1.9698401332775384,1.062883453984435,0.059233847841873175,0.2193448586290653,-6.817837781941877,-7.1284908070196735,0.3969943172233745,-0.3954142536854998,2.7080502011022096,2.7080502011022096,0,0,0,1,0,0,0,0,0,0,0.0
42007_2010,0.05782941717665437,0.018531436053083373,0.6577552694284504,0.5606144408191788,0.0545683598170686,0.029157494953327857,1.062883453984435,1.0695465947115543,0.2193448586290653,0.14328926964799127,-7.1284908070196735,-7.05615083634735,-0.3954142536854998,0.09972349195595363,2.7080502011022096,2.7080502011022096,0,0,0,1,0,0,0,0,0,0,0.0
42114_2008,0.052670655544394464,0.03766296500820877,0.17482639647115344,0.1416211540364463,0.13079879460191293,0.06222276131591351,1.3818100439028564,1.93210990190563,0.07697377896918255,0.07765000308487292,-11.1179717645574,-10.593523842762282,-0.3127945201771288,0.5000462221232183,2.7080502011022096,2.7080502011022096,0,1,0,0,0,0,0,0,0,0,0.0
42114_2009,0.03766296500820877,0.059863377119234215,0.1416211540364463,0.18300400493228305,0.06222276131591351,0.06749279010282383,1.93210990190563,1.6396027535656876,0.07765000308487292,0.16921185215575768,-10.593523842762282,-10.393486646464305,0.5000462221232183,0.30097522307773816,2.7080502011022096,2.7080502011022096,0,1,0,0,0,0,0,0,0,0,0.0
42114_2010,0.059863377119234215,0.07933402487794372,0.18300400493228305,0.2192529280256945,0.06749279010282383,0.0818474974304838,1.6396027535656876,1.2997176680370501,0.16921185215575768,0.1787560707385631,-10.393486646464305,-10.67334481968143,0.30097522307773816,0.1033045987747082,2.7080502011022096,2.7080502011022096,0,1,0,0,0,0,0,0,0,0,0.0
42265_2008,0.02005361291705331,0.041344750629590726,0.1557132424965904,0.2436800394003027,0.0,0.015249451147594368,1.7191514149294465,1.1344359001943498,0.07220645189789753,0.07359279521220936,-9.807749411490724,-10.261758596984585,-0.005863761539944126,-0.4770917853979153,2.7080502011022096,2.65605490598383,0,0,0,0,1,0,0,0,0,0,0.0
42265_2009,0.041344750629590726,-0.3091776969857419,0.2436800394003027,0.4149052438328302,0.015249451147594368,0.03281788937258849,1.1344359001943498,1.1381752148854936,0.07359279521220936,0.17070225156347166,-10.261758596984585,-10.275943238524516,-0.4770917853979153,0.057745002922050766,2.65605490598383,2.173614711697085,0,0,0,0,1,0,0,0,0,0,0.0
42265_2010,-0.3091776969857419,0.016021360537574806,0.4149052438328302,0.26451280607883065,0.03281788937258849,0.020508968994095985,1.1381752148854936,1.218504085468867,0.17070225156347166,0.14909545343334105,-10.275943238524516,-10.383003855433378,0.057745002922050766,-0.016720464048608996,2.173614711697085,2.2935443483418965,0,0,0,0,1,0,0,0,0,0,0.0
42273_2008,0.0,0.0,0.0,0.0,0.0,0.0,0.0,0.0,0.0,0.0,0.0,0.0,0.0,0.0,0.0,0.0,0,0,0,0,1,0,0,0,0,0,0.0
42273_2009,0.0,0.0,0.0,0.0,0.0,0.0,0.0,0.0,0.0,0.0,0.0,0.0,0.0,0.0,0.0,0.0,0,0,0,0,1,0,0,0,0,0,0.0
42273_2010,0.0,0.0,0.0,0.0,0.0,0.0,0.0,0.0,0.0,0.0,0.0,0.0,0.0,0.0,0.0,0.0,0,0,0,0,1,0,0,0,0,0,0.0
42285_2008,0.0,0.0,0.0,0.0,0.0,0.0,0.0,0.0,0.0,0.0,0.0,0.0,0.0,0.0,0.0,0.0,0,0,0,0,0,1,0,0,0,0,0.0
42285_2009,0.0,0.0,0.0,0.0,0.0,0.0,0.0,0.0,0.0,0.0,0.0,0.0,0.0,0.0,0.0,0.0,0,0,0,0,0,1,0,0,0,0,0.0
42285_2010,0.0,0.0,0.0,0.0,0.0,0.0,0.0,0.0,0.0,0.0,0.0,0.0,0.0,0.0,0.0,0.0,0,0,0,0,0,1,0,0,0,0,0.0
42291_2008,0.005233583873459329,0.0031950067318296483,0.9559832758734096,0.9780861385348174,0.14447174853433115,0.12583904914961094,1.4566670397048536,1.1753254362923449,0.042910646197710255,0.06517209258981509,-5.2612096879731185,-5.294450375140843,0.1102815660744148,-0.10988001315765103,2.7080502011022096,2.7080502011022096,0,0,0,0,0,1,0,0,0,0,0.0
42291_2009,0.0031950067318296483,-0.0017535777629622456,0.9780861385348174,0.9924787379567208,0.12583904914961094,0.08164675550402943,1.1753254362923449,0.5618185769952216,0.06517209258981509,0.20313020063979254,-5.294450375140843,-5.823136016317428,-0.10988001315765103,-0.5996946715493912,2.7080502011022096,2.7080502011022096,0,0,0,0,0,1,0,0,0,0,0.0
42291_2010,-0.0017535777629622456,0.003330031812796513,0.9924787379567208,0.9794531693908493,0.08164675550402943,0.10270398757099032,0.5618185769952216,0.8511399789339154,0.20313020063979254,0.2277109024360768,-5.823136016317428,-5.419372214723366,-0.5996946715493912,0.7201718808377494,2.7080502011022096,2.7080502011022096,0,0,0,0,0,1,0,0,0,0,0.0
4230_2008,-0.017215263875848142,-0.01133359749950275,0.4929579959962442,0.4803195686623625,0.0007204398226064567,0.0010813850044015631,2.4411015277674126,2.5287625327667973,0.0774131448617025,0.0632508611117195,-10.68793539571873,-10.736566312600749,-0.5187949605480066,-0.09687902019194032,2.4849066497880004,2.4561641809223462,0,1,0,0,0,0,0,0,0,0,0.0
4230_2009,-0.01133359749950275,0.01075744295140424,0.4803195686623625,0.5954801744229047,0.0010813850044015631,0.00044376812643300115,2.5287625327667973,4.495767602924202,0.0632508611117195,0.2469969347285827,-10.736566312600749,-10.506792394393091,-0.09687902019194032,0.3354360040034249,2.4561641809223462,2.1894163948884082,0,1,0,0,0,0,0,0,0,0,0.0
4230_2010,0.01075744295140424,-0.02557277276352209,0.5954801744229047,0.6963397744183158,0.00044376812643300115,0.004959017965919746,4.495767602924202,2.7954524220250803,0.2469969347285827,0.23492392001371865,-10.506792394393091,-11.298170712385296,0.3354360040034249,-0.6512117666765254,2.1894163948884082,1.62924053973028,0,1,0,0,0,0,0,0,0,0,0.0
4234_2008,0.030683351058473755,0.0,0.6922630249769163,0.0,0.08219530528634368,0.0,1.4472603892477005,0.0,0.05051644421065315,0.0,-8.956575592475328,0.0,-0.11734797175108,0.0,2.7080502011022096,0.0,0,0,0,0,0,1,0,0,0,0,0.0
4234_2009,0.0,0.0,0.0,0.0,0.0,0.0,0.0,0.0,0.0,0.0,0.0,0.0,0.0,0.0,0.0,0.0,0,0,0,0,0,1,0,0,0,0,0.0
4234_2010,0.0,0.0,0.0,0.0,0.0,0.0,0.0,0.0,0.0,0.0,0.0,0.0,0.0,0.0,0.0,0.0,0,0,0,0,0,1,0,0,0,0,0.0
42549_2008,0.014193409311375716,0.012764871074802146,0.7697479563646266,0.7929501795320991,0.05984603951690218,0.05710220045610431,2.1193829714575743,1.9499855120742993,0.03432017595056805,0.02236334892891525,-11.738300451930074,-11.850552445694973,-0.12536773635469742,-0.09395239706370516,2.7080502011022096,2.7080502011022096,0,0,0,0,0,1,0,0,0,0,0.0
42549_2009,0.012764871074802146,0.010733960286869609,0.7929501795320991,0.8428954784295959,0.05710220045610431,0.08643928301517911,1.9499855120742993,1.7498375606586551,0.02236334892891525,0.04267122527704023,-11.850552445694973,-11.562345551142592,-0.09395239706370516,0.25094262081550833,2.7080502011022096,2.7080502011022096,0,0,0,0,0,1,0,0,0,0,0.0
42549_2010,0.010733960286869609,0.010845388375702349,0.8428954784295959,0.8431101594336412,0.08643928301517911,0.09359360605532456,1.7498375606586551,1.6944921274488272,0.04267122527704023,0.07324088511965525,-11.562345551142592,-11.785184898733034,0.25094262081550833,-0.4018795237039791,2.7080502011022096,2.7080502011022096,0,0,0,0,0,1,0,0,0,0,0.0
4260_2008,0.00902705203201851,0.0077547381930033795,0.817013504029914,0.8071077394151748,0.18186326706820652,0.20899665145854068,2.5567598975064882,2.357350558053875,0.052321780681811945,0.0705379897633969,-6.342802108186221,-6.016956357416907,0.00422527471714096,0.11656312787263595,2.7080502011022096,2.7080502011022096,0,0,0,0,0,1,0,0,0,0,0.0
4260_2009,0.0077547381930033795,0.010183873399425824,0.8071077394151748,0.9045540162404416,0.20899665145854068,0.3404877694433099,2.357350558053875,1.4760287765351716,0.0705379897633969,0.0981830692893566,-6.016956357416907,-6.135956249819333,0.11656312787263595,-0.3159887781196497,2.7080502011022096,2.7080502011022096,0,0,0,0,0,1,0,0,0,0,0.0
4260_2010,0.010183873399425824,-0.01139969418420402,0.9045540162404416,0.8694009192955808,0.3404877694433099,0.1918736405485908,1.4760287765351716,1.4180199736542116,0.0981830692893566,0.2101876713398962,-6.135956249819333,-6.133264867117917,-0.3159887781196497,0.3298190636308236,2.7080502011022096,2.7080502011022096,0,0,0,0,0,1,0,0,0,0,0.0
4262_2008,0.015798934377997568,0.03959736308870356,0.3463674541951813,0.4287984794612574,0.002861541685810784,0.04101740645464327,2.062472657720442,1.2569271428622937,0.3361189972792469,0.2341867608083003,-13.815193225315307,-14.040935869425876,0.6023007659267546,-0.9959912404605892,0.7561219797213337,0.2851037514369805,0,0,0,1,0,0,0,0,0,0,0.0
4262_2009,0.03959736308870356,0.011102699974766593,0.4287984794612574,0.6197325258642443,0.04101740645464327,0.037994304459103866,1.2569271428622937,0.6798744529875419,0.2341867608083003,0.09837687122901848,-14.040935869425876,-14.167719731814998,-0.9959912404605892,-0.1596132676655772,0.2851037514369805,-0.35667494393873245,0,0,0,1,0,0,0,0,0,0,0.0
4262_2010,0.011102699974766593,0.07346067447084595,0.6197325258642443,0.4627394622650724,0.037994304459103866,0.03453279569142331,0.6798744529875419,0.8377043081749376,0.09837687122901848,0.1736659752142907,-14.167719731814998,-14.104454830426473,-0.1596132676655772,0.13023026762161338,-0.35667494393873245,-0.035109177113567896,0,0,0,1,0,0,0,0,0,0,0.0
4289_2008,0.016548435600381075,0.0,0.13092196285885738,0.0,0.029277977124830806,0.0,2.550175530751345,0.0,0.050244330495759514,0.0,-6.642727447881643,0.0,0.1902697150886089,0.0,2.7080502011022096,0.0,0,0,0,0,0,0,0,0,0,1,0.0
4289_2009,0.0,0.0,0.0,0.0,0.0,0.0,0.0,0.0,0.0,0.0,0.0,0.0,0.0,0.0,0.0,0.0,0,0,0,0,0,0,0,0,0,1,0.0
4289_2010,0.0,0.0,0.0,0.0,0.0,0.0,0.0,0.0,0.0,0.0,0.0,0.0,0.0,0.0,0.0,0.0,0,0,0,0,0,0,0,0,0,1,0.0
42909_2008,0.005469888755098918,0.0,0.9088323536094696,0.0,0.00638185890430651,0.0,1.3285662236122853,0.0,0.039926312736631116,0.0,-12.517362540523038,0.0,-0.19080835764818574,0.0,2.05898369977744,0.0,0,0,0,0,0,1,0,0,0,0,0.0
42909_2009,0.0,0.0,0.0,0.0,0.0,0.0,0.0,0.0,0.0,0.0,0.0,0.0,0.0,0.0,0.0,0.0,0,0,0,0,0,1,0,0,0,0,0.0
42909_2010,0.0,0.0,0.0,0.0,0.0,0.0,0.0,0.0,0.0,0.0,0.0,0.0,0.0,0.0,0.0,0.0,0,0,0,0,0,1,0,0,0,0,0.0
42910_2008,0.038401020190747696,0.07693865104714824,0.10057177122187956,0.12218195803873473,0.19153609403847607,0.21062658894905525,4.525032413442736,3.521737820673232,0.07161805454859965,0.2253965237315725,-9.92136222046495,-10.500309472003213,0.010078462587869638,-0.4427962712421645,2.7080502011022096,2.7080502011022096,0,0,1,0,0,0,0,0,0,0,0.0
42910_2009,0.07693865104714824,0.08055926705227621,0.12218195803873473,0.2477851196878057,0.21062658894905525,0.3232839129928641,3.521737820673232,2.225087842423554,0.2253965237315725,0.14315927523160588,-10.500309472003213,-10.721977611895085,-0.4427962712421645,-0.2778213337566738,2.7080502011022096,2.2192034840549946,0,0,1,0,0,0,0,0,0,0,0.0
42910_2010,0.08055926705227621,0.07034380852039683,0.2477851196878057,0.12828743247347188,0.3232839129928641,0.28080797319761497,2.225087842423554,2.352962485491193,0.14315927523160588,0.1564400862341554,-10.721977611895085,-10.581318985158779,-0.2778213337566738,0.17542146086073912,2.2192034840549946,2.5847519847577165,0,0,1,0,0,0,0,0,0,0,0.0
42912_2008,0.008743165538711704,0.00714510354590964,0.8238741489325924,0.9086958200559028,0.02176217926517032,0.027058939459302208,1.9991184040141887,0.9008992296176472,0.03396658276670109,0.08172972629797859,-9.089215099267873,-9.723650457470873,0.0416701364795167,-0.7431094122612846,2.7080502011022096,2.7080502011022096,0,0,0,0,0,1,0,0,0,0,0.0
42912_2009,0.00714510354590964,-0.007753552911344863,0.9086958200559028,0.9203306002537937,0.027058939459302208,0.06029575777886041,0.9008992296176472,0.8154156818679886,0.08172972629797859,0.19005808449527134,-9.723650457470873,-9.396274006829607,-0.7431094122612846,0.06818025327749211,2.7080502011022096,2.60859812213055,0,0,0,0,0,1,0,0,0,0,0.0
42912_2010,-0.007753552911344863,-0.031037834234581493,0.9203306002537937,0.956661476498404,0.06029575777886041,0.051161783570785484,0.8154156818679886,0.4303623939045258,0.19005808449527134,0.3605715585262612,-9.396274006829607,-10.354754605151731,0.06818025327749211,-0.7148628081446633,2.60859812213055,1.2208299213923592,0,0,0,0,0,1,0,0,0,0,0.0
42915_2008,0.02749986985444068,0.02671459828148929,0.6423550235054196,0.750805776350972,0.058472702251857675,0.0279723418057223,1.2547506113657654,0.8290273891416863,0.0562311027522712,0.07066858172440735,-9.687410349636863,-10.206340510427603,0.1641475512620741,-0.5026294038160284,2.7080502011022096,2.7080502011022096,0,0,1,0,0,0,0,0,0,0,0.0
42915_2009,0.02671459828148929,-0.21424669530811147,0.750805776350972,0.9074425118434686,0.0279723418057223,0.05806212216042311,0.8290273891416863,0.6790643218504254,0.07066858172440735,0.4151852611125255,-10.206340510427603,-10.892512640712548,-0.5026294038160284,-0.7149309918816165,2.7080502011022096,1.5195132049061133,0,0,1,0,0,0,0,0,0,0,0.0
42915_2010,-0.21424669530811147,0.008751138137760418,0.9074425118434686,0.7557979228977709,0.05806212216042311,0.0553150298707692,0.6790643218504254,1.4570592535782818,0.4151852611125255,0.31107076745448964,-10.892512640712548,-10.19151845214477,-0.7149309918816165,0.8728935190069812,1.5195132049061133,2.444952334280968,0,0,1,0,0,0,0,0,0,0,0.0
42918_2008,-0.18283384301732927,0.0,0.4442813455657493,0.0,0.008318042813455658,0.0,8.823072441250726,0.0,0.25308270571600505,0.0,-13.951991403731432,0.0,-0.41518597792898654,0.0,-0.8209805520698302,0.0,0,0,1,0,0,0,0,0,0,0,1.0
42918_2009,0.0,0.0,0.0,0.0,0.0,0.0,0.0,0.0,0.0,0.0,0.0,0.0,0.0,0.0,0.0,0.0,0,0,1,0,0,0,0,0,0,0,1.0
42918_2010,0.0,0.0,0.0,0.0,0.0,0.0,0.0,0.0,0.0,0.0,0.0,0.0,0.0,0.0,0.0,0.0,0,0,1,0,0,0,0,0,0,0,1.0
42935_2008,0.09403907809106474,0.0628552941561607,0.5815556925999839,0.5163889214691608,0.08566479103065495,0.06462766857305295,1.139214220937449,1.548677121370107,0.05128168198382167,0.2083979051298292,-9.58581655819859,-9.119376528305366,0.11322251639487088,-0.21987052924586206,2.7080502011022096,2.7080502011022096,0,0,0,0,0,0,0,0,0,0,0.0
42935_2009,0.0628552941561607,0.0857081290421111,0.5163889214691608,0.7125916037279072,0.06462766857305295,0.13504676102327898,1.548677121370107,0.7666339838149134,0.2083979051298292,0.0952183109146978,-9.119376528305366,-9.339376695371199,-0.21987052924586206,-0.20723827003700904,2.7080502011022096,2.7080502011022096,0,0,0,0,0,0,0,0,0,0,0.0
42935_2010,0.0857081290421111,0.01317892239831486,0.7125916037279072,0.7513584604409043,0.13504676102327898,0.13920865636280305,0.7666339838149134,0.6208705986867415,0.0952183109146978,0.17694116863682458,-9.339376695371199,-9.817383045991596,-0.20723827003700904,-0.5696037247728516,2.7080502011022096,2.6851226964585053,0,0,0,0,0,0,0,0,0,0,0.0
4293_2008,0.0,0.0,0.0,0.0,0.0,0.0,0.0,0.0,0.0,0.0,0.0,0.0,0.0,0.0,0.0,0.0,0,0,0,0,0,1,0,0,0,0,0.0
4293_2009,0.0,0.0,0.0,0.0,0.0,0.0,0.0,0.0,0.0,0.0,0.0,0.0,0.0,0.0,0.0,0.0,0,0,0,0,0,1,0,0,0,0,0.0
4293_2010,0.0,0.03350999385144348,0.0,0.7599885270366716,0.0,0.0876607376428567,0.0,0.9538744890458024,0.0,0.08268236090004577,0.0,-5.89830471792302,0.0,-0.041764946110282815,0.0,2.7080502011022096,0,0,0,0,0,1,0,0,0,0,0.0
4295_2008,0.004468289713543775,0.05265889435185054,0.1203686015224564,0.13159880335989135,0.1187577507018129,0.1815454766065832,2.166263783450172,1.992335990620349,0.10414363454351787,0.22919057860498546,-10.977964087676428,-11.129682866703408,0.19945814114301505,-0.2458921789815961,2.26176309847379,2.113842968397168,0,0,1,0,0,0,0,0,0,0,0.0
4295_2009,0.05265889435185054,0.05387038782203502,0.13159880335989135,0.2931416891903653,0.1815454766065832,0.17558538823231032,1.992335990620349,1.6148917484309886,0.22919057860498546,0.10895644815535674,-11.129682866703408,-11.12120400691159,-0.2458921789815961,0.009727577655656405,2.113842968397168,1.786746927404511,0,0,1,0,0,0,0,0,0,0,0.0
4295_2010,0.05387038782203502,0.11897248401724955,0.2931416891903653,0.19969191650686435,0.17558538823231032,0.24115903761326565,1.6148917484309886,1.7710020398178492,0.10895644815535674,0.1527606549930155,-11.12120400691159,-10.890426080801994,0.009727577655656405,0.08684621678436473,1.786746927404511,2.272125885509337,0,0,1,0,0,0,0,0,0,0,0.0
4298_2008,0.03218667992927291,0.03112702850384055,0.06964606530150501,0.060439792421207984,0.0585543458453585,0.07375765708380068,3.734215623017959,3.8816114278173863,0.056936705847059725,0.04691825786153374,-6.340846660308317,-6.039157765254023,-0.005720864487475996,0.1706133546236437,2.7080502011022096,2.7080502011022096,0,0,0,0,1,0,0,0,0,0,0.0
4298_2009,0.03112702850384055,0.06365075157574153,0.060439792421207984,0.1218115010553004,0.07375765708380068,0.1217560464886723,3.8816114278173863,2.455355703132946,0.04691825786153374,0.10176337279423152,-6.039157765254023,-6.1878732279358974,0.1706133546236437,-0.09641085812231004,2.7080502011022096,2.7080502011022096,0,0,0,0,1,0,0,0,0,0,0.0
4298_2010,0.06365075157574153,0.049177511231581365,0.1218115010553004,0.10996329538707038,0.1217560464886723,0.1312170039616007,2.455355703132946,2.5242691190571342,0.10176337279423152,0.0901123866256214,-6.1878732279358974,-6.205731976734416,-0.09641085812231004,-0.1206678945018244,2.7080502011022096,2.7080502011022096,0,0,0,0,1,0,0,0,0,0,0.0
42997_2008,-0.00015593209830745374,0.0031952291961866645,0.6067317945143025,0.809813088500198,0.10899653671691016,0.14804561942331546,2.2741541294348613,1.0306470496412994,0.13674000820445115,0.10568322762155008,-8.526574799341397,-9.400851074366953,-0.019810641516438996,-0.8579508260346174,2.653241964607215,1.7749523509116738,0,1,0,0,0,0,0,0,0,0,0.0
42997_2009,0.0031952291961866645,-0.01135775964006662,0.809813088500198,0.7116533079736479,0.14804561942331546,0.09698928955793733,1.0306470496412994,1.4530754525345764,0.10568322762155008,0.20284169308127595,-9.400851074366953,-8.31123547530126,-0.8579508260346174,0.44733037385505625,1.7749523509116738,1.9600947840472696,0,1,0,0,0,0,0,0,0,0,0.0
42997_2010,-0.01135775964006662,0.009254165815839672,0.7116533079736479,0.7589933045351784,0.09698928955793733,0.17431207413770136,1.4530754525345764,1.02474638812805,0.20284169308127595,0.19046403950863625,-8.31123547530126,-8.740204380145688,0.44733037385505625,-0.3291898483378237,1.9600947840472696,1.6956156086751528,0,1,0,0,0,0,0,0,0,0,0.0
43010_2008,0.00022643808770976402,-0.2893555043087753,0.3257620670915468,0.6734905800326361,0.05918268201505195,0.12714595892165986,1.6855271730236607,1.0411407782646651,0.16468215566064684,0.12505398410672122,-13.093538046726033,-13.871818467005367,-0.4695862549891853,-0.9423914801893144,1.1505720275988207,0.08617769624105241,0,0,0,0,0,1,0,0,0,0,0.0
43010_2009,-0.2893555043087753,-0.4854022348259871,0.6734905800326361,0.6028367703040804,0.12714595892165986,0.03280534979550512,1.0411407782646651,1.7402578489395184,0.12505398410672122,0.2760170340815383,-13.871818467005367,-13.318594647461458,-0.9423914801893144,-0.10732750949467357,0.08617769624105241,-0.527632742082372,0,0,0,0,0,1,0,0,0,0,1.0
43010_2010,-0.4854022348259871,-0.17018184967510516,0.6028367703040804,0.6533019945967141,0.03280534979550512,0.09372752139301806,1.7402578489395184,2.777905212776826,0.2760170340815383,0.30265912861277805,-13.318594647461458,-13.780250985172644,-0.10732750949467357,-0.5152066284518595,-0.527632742082372,-0.7985076962177716,0,0,0,0,0,1,0,0,0,0,1.0
43014_2008,0.029699697743265276,-0.03820497806067142,0.18072047916388986,0.19007652023171104,0.002797234563060605,0.028627543092943568,1.6739052464713529,1.8867523195405544,0.10883836094958543,0.1237693521123614,-11.342369807296894,-12.056380162063176,-0.35189112755667284,-0.7788925437911497,1.8325814637483104,1.128171090909654,0,0,0,0,1,0,0,0,0,0,0.0
43014_2009,-0.03820497806067142,-0.016329451977110592,0.19007652023171104,0.3348805688679491,0.028627543092943568,0.044078248930449065,1.8867523195405544,1.3152243094818497,0.1237693521123614,0.396578169053725,-12.056380162063176,-11.068721184206298,-0.7788925437911497,0.9014720491118112,1.128171090909654,1.6094379124341005,0,0,0,0,1,0,0,0,0,0,0.0
43014_2010,-0.016329451977110592,0.030488715349066393,0.3348805688679491,0.21897840872609992,0.044078248930449065,0.1221601726107374,1.3152243094818497,1.9342086317716736,0.396578169053725,0.11511526775480407,-11.068721184206298,-11.121402590881278,0.9014720491118112,-0.18775700400144668,1.6094379124341005,1.7766458314180067,0,0,0,0,1,0,0,0,0,0,0.0
430_2008,0.06632315539203723,0.058073855816257736,0.27554577310757983,0.0989214555714448,0.005227879362769701,0.004670993820528965,1.9088298348614503,2.461925216382317,0.11304048101874775,0.2247696302363708,-10.663909063759958,-10.532575330591502,0.6271493616640077,-0.36197040758260796,2.7080502011022096,2.7080502011022096,0,1,0,0,0,0,0,0,0,0,0.0
430_2009,0.058073855816257736,0.10209541613207238,0.0989214555714448,0.4054280915031921,0.004670993820528965,0.1150417902764796,2.461925216382317,1.2736774217217866,0.2247696302363708,0.18670655183722296,-10.532575330591502,-10.156557555501108,-0.36197040758260796,0.12320416234544924,2.7080502011022096,2.7080502011022096,0,1,0,0,0,0,0,0,0,0,0.0
430_2010,0.10209541613207238,0.06958356464532264,0.4054280915031921,0.2842048185438134,0.1150417902764796,0.20399780891447208,1.2736774217217866,1.5913019661354972,0.18670655183722296,0.1366276405571919,-10.156557555501108,-10.113770050915763,0.12320416234544924,0.08161810418083633,2.7080502011022096,2.7080502011022096,0,1,0,0,0,0,0,0,0,0,0.0
43140_2008,0.0421936875425899,0.05010450723326604,0.024544057904659446,0.046667483897196535,0.051969687995103465,0.08983587631681443,5.120753486516711,4.1571491112625285,0.07496991072138931,0.08630313336423759,-10.457871166783745,-10.865922949806569,-0.3310536534289431,-0.3507355017681977,2.7080502011022096,2.7080502011022096,0,0,0,0,1,0,0,0,0,0,0.0
43140_2009,0.05010450723326604,0.05073829844294751,0.046667483897196535,0.04045128755251963,0.08983587631681443,0.07753053894734628,4.1571491112625285,4.443889726209005,0.08630313336423759,0.13270928343129518,-10.865922949806569,-10.199646555813828,-0.3507355017681977,0.6857461741619324,2.7080502011022096,2.7080502011022096,0,0,0,0,1,0,0,0,0,0,0.0
43140_2010,0.05073829844294751,0.02936371651858455,0.04045128755251963,0.022743680844270187,0.07753053894734628,0.03409618140174179,4.443889726209005,5.680630700158522,0.13270928343129518,0.07412070987491724,-10.199646555813828,-9.885660215995642,0.6857461741619324,0.30896939628443754,2.7080502011022096,2.7080502011022096,0,0,0,0,1,0,0,0,0,0,0.0
43145_2008,0.024928965754695463,0.034435810403686234,0.09882195120328403,0.11123591755011984,0.20338017515897286,0.19927529057272367,3.224718459705602,3.0830844852676176,0.12119828168167313,0.12593313569564155,-8.878236449007098,-8.915531785665568,-0.16833621188035924,0.1374955119187821,2.7080502011022096,2.7080502011022096,0,0,0,0,0,0,0,1,0,0,0.0
43145_2009,0.034435810403686234,0.04089595770061732,0.11123591755011984,0.13338300389887342,0.19927529057272367,0.1464262067499363,3.0830844852676176,3.6025069269087906,0.12593313569564155,0.1498912888587546,-8.915531785665568,-8.403540924835156,0.1374955119187821,0.5928713073374634,2.7080502011022096,2.7080502011022096,0,0,0,0,0,0,0,1,0,0,0.0
43145_2010,0.04089595770061732,0.03383168244495431,0.13338300389887342,0.1403349050397293,0.1464262067499363,0.09351221862193217,3.6025069269087906,6.215847208555308,0.1498912888587546,0.09484928681748774,-8.403540924835156,-8.123297947992604,0.5928713073374634,0.12487191145916532,2.7080502011022096,2.7080502011022096,0,0,0,0,0,0,0,1,0,0,0.0
43146_2008,-0.18038563664788945,-0.08241932176838825,0.3442315805146785,0.3653432551308327,0.22505220168817955,0.2528960261622495,3.9881828266135417,6.929420393161129,0.15389988392140153,0.2507733474691584,-10.446014486229961,-10.457027275943586,-0.52098943344915,0.03659825910797868,2.7080502011022096,2.7080502011022096,0,0,1,0,0,0,0,0,0,0,0.0
43146_2009,-0.08241932176838825,-0.030095138011338576,0.3653432551308327,0.41709512255720704,0.2528960261622495,0.26049959640941084,6.929420393161129,11.23062053232984,0.2507733474691584,0.2861877926477823,-10.457027275943586,-10.374310651068992,0.03659825910797868,0.4532115240555351,2.7080502011022096,2.3776925654808507,0,0,1,0,0,0,0,0,0,0,0.0
43146_2010,-0.030095138011338576,0.015077892388184787,0.41709512255720704,0.3989033835436687,0.26049959640941084,0.2805982733312236,11.23062053232984,7.606162506101577,0.2861877926477823,0.1727327694359752,-10.374310651068992,-10.375012905390754,0.4532115240555351,-0.08564716843051245,2.3776925654808507,2.6071242825122494,0,0,1,0,0,0,0,0,0,0,0.0
43147_2008,0.007473730319444334,0.005917756564899628,0.7863404873445821,0.8546369530444599,0.03857098540886207,0.03146342824645041,1.819530518385432,1.1876619503111376,0.045968603307019566,0.0881091171338805,-10.120103913989016,-10.031690305915012,0.1562789184874379,-0.2415270219002196,2.7080502011022096,2.7080502011022096,0,0,0,0,0,1,0,0,0,0,0.0
43147_2009,0.005917756564899628,0.006385362170445697,0.8546369530444599,0.8535000115405588,0.03146342824645041,0.01866612981697336,1.1876619503111376,1.2742553592303736,0.0881091171338805,0.14090185175458148,-10.031690305915012,-9.313329048566043,-0.2415270219002196,0.7082228142177671,2.7080502011022096,2.7080502011022096,0,0,0,0,0,1,0,0,0,0,0.0
43147_2010,0.006385362170445697,-0.007248629376069019,0.8535000115405588,0.9040962229209584,0.01866612981697336,0.0340179197552634,1.2742553592303736,0.7862562964654821,0.14090185175458148,0.164221659039279,-9.313329048566043,-9.958760024927829,0.7082228142177671,-0.8045636816850992,2.7080502011022096,2.6546494243750947,0,0,0,0,0,1,0,0,0,0,0.0
43159_2008,-0.09349559005602323,0.024343642118909367,0.589981297351633,0.602656533252204,0.09473121459420857,0.07823877019311169,1.6086199978420783,1.3303890029454657,0.06769899008901026,0.10906437618150254,-9.80401238613429,-9.874268595186793,-0.025790990735547303,-0.09235716866736164,2.7080502011022096,2.7080502011022096,0,1,0,0,0,0,0,0,0,0,0.0
43159_2009,0.024343642118909367,0.03870658929400338,0.602656533252204,0.6912201011493614,0.07823877019311169,0.05520210772210202,1.3303890029454657,1.0667990170504436,0.10906437618150254,0.188031086103088,-9.874268595186793,-9.7969603505624,-0.09235716866736164,0.09326226708758906,2.7080502011022096,2.7080502011022096,0,1,0,0,0,0,0,0,0,0,0.0
43159_2010,0.03870658929400338,-0.09661084575686624,0.6912201011493614,0.630848709981662,0.05520210772210202,0.05326427102747542,1.0667990170504436,1.5952058867364982,0.188031086103088,0.10023243638070536,-9.7969603505624,-9.841550708845256,0.09326226708758906,0.07014565160028807,2.7080502011022096,2.7080502011022096,0,1,0,0,0,0,0,0,0,0,0.0
43249_2008,-0.35389993141657944,-0.2452530721143547,0.29323362926394503,0.4554713821106545,0.03432331551850014,0.1616195057352626,44.7246,55.922,0.14344596788316674,0.21961721537578432,-12.558878157715476,-12.343146270896847,-0.03448159002584268,0.16603611897197873,1.1591114124139126,1.075002423028976,0,0,0,0,1,0,0,0,0,0,0.0
43249_2009,-0.2452530721143547,-0.16813568714839613,0.4554713821106545,0.457770458150966,0.1616195057352626,0.008839490080453021,55.922,55.5756,0.21961721537578432,0.21720106994231592,-12.343146270896847,-11.854870339009402,0.16603611897197873,0.4375969702992341,1.075002423028976,1.0647107369924282,0,0,0,0,1,0,0,0,0,0,0.0
43249_2010,-0.16813568714839613,0.3048548740618289,0.457770458150966,0.2326516756086581,0.008839490080453021,0.22022575145937728,55.5756,3.899703897341076,0.21720106994231592,0.15022091713316904,-11.854870339009402,-11.689790142152916,0.4375969702992341,-0.09120739878588847,1.0647107369924282,1.3686394258811698,0,0,0,0,1,0,0,0,0,0,0.0
43250_2008,0.0377306359303823,0.04588566887538376,0.32259663129722904,0.4814932484802648,0.006295577164320314,0.01591158379961956,3.7976653472282536,2.4420834383156165,0.0761173638560579,0.06976769155865821,-10.042956335696392,-10.609993190661989,0.01860445922742307,-0.538416875909165,2.7080502011022096,2.6686161318568034,0,0,1,0,0,0,0,0,0,0,0.0
43250_2009,0.04588566887538376,0.035772228874342844,0.4814932484802648,0.7115262011508655,0.01591158379961956,0.02330443391425471,2.4420834383156165,1.0026106914952406,0.06976769155865821,0.2498745416733509,-10.609993190661989,-11.156651563911398,-0.538416875909165,-0.4065933000145681,2.6686161318568034,1.6505798557652755,0,0,1,0,0,0,0,0,0,0,0.0
43250_2010,0.035772228874342844,0.03606422875280204,0.7115262011508655,0.3873477736857622,0.02330443391425471,0.009532358844615276,1.0026106914952406,2.3792988769257173,0.2498745416733509,0.11716289253270655,-11.156651563911398,-10.197400253643435,-0.4065933000145681,0.8869188749451135,1.6505798557652755,2.7080502011022096,0,0,1,0,0,0,0,0,0,0,0.0
43253_2008,0.06489616750904383,0.06823366288925388,0.17792970300983632,0.11944275784114315,0.1462619522922742,0.11482557281734727,1.0907538732019721,1.667551453330303,0.09548832074168598,0.1320227413885376,-10.937775183661008,-10.895929805497227,-0.06202768103887405,0.23455940587975796,2.7080502011022096,2.7080502011022096,0,0,1,0,0,0,0,0,0,0,0.0
43253_2009,0.06823366288925388,0.062367547935462675,0.11944275784114315,0.21442342059374628,0.11482557281734727,0.1065392960680465,1.667551453330303,0.6938446357773641,0.1320227413885376,0.22082766737128628,-10.895929805497227,-11.464320151321365,0.23455940587975796,-0.6320942435072192,2.7080502011022096,2.0360119837525,0,0,1,0,0,0,0,0,0,0,0.0
43253_2010,0.062367547935462675,0.018983032021875925,0.21442342059374628,0.13572741678673056,0.1065392960680465,0.23978068539600256,0.6938446357773641,1.0655303213319638,0.22082766737128628,0.1364002712095465,-11.464320151321365,-11.218601327351873,-0.6320942435072192,0.12918629901001505,2.0360119837525,2.5152741864043966,0,0,1,0,0,0,0,0,0,0,0.0
43260_2008,0.0157266714881278,0.011520112607001174,0.8243560083814331,0.898879829496942,0.018689653092475986,0.011680819784940618,1.8438991374207667,1.0212331118808735,0.037594800917444826,0.1209256556049564,-11.189586702423,-11.790091756451908,-0.10398992511673658,-0.7591611703896998,2.7080502011022096,2.2708880062507912,0,0,0,0,0,1,0,0,0,0,0.0
43260_2009,0.011520112607001174,0.004534879374744547,0.898879829496942,0.9526047220299766,0.011680819784940618,0.035618594262368734,1.0212331118808735,0.37186716312279455,0.1209256556049564,0.08892050009814421,-11.790091756451908,-12.115384047304302,-0.7591611703896998,-0.3242937936556308,2.2708880062507912,1.4516138272405332,0,0,0,0,0,1,0,0,0,0,0.0
43260_2010,0.004534879374744547,-0.017169418230927547,0.9526047220299766,0.97139693083683,0.035618594262368734,0.057954115214598576,0.37186716312279455,0.2584929180594731,0.08892050009814421,0.10976562148617776,-12.115384047304302,-12.877304039435003,-0.3242937936556308,-0.7955454475806525,1.4516138272405332,0.924258901523332,0,0,0,0,0,1,0,0,0,0,0.0
43261_2008,0.013233261410815544,0.013083768969131087,0.7873841680498052,0.8425352499349096,0.024328144515642653,0.03453713919795528,2.3336890160501795,1.7222178732731364,0.07081620690440588,0.049324878649268177,-10.617014104125476,-10.937908019264324,-0.17664515459197275,-0.3134306951974169,2.7080502011022096,2.5680215564985067,0,0,0,0,0,1,0,0,0,0,0.0
43261_2009,0.013083768969131087,0.004724300325924752,0.8425352499349096,0.8680963717670467,0.03453713919795528,0.12186232463293248,1.7222178732731364,1.6895962543409038,0.049324878649268177,0.1373597374348536,-10.937908019264324,-10.514034620442953,-0.3134306951974169,0.3762859936525296,2.5680215564985067,2.5055259369907357,0,0,0,0,0,1,0,0,0,0,0.0
43261_2010,0.004724300325924752,-0.009567372412834773,0.8680963717670467,0.9438395828450212,0.12186232463293248,0.08606838854934037,1.6895962543409038,0.8781110792600311,0.1373597374348536,0.20894490150176792,-10.514034620442953,-11.658786635792588,0.3762859936525296,-0.7932210884851718,2.5055259369907357,1.5953389880545987,0,0,0,0,0,1,0,0,0,0,0.0
43326_2008,0.030802340296677413,0.019125667376203703,0.25837671453766153,0.1409376430185052,0.0002660879431295561,0.0025231269239821253,2.0804372601493064,3.3080543444339434,0.049844713783428606,0.12206469526251335,-11.375284777195851,-10.762878429440294,-0.11767098456096667,0.5564628332444997,2.3243465847755584,2.7080502011022096,0,0,0,1,0,0,0,0,0,0,0.0
43326_2009,0.019125667376203703,0.0358432252128438,0.1409376430185052,0.3209372226209958,0.0025231269239821253,0.007001608653227351,3.3080543444339434,1.9884745489132631,0.12206469526251335,0.13299329568691975,-10.762878429440294,-10.765366805598406,0.5564628332444997,-0.16273881283896602,2.7080502011022096,2.4423470353692043,0,0,0,1,0,0,0,0,0,0,0.0
43326_2010,0.0358432252128438,0.04353523648195883,0.3209372226209958,0.17185399463222145,0.007001608653227351,0.0027987166205065005,1.9884745489132631,2.9279101044411195,0.13299329568691975,0.10136914789816673,-10.765366805598406,-10.603118927076038,-0.16273881283896602,0.03508137745562778,2.4423470353692043,2.7080502011022096,0,0,0,1,0,0,0,0,0,0,0.0
43328_2008,-0.0007545363805105409,-0.2654841863410815,0.4499408227895856,0.8153498353149512,0.13666809669275926,0.05964324729811993,1.429620797581281,0.4491656699444245,0.13848981605788085,0.21763335989155427,-11.769676755533235,-13.410791514426204,-0.24427319644151746,-1.685829597656788,1.6134299337036375,-0.020202707317519462,0,0,1,0,0,0,0,0,0,0,0.0
43328_2009,-0.2654841863410815,0.07379040827784844,0.8153498353149512,0.5901091511208529,0.05964324729811993,0.2890157366669733,0.4491656699444245,0.9885771423500286,0.21763335989155427,0.20366944451947747,-13.410791514426204,-11.924285440525894,-1.685829597656788,1.4781464765245467,-0.020202707317519462,0.9745596399981308,0,0,1,0,0,0,0,0,0,0,0.0
43328_2010,0.07379040827784844,0.09040851205163512,0.5901091511208529,0.20151918729102675,0.2890157366669733,0.1998349789670102,0.9885771423500286,2.7713878156586573,0.20366944451947747,0.18330835495025,-11.924285440525894,-10.27495498728798,1.4781464765245467,1.5910647192019631,0.9745596399981308,2.7080502011022096,0,0,1,0,0,0,0,0,0,0,0.0
43332_2008,0.036639009176972465,0.038257740667662535,0.2583835036860501,0.32995070217202016,0.00447848933778878,0.018733823682129364,2.1331517042905177,1.7334791353480696,0.1442288918783766,0.08728033249594888,-9.971317876742619,-10.083857023575687,-0.20678674937449165,-0.12809517993047692,2.7080502011022096,2.7080502011022096,0,0,1,0,0,0,0,0,0,0,0.0
43332_2009,0.038257740667662535,0.04513068282493518,0.32995070217202016,0.5670517399004583,0.018733823682129364,0.02120939116169998,1.7334791353480696,0.9708466747935708,0.08728033249594888,0.2270328593014668,-10.083857023575687,-10.314712213191124,-0.12809517993047692,-0.3085453632506993,2.7080502011022096,2.7080502011022096,0,0,1,0,0,0,0,0,0,0,0.0
43332_2010,0.04513068282493518,0.029804550634458086,0.5670517399004583,0.5274909256075098,0.02120939116169998,0.03545080166095296,0.9708466747935708,0.9699186051002548,0.2270328593014668,0.2090859083294276,-10.314712213191124,-10.479587742351995,-0.3085453632506993,0.08830943570358085,2.7080502011022096,2.7080502011022096,0,0,1,0,0,0,0,0,0,0,0.0
43340_2008,0.013020345115773907,0.0,0.8623414402972824,0.0,0.05549704269996787,0.0,1.4490414461665324,0.0,0.05714839684646283,0.0,-7.0483891858482375,0.0,-0.060481477977552885,0.0,2.7080502011022096,0.0,0,0,0,0,0,1,0,0,0,0,0.0
43340_2009,0.0,0.0,0.0,0.0,0.0,0.0,0.0,0.0,0.0,0.0,0.0,0.0,0.0,0.0,0.0,0.0,0,0,0,0,0,1,0,0,0,0,0.0
43340_2010,0.0,0.0,0.0,0.0,0.0,0.0,0.0,0.0,0.0,0.0,0.0,0.0,0.0,0.0,0.0,0.0,0,0,0,0,0,1,0,0,0,0,0.0
4338_2008,0.023724369148418183,0.019272851269747454,0.1361576549360556,0.17128416091843526,0.006261934592797089,6.334995466513421e-05,3.1442899570999736,3.9090681272528247,0.1563772710703431,0.09684606742570737,-7.677055823229433,-7.211549369173633,-0.3127060771055584,0.35375214399908445,2.7080502011022096,2.7080502011022096,0,0,0,0,0,0,0,0,0,0,0.0
4338_2009,0.019272851269747454,0.04658925607028362,0.17128416091843526,0.1839298049717924,6.334995466513421e-05,0.01610082545472115,3.9090681272528247,3.0592481240371714,0.09684606742570737,0.2459785979973144,-7.211549369173633,-6.668181520060347,0.35375214399908445,-0.24066977316002666,2.7080502011022096,2.7080502011022096,0,0,0,0,0,0,0,0,0,0,0.0
4338_2010,0.04658925607028362,-0.0018664393390670766,0.1839298049717924,0.12718326021812448,0.01610082545472115,0.0006902422509469942,3.0592481240371714,4.427690471490075,0.2459785979973144,0.10867435933374253,-6.668181520060347,-6.391067543520134,-0.24066977316002666,0.12392485760499206,2.7080502011022096,2.7080502011022096,0,0,0,0,0,0,0,0,0,0,0.0
4342_2008,0.020032224984675443,0.02101720802526812,0.6171482773301741,0.6782673596089082,0.0044875432692834845,0.008076802512269086,1.6496405927991709,1.258304853146984,0.031453066982967084,0.0542964802051241,-8.987275666736359,-9.224089278411302,0.2226191266653701,-0.2934185339526193,2.7080502011022096,2.7080502011022096,0,0,0,0,0,0,0,0,1,0,0.0
4342_2009,0.02101720802526812,0.015645876286596385,0.6782673596089082,0.7140098656804613,0.008076802512269086,0.0067740719349524865,1.258304853146984,1.0660090655163297,0.0542964802051241,0.07015239885467135,-9.224089278411302,-8.866390115908201,-0.2934185339526193,0.2961856220221193,2.7080502011022096,2.7080502011022096,0,0,0,0,0,0,0,0,1,0,0.0
4342_2010,0.015645876286596385,0.021385682305008983,0.7140098656804613,0.6855108323289366,0.0067740719349524865,0.015966779906171118,1.0660090655163297,1.148062358507355,0.07015239885467135,0.0999849975397431,-8.866390115908201,-8.954207534043475,0.2961856220221193,-0.1945627508721217,2.7080502011022096,2.7080502011022096,0,0,0,0,0,0,0,0,1,0,0.0
43449_2008,0.005593143096069293,0.003857200974760671,0.8621105133411413,0.8996813803490656,0.017782018578869428,0.029685206286000056,1.3642186554119355,0.923731274554385,0.023355104326650118,0.07048629628645209,-11.554640661643347,-11.986894374343887,-0.09633219085744253,-0.4362492624974375,2.7080502011022096,2.7080502011022096,0,0,0,0,0,1,0,0,0,0,0.0
43449_2009,0.003857200974760671,-0.0006470130441009718,0.8996813803490656,0.9513134303640898,0.029685206286000056,0.0246207421129538,0.923731274554385,0.5260503715270477,0.07048629628645209,0.08241187723154489,-11.986894374343887,-12.162854423001587,-0.4362492624974375,-0.1478133517363373,2.7080502011022096,2.2669579153508947,0,0,0,0,0,1,0,0,0,0,0.0
43449_2010,-0.0006470130441009718,-0.001220239113121907,0.9513134303640898,0.9728151734718308,0.0246207421129538,0.042257650007573054,0.5260503715270477,0.3058088007969496,0.08241187723154489,0.19083124370511728,-12.162854423001587,-12.987987308034393,-0.1478133517363373,-0.7077529362353198,2.2669579153508947,1.6770965609079151,0,0,0,0,0,1,0,0,0,0,0.0
43508_2008,-0.03340767851607295,0.03404214566853507,0.4591637531938086,0.6680200377615034,0.017234491663264944,0.012353315972618548,1.5477274793866662,0.9012350586830102,0.11607917828071075,0.12985463690501947,-10.522829481057183,-11.183573721380863,-0.24810316960182785,-0.7119933801360322,2.7080502011022096,2.5877640352277083,0,1,0,0,0,0,0,0,0,0,0.0
43508_2009,0.03404214566853507,-0.043279575786239366,0.6680200377615034,0.6936174788764893,0.012353315972618548,0.056505456667700266,0.9012350586830102,0.8156725513549421,0.12985463690501947,0.2292106495983072,-11.183573721380863,-10.887670139308508,-0.7119933801360322,0.15840777622843175,2.5877640352277083,2.385086314505789,0,1,0,0,0,0,0,0,0,0,0.0
43508_2010,-0.043279575786239366,-0.015784919398693788,0.6936174788764893,0.5286595005471103,0.056505456667700266,0.01753078159504456,0.8156725513549421,1.141899789241656,0.2292106495983072,0.14782295819611785,-10.887670139308508,-10.650606588085726,0.15840777622843175,0.029972879969609567,2.385086314505789,2.695977619867941,0,1,0,0,0,0,0,0,0,0,0.0
4350_2008,0.017596874296212702,0.021380085674419663,0.4980134233632146,0.5047691015581528,0.0024572040144141736,0.0012951618078902813,2.0498895654547598,1.9275004808627036,0.06716313730075807,0.06684773959347322,-9.870184848277374,-9.896378110739759,0.09875168154363392,-0.05626042725526459,2.7080502011022096,2.7080502011022096,0,0,0,0,0,0,0,0,1,0,0.0
4350_2009,0.021380085674419663,0.016653157970017502,0.5047691015581528,0.5681856193302259,0.0012951618078902813,0.005511699590803794,1.9275004808627036,1.6955948594906445,0.06684773959347322,0.06815593976667833,-9.896378110739759,-9.530288844038028,-0.05626042725526459,0.3745676785035905,2.7080502011022096,2.7080502011022096,0,0,0,0,0,0,0,0,1,0,0.0
4350_2010,0.016653157970017502,0.020942767050774597,0.5681856193302259,0.5346238595780058,0.005511699590803794,0.0011949667292186245,1.6955948594906445,1.6864642566175772,0.06815593976667833,0.07569507467369847,-9.530288844038028,-9.625412252130488,0.3745676785035905,-0.2726880026710984,2.7080502011022096,2.7080502011022096,0,0,0,0,0,0,0,0,1,0,0.0
43519_2008,0.03137127824156685,0.03746893181772147,0.1008126357961675,0.17378153359777002,0.003073199586044517,0.002668780118207713,3.3645217974265753,2.3049048267361,0.06541742682943022,0.2271907934401435,-7.706072591453962,-8.00286004675856,0.4795535870738402,-1.0843815882809609,2.7080502011022096,2.7080502011022096,0,0,1,0,0,0,0,0,0,0,0.0
43519_2009,0.03746893181772147,0.020671923211169767,0.17378153359777002,0.2744433194529036,0.002668780118207713,0.04908399148364104,2.3049048267361,1.2660266270147025,0.2271907934401435,0.16475115782389632,-8.00286004675856,-8.416352534254086,-1.0843815882809609,-0.611496863412202,2.7080502011022096,2.064327903869788,0,0,1,0,0,0,0,0,0,0,0.0
43519_2010,0.020671923211169767,0.05494554905608057,0.2744433194529036,0.12145360265368188,0.04908399148364104,0.0035655265974375524,1.2660266270147025,2.0559274777542647,0.16475115782389632,0.1258726254354859,-8.416352534254086,-7.520506764517716,-0.611496863412202,0.7790860934865148,2.064327903869788,2.7080502011022096,0,0,1,0,0,0,0,0,0,0,0.0
43520_2008,0.07086095219628696,0.0617149751720617,0.3799280832632945,0.3746883048101215,0.0010346729184304497,0.024481751333087037,1.014819552019503,1.0688409514157315,0.05186340171113299,0.06374587067919388,-8.34505726443737,-8.20736785006682,-0.32674892761568264,0.10943398714343397,2.7080502011022096,2.7080502011022096,0,0,0,0,0,0,0,0,0,0,0.0
43520_2009,0.0617149751720617,-0.22290002778571574,0.3746883048101215,0.44881544846244137,0.024481751333087037,0.0010424587490890536,1.0688409514157315,0.9539144862952412,0.06374587067919388,0.17730987781852367,-8.20736785006682,-8.166492923815927,0.10943398714343397,-0.0010665815673228107,2.7080502011022096,2.7080502011022096,0,0,0,0,0,0,0,0,0,0,0.0
43520_2010,-0.22290002778571574,-0.053491372519962485,0.44881544846244137,0.2411720235575838,0.0010424587490890536,0.0005379265942660113,0.9539144862952412,1.94359888426185,0.17730987781852367,0.18051736691765324,-8.166492923815927,-7.7161096390431885,-0.0010665815673228107,0.4605744436297798,2.7080502011022096,2.7080502011022096,0,0,0,0,0,0,0,0,0,0,0.0
43620_2008,0.049991531953160966,0.015030073975843319,0.2396970108987341,0.25333413610794314,0.06742672356558045,0.07424093128003056,3.923335696666224,4.2243949912594125,0.11414367175682112,0.1535908516776188,-7.193839149830664,-6.911144791184071,0.26876194807724146,-0.013484096310100209,2.7080502011022096,2.7080502011022096,0,0,1,0,0,0,0,0,0,0,0.0
43620_2009,0.015030073975843319,0.021267811941735867,0.25333413610794314,0.5210660466706484,0.07424093128003056,0.11472392335129385,4.2243949912594125,2.4827327097452243,0.1535908516776188,0.16835115860250505,-6.911144791184071,-7.41380467411631,-0.013484096310100209,-0.5807119604198692,2.7080502011022096,2.7080502011022096,0,0,1,0,0,0,0,0,0,0,0.0
43620_2010,0.021267811941735867,0.0017804009934730644,0.5210660466706484,0.3811308044421307,0.11472392335129385,0.17169827204558213,2.4827327097452243,2.081671742934827,0.16835115860250505,0.30574055440398484,-7.41380467411631,-7.231861366398458,-0.5807119604198692,0.36384417190601215,2.7080502011022096,2.7080502011022096,0,0,1,0,0,0,0,0,0,0,0.0
43626_2008,0.030962081286660607,0.032567584628224414,0.2484739260815949,0.2409683224593362,0.03737687485477632,0.010567722850770695,3.28594518635047,3.1122504350558367,0.07711799921206536,0.21771365098075646,-8.830857024766068,-8.607530773153371,0.18190285071215573,-0.634759743171333,2.7080502011022096,2.7080502011022096,0,0,1,0,0,0,0,0,0,0,0.0
43626_2009,0.032567584628224414,-0.015206727254386269,0.2409683224593362,0.4640543369028021,0.010567722850770695,0.03242793205495256,3.1122504350558367,1.3303650354954062,0.21771365098075646,0.17590548518079968,-8.607530773153371,-8.778209027933531,-0.634759743171333,-0.4144587408637263,2.7080502011022096,2.646883765864722,0,0,1,0,0,0,0,0,0,0,0.0
43626_2010,-0.015206727254386269,0.03628554738597505,0.4640543369028021,0.3115245556669739,0.03242793205495256,0.060479307850214735,1.3303650354954062,2.085094190495314,0.17590548518079968,0.1452830482723792,-8.778209027933531,-8.403841426695598,-0.4144587408637263,0.5181622922193474,2.646883765864722,2.7080502011022096,0,0,1,0,0,0,0,0,0,0,0.0
43631_2008,0.03760337459066437,0.044511327041519375,0.17023109127094252,0.14085344433492036,0.1459088242057105,0.06853975802630438,1.552883361570488,1.871332981524343,0.16212570905450838,0.0948059428701972,-11.245276007529618,-10.902568899704304,-0.6440875005991517,0.3864591452492623,2.631888840136646,2.7080502011022096,0,0,0,0,0,0,0,0,0,0,0.0
43631_2009,0.044511327041519375,0.0900745296980802,0.14085344433492036,0.2922959791395407,0.06853975802630438,0.01992349470459043,1.871332981524343,0.9449002909386068,0.0948059428701972,0.19102825675304927,-10.902568899704304,-11.068049842180507,0.3864591452492623,-0.12763653966028815,2.7080502011022096,2.315501318260592,0,0,0,0,0,0,0,0,0,0,0.0
43631_2010,0.0900745296980802,0.04036618709755204,0.2922959791395407,0.1640776481996094,0.01992349470459043,0.08434938977978712,0.9449002909386068,1.5136432265225572,0.19102825675304927,0.1606080428328813,-11.068049842180507,-10.68135528683389,-0.12763653966028815,0.4938856160839735,2.315501318260592,2.7080502011022096,0,0,0,0,0,0,0,0,0,0,0.0
43633_2008,0.01415989916953674,0.0,0.8415170638999722,0.0,0.020980334174417373,0.0,1.502834157256432,0.0,0.06537466550497968,0.0,-9.093046099875627,0.0,0.036008848195503734,0.0,2.7080502011022096,0.0,0,0,1,0,0,0,0,0,0,0,0.0
43633_2009,0.0,0.0,0.0,0.0,0.0,0.0,0.0,0.0,0.0,0.0,0.0,0.0,0.0,0.0,0.0,0.0,0,0,1,0,0,0,0,0,0,0,0.0
43633_2010,0.0,0.0,0.0,0.0,0.0,0.0,0.0,0.0,0.0,0.0,0.0,0.0,0.0,0.0,0.0,0.0,0,0,1,0,0,0,0,0,0,0,0.0
43722_2008,0.01716878497136593,0.01765445958501084,0.2770317631793803,0.4101502013007123,0.0053842856741708476,0.00843720966243419,5.06438214242437,3.0310354396612684,0.14458216248081254,0.22463275290892504,-10.343618374350449,-10.863544834940654,0.7071087953826821,-0.6156246018909098,2.336019869080283,1.8082887711792652,0,0,1,0,0,0,0,0,0,0,0.0
43722_2009,0.01765445958501084,-0.1278765094554568,0.4101502013007123,0.31787391237152,0.00843720966243419,0.07931064151159846,3.0310354396612684,4.29123504348787,0.22463275290892504,0.2585220956952492,-10.863544834940654,-11.202023340905075,-0.6156246018909098,-0.3181595589658735,1.8082887711792652,0.8197798314933114,0,0,1,0,0,0,0,0,0,0,0.0
43722_2010,-0.1278765094554568,0.07119778947398389,0.31787391237152,0.4133983245852691,0.07931064151159846,0.08728354043327062,4.29123504348787,1.5635982093399452,0.2585220956952492,0.24463016002103946,-11.202023340905075,-10.612412828455886,-0.3181595589658735,0.25318733615581424,0.8197798314933114,1.4085449700547104,0,0,1,0,0,0,0,0,0,0,0.0
4373_2008,-0.2715463132549956,0.0,0.7919247628259214,0.0,0.007233552157718189,0.0,0.5067249685207575,0.0,0.13372002307687347,0.0,-12.518686957262034,0.0,-1.0398981670722376,0.0,0.2468600779315258,0.0,0,0,1,0,0,0,0,0,0,0,1.0
4373_2009,0.0,0.0,0.0,0.0,0.0,0.0,0.0,0.0,0.0,0.0,0.0,0.0,0.0,0.0,0.0,0.0,0,0,1,0,0,0,0,0,0,0,1.0
4373_2010,0.0,0.0,0.0,0.0,0.0,0.0,0.0,0.0,0.0,0.0,0.0,0.0,0.0,0.0,0.0,0.0,0,0,1,0,0,0,0,0,0,0,1.0
4375_2008,0.04459407706162896,0.04201126770715342,0.18637987469556527,0.13661170226723013,0.06772513209624625,0.034871870744352995,2.083105756686923,2.6504942401488973,0.2370151020389787,0.06196807028555159,-10.062299315474089,-9.655301027800963,-0.7304161280842737,0.34238742946399875,2.7080502011022096,2.7080502011022096,0,1,0,0,0,0,0,0,0,0,0.0
4375_2009,0.04201126770715342,0.020110204831067846,0.13661170226723013,0.4669792481009447,0.034871870744352995,0.0554336736142528,2.6504942401488973,1.2972117610475764,0.06196807028555159,0.1942125101113764,-9.655301027800963,-10.237947234949251,0.34238742946399875,-0.34163174823354153,2.7080502011022096,2.7080502011022096,0,1,0,0,0,0,0,0,0,0,0.0
4375_2010,0.020110204831067846,-0.038334012382407516,0.4669792481009447,0.2825959259685068,0.0554336736142528,0.02638576775469855,1.2972117610475764,2.284558841350788,0.1942125101113764,0.1982445119632134,-10.237947234949251,-9.916229560690349,-0.34163174823354153,0.36303337617411424,2.7080502011022096,2.7080502011022096,0,1,0,0,0,0,0,0,0,0,0.0
4381_2008,0.02602699407139553,0.06050511708312448,0.2330235882773409,0.15258498541641174,0.002228482529537905,0.005565049907841194,1.6064147387517502,1.5973832635105427,0.10676347921716584,0.08028875312185975,-13.403913156842313,-13.275026958411045,0.08162037026087585,0.268810857553808,1.8099922374891149,1.9459101490553128,0,1,0,0,0,0,0,0,0,0,0.0
4381_2009,0.06050511708312448,0.0402740324022897,0.15258498541641174,0.29902764967224543,0.005565049907841194,0.0058439592471853955,1.5973832635105427,0.7740897601073621,0.08028875312185975,0.27774746363968505,-13.275026958411045,-13.701993359047995,0.268810857553808,-0.16272209741007332,1.9459101490553128,1.0042649784893425,0,1,0,0,0,0,0,0,0,0,0.0
4381_2010,0.0402740324022897,0.06842021306407874,0.29902764967224543,0.16003518014735998,0.0058439592471853955,0.008536359285877499,0.7740897601073621,1.2694518777989106,0.27774746363968505,0.07227256478630599,-13.701993359047995,-13.411975007052678,-0.16272209741007332,0.30331253940775105,1.0042649784893425,1.5282278570085572,0,1,0,0,0,0,0,0,0,0,0.0
43910_2008,0.023790458097958003,0.03296779445369728,0.15762808332989053,0.2847399425610552,0.05724372472440545,0.14043133240478464,4.624976772644323,2.961201198833927,0.07636098979256623,0.1234999909728076,-7.107219183132411,-7.357128071725758,0.1607530844897498,-0.4404814427317541,2.7080502011022096,2.7080502011022096,0,0,0,0,0,0,0,1,0,0,0.0
43910_2009,0.03296779445369728,0.05844754466473623,0.2847399425610552,0.5227481698058849,0.14043133240478464,0.20985297925949434,2.961201198833927,1.5783057261328948,0.1234999909728076,0.21230832529291047,-7.357128071725758,-7.865264861270733,-0.4404814427317541,-0.43273439670650665,2.7080502011022096,2.7080502011022096,0,0,0,0,0,0,0,1,0,0,0.0
43910_2010,0.05844754466473623,0.03665838881821079,0.5227481698058849,0.4619984603305653,0.20985297925949434,0.2527281259230277,1.5783057261328948,1.8465478656588603,0.21230832529291047,0.18225954277725565,-7.865264861270733,-7.480519299483857,-0.43273439670650665,0.2519615707187349,2.7080502011022096,2.7080502011022096,0,0,0,0,0,0,0,1,0,0,0.0
43976_2008,0.037238689305903835,0.038418524186026586,0.2994569869985364,0.4464534606547998,0.07518291832780016,0.1006431467646094,2.1083061462545074,1.0702195825535217,0.21980720922994412,0.1441943641617495,-10.328637742469231,-10.99565387764286,-0.09175384794347022,-0.6469236190345807,2.7080502011022096,2.1294214739848565,0,1,0,0,0,0,0,0,0,0,0.0
43976_2009,0.038418524186026586,-0.3574752677889857,0.4464534606547998,0.5914518205899173,0.1006431467646094,0.2366990561186819,1.0702195825535217,0.8036597711398791,0.1441943641617495,0.2344785705114206,-10.99565387764286,-11.43436376793861,-0.6469236190345807,-0.2892265467370808,2.1294214739848565,1.208960345836975,0,1,0,0,0,0,0,0,0,0,0.0
43976_2010,-0.3574752677889857,-0.17457714191136806,0.5914518205899173,0.4543330460183954,0.2366990561186819,0.15503829313431938,0.8036597711398791,1.5607310983628426,0.2344785705114206,0.3430468636082949,-11.43436376793861,-11.267193874492367,-0.2892265467370808,0.36128725324090094,1.208960345836975,1.5581446180465501,0,1,0,0,0,0,0,0,0,0,0.0
4402_2008,0.03554322952449964,0.031288650549627546,0.19826318117746025,0.2115212379513597,0.009931028036655229,0.008741696381811869,3.1591324269130614,3.538918862235082,0.1517981215951455,0.24127954604519924,-10.638383872446763,-9.865371034013666,0.03760611037193881,0.0517707921940337,2.7080502011022096,2.7080502011022096,0,1,0,0,0,0,0,0,0,0,0.0
4402_2009,0.031288650549627546,0.05786137917727791,0.2115212379513597,0.3268482254429447,0.008741696381811869,0.03190192229790819,3.538918862235082,1.6816072854616937,0.24127954604519924,0.11301701281385552,-9.865371034013666,-9.619376866429766,0.0517707921940337,0.3387749797994413,2.7080502011022096,2.7080502011022096,0,1,0,0,0,0,0,0,0,0,0.0
4402_2010,0.05786137917727791,0.031851968140247267,0.3268482254429447,0.2589597445614873,0.03190192229790819,0.032721247922486194,1.6816072854616937,1.6113428397724434,0.11301701281385552,0.18914066461827772,-9.619376866429766,-10.234791437742457,0.3387749797994413,-0.3454608628955694,2.7080502011022096,2.7080502011022096,0,1,0,0,0,0,0,0,0,0,0.0
44055_2008,0.007545767294091817,0.007677825697751203,0.8562804579717416,0.908628872063216,0.014772593503846472,0.014027540010029428,2.0211454553478982,1.2814781948316143,0.04685212562238137,0.12195072803844635,-10.189576751729124,-10.649768812526307,0.1834601311178992,-0.44847789572149294,2.7080502011022096,2.7080502011022096,0,0,0,0,0,1,0,0,0,0,0.0
44055_2009,0.007677825697751203,0.0030854420716858147,0.908628872063216,0.9084361729774458,0.014027540010029428,0.014018104375106036,1.2814781948316143,1.3931671585817031,0.12195072803844635,0.12091099280616402,-10.649768812526307,-10.061886358977956,-0.44847789572149294,0.4880193033895028,2.7080502011022096,2.7080502011022096,0,0,0,0,0,1,0,0,0,0,0.0
44055_2010,0.0030854420716858147,0.0016686589960058732,0.9084361729774458,0.9403521541810398,0.014018104375106036,0.046385261728349794,1.3931671585817031,0.9981161902661876,0.12091099280616402,0.16566636731343953,-10.061886358977956,-10.653092527406052,0.4880193033895028,-0.2554383853963109,2.7080502011022096,2.66374994220563,0,0,0,0,0,1,0,0,0,0,0.0
44059_2008,0.00780791008557197,0.007166247058629937,0.8739409936566053,0.9021572789652959,0.0068287283409255405,0.002883776801434895,1.3874246194070765,1.0617525345190104,0.0799452303847731,0.06673347383153345,-12.838591414908946,-13.201229424754189,-0.036871858886773,-0.260404519333859,2.4840729690394228,2.079441541679836,0,0,0,0,0,1,0,0,0,0,0.0
44059_2009,0.007166247058629937,0.00209188188913026,0.9021572789652959,0.9372234290771584,0.002883776801434895,0.012953576313460457,1.0617525345190104,0.7077418477028437,0.06673347383153345,0.11595591195799936,-13.201229424754189,-13.232919267943174,-0.260404519333859,-0.2595339308781471,2.079441541679836,1.5051878910603012,0,0,0,0,0,1,0,0,0,0,0.0
44059_2010,0.00209188188913026,-0.043198161453739864,0.9372234290771584,0.9732623660898384,0.012953576313460457,0.13840268015977414,0.7077418477028437,0.6537550759810191,0.11595591195799936,0.1042547429407191,-13.232919267943174,-14.149861634695661,-0.2595339308781471,-1.0300655174370419,1.5051878910603012,0.7740356842932838,0,0,0,0,0,1,0,0,0,0,0.0
44115_2008,0.031334537383071875,0.04266509765560293,0.04404808904338287,0.057580614440622464,0.2696565391439659,0.3336681061625165,2.400421329033555,1.9115833136660096,0.11575470878307695,0.08748587850640062,-8.894563551058683,-8.986221872833344,0.11744158586382912,-0.22243381836268916,2.7080502011022096,2.7080502011022096,0,0,0,0,0,0,1,0,0,0,0.0
44115_2009,0.04266509765560293,-0.10128887298618308,0.057580614440622464,0.10006392351691913,0.3336681061625165,0.6569422849038986,1.9115833136660096,1.013035263553855,0.08748587850640062,0.1573561902859218,-8.986221872833344,-9.302154289169934,-0.22243381836268916,-0.08595198182329039,2.7080502011022096,2.6810215287142913,0,0,0,0,0,0,1,0,0,0,0.0
44115_2010,-0.10128887298618308,-0.13400967382252196,0.10006392351691913,0.06731520990383431,0.6569422849038986,0.3867695182210471,1.013035263553855,1.7241106997787186,0.1573561902859218,0.17117448406762698,-9.302154289169934,-9.123041172909911,-0.08595198182329039,0.03913334163483306,2.6810215287142913,2.7080502011022096,0,0,0,0,0,0,1,0,0,0,0.0
44117_2008,0.0,-0.13253826242435174,0.0,0.03296779915889374,0.0,0.01220160538265106,0.0,5.627066118120514,0.0,0.14667343404773822,0.0,-10.705594635321617,0.0,-0.1931177906821928,0.0,1.8293763327993615,0,0,1,0,0,0,0,0,0,0,0.0
44117_2009,-0.13253826242435174,-0.9874953861666022,0.03296779915889374,0.08250884505622125,0.01220160538265106,0.8111344178467578,5.627066118120514,0.846898608002965,0.14667343404773822,0.4037013336695899,-10.705594635321617,-12.861568233118005,-0.1931177906821928,-1.936170039992818,1.8293763327993615,-0.9675840262617056,0,0,1,0,0,0,0,0,0,0,0.0
44117_2010,-0.9874953861666022,-0.6674044197777753,0.08250884505622125,0.08330618252086869,0.8111344178467578,0.49011897673269,0.846898608002965,1.1171766213601804,0.4037013336695899,0.3367751797210952,-12.861568233118005,-13.318506510891623,-1.936170039992818,-0.018076623861825455,-0.9675840262617056,-1.1910565790593897,0,0,1,0,0,0,0,0,0,0,0.0
44118_2008,0.03356831151393085,0.02664371737273593,0.3871169776804522,0.5295519468622346,0.08939534234045478,0.05231974525251535,1.9207852003211183,1.3188340690391551,0.06474604498927294,0.10450137651280804,-6.1995380663281106,-6.820159836491926,0.22479382420046426,-0.5656756926920717,2.7080502011022096,2.7080502011022096,0,0,1,0,0,0,0,0,0,0,0.0
44118_2009,0.02664371737273593,0.002568421787195109,0.5295519468622346,0.7580721135300583,0.05231974525251535,0.06285364260362371,1.3188340690391551,0.558339663562841,0.10450137651280804,0.20823053222708973,-6.820159836491926,-7.3985909708365725,-0.5656756926920717,-0.6244970466735869,2.7080502011022096,2.7080502011022096,0,0,1,0,0,0,0,0,0,0,0.0
44118_2010,0.002568421787195109,0.00900376242327645,0.7580721135300583,0.5889993180128887,0.06285364260362371,0.06513360050880836,0.558339663562841,1.1585550246675709,0.20823053222708973,0.12674953398570096,-7.3985909708365725,-6.9367016316104255,-0.6244970466735869,0.415932694163041,2.7080502011022096,2.7080502011022096,0,0,1,0,0,0,0,0,0,0,0.0
44168_2008,0.04491486631906162,0.024186030115285976,0.13240337897934476,0.13372437658323275,0.24973661275249304,0.2833198774911668,1.5218213020560074,1.464960244929311,0.11229907168006656,0.07661182091148808,-10.950683786835054,-10.984208815449,-0.29568914579486844,0.027443202047982816,2.7080502011022096,2.7080502011022096,0,0,1,0,0,0,0,0,0,0,0.0
44168_2009,0.024186030115285976,0.002487019171768314,0.13372437658323275,0.16611441808638536,0.2833198774911668,0.4087019606182143,1.464960244929311,1.0334652107656566,0.07661182091148808,0.08455185838197099,-10.984208815449,-10.7116276314985,0.027443202047982816,0.21939931019201045,2.7080502011022096,2.7080502011022096,0,0,1,0,0,0,0,0,0,0,0.0
44168_2010,0.002487019171768314,-0.012243405141213205,0.16611441808638536,0.18881938489510292,0.4087019606182143,0.2731793882219968,1.0334652107656566,1.4546983742039732,0.08455185838197099,0.12757128813220922,-10.7116276314985,-10.651288516155427,0.21939931019201045,0.08674177092849616,2.7080502011022096,2.7080502011022096,0,0,1,0,0,0,0,0,0,0,0.0
44176_2008,0.03974266402810625,0.031984921414076814,0.13863553729652686,0.12499551936868168,0.1907951267215307,0.14292291678484514,2.517388444041175,2.732431248458848,0.10874526398934647,0.1140641671255482,-9.566522472443607,-9.233637209074704,0.26561863879765235,0.3089071075091683,2.7080502011022096,2.7080502011022096,0,0,0,0,0,0,1,0,0,0,0.0
44176_2009,0.031984921414076814,0.030781183811928164,0.12499551936868168,0.3329671424079105,0.14292291678484514,0.34619708279643896,2.732431248458848,1.0004332226140669,0.1140641671255482,0.17315976919172685,-9.233637209074704,-9.90717919358545,0.3089071075091683,-0.4284689232892133,2.7080502011022096,2.4344901638739844,0,0,0,0,0,0,1,0,0,0,0.0
44176_2010,0.030781183811928164,0.009598624659939436,0.3329671424079105,0.2252000047720581,0.34619708279643896,0.2541326640384694,1.0004332226140669,1.68132832112083,0.17315976919172685,0.10471233204344632,-9.90717919358545,-9.486284120190714,-0.4284689232892133,0.37141002115496935,2.4344901638739844,2.7080502011022096,0,0,0,0,0,0,1,0,0,0,0.0
44184_2008,0.03366096713942583,0.03274005340563349,0.3270687044580041,0.3821414767700537,0.35711895924326537,0.39398020823639385,1.9468020852608736,1.995949001545724,0.10328597332717122,0.04403728806780617,-9.543116519620687,-9.369387948441084,0.10088252600385716,0.2103830933857904,2.7080502011022096,2.7080502011022096,0,0,0,0,1,0,0,0,0,0,0.0
44184_2009,0.03274005340563349,0.0,0.3821414767700537,0.0,0.39398020823639385,0.0,1.995949001545724,0.0,0.04403728806780617,0.0,-9.369387948441084,0.0,0.2103830933857904,0.0,2.7080502011022096,0.0,0,0,0,0,1,0,0,0,0,0,0.0
44184_2010,0.0,0.0,0.0,0.0,0.0,0.0,0.0,0.0,0.0,0.0,0.0,0.0,0.0,0.0,0.0,0.0,0,0,0,0,1,0,0,0,0,0,0.0
44193_2008,0.0,0.0,0.0,0.0,0.0,0.0,0.0,0.0,0.0,0.0,0.0,0.0,0.0,0.0,0.0,0.0,0,0,0,0,0,1,0,0,0,0,0.0
44193_2009,0.0,0.0,0.0,0.0,0.0,0.0,0.0,0.0,0.0,0.0,0.0,0.0,0.0,0.0,0.0,0.0,0,0,0,0,0,1,0,0,0,0,0.0
44193_2010,0.0,0.0,0.0,0.0,0.0,0.0,0.0,0.0,0.0,0.0,0.0,0.0,0.0,0.0,0.0,0.0,0,0,0,0,0,1,0,0,0,0,0.0
44265_2008,0.018054154246753037,0.008006956919916944,0.5662052370804317,0.7702238581617492,0.03953036270622008,0.0385329492117873,1.3588174155027029,0.6963242286555982,0.06317644896092915,0.0824367171794745,-9.548002331757301,-9.587426012259591,-0.08801970379861054,-0.5546890332152936,2.5217206229107165,1.9726911717329556,0,0,0,0,0,0,0,0,0,1,0.0
44265_2009,0.008006956919916944,0.042706257249781686,0.7702238581617492,0.9670967053732684,0.0385329492117873,0.10293710719037856,0.6963242286555982,0.09041756140689476,0.0824367171794745,0.27641640465512163,-9.587426012259591,-11.20634303073433,-0.5546890332152936,-1.2742130151494833,1.9726911717329556,0.13976194237515865,0,0,0,0,0,0,0,0,0,1,0.0
44265_2010,0.042706257249781686,0.0,0.9670967053732684,0.0,0.10293710719037856,0.0,0.09041756140689476,0.0,0.27641640465512163,0.0,-11.20634303073433,0.0,-1.2742130151494833,0.0,0.13976194237515865,0.0,0,0,0,0,0,0,0,0,0,1,0.0
44272_2008,-0.025634922835438768,-0.022104276777546082,0.7784599104624436,0.7802572659291167,0.001862039171131373,0.0027556269977369787,3.468813875813048,3.639614990583342,0.1572448117234631,0.08769505637075663,-9.592157009279537,-9.76141562740858,0.3599046120813454,-0.28618827436393235,1.4655675420143983,1.3056264580524355,1,0,0,0,0,0,0,0,0,0,0.0
44272_2009,-0.022104276777546082,-0.02056359046972253,0.7802572659291167,0.9194626876125984,0.0027556269977369787,0.03508391914643733,3.639614990583342,0.7630527817431585,0.08769505637075663,0.1953195550932127,-9.76141562740858,-9.908899390194444,-0.28618827436393235,-0.540689810523544,1.3056264580524355,0.131028262406404,1,0,0,0,0,0,0,0,0,0,0.0
44272_2010,-0.02056359046972253,0.010921638752390996,0.9194626876125984,0.7693558645966211,0.03508391914643733,0.029008182360073964,0.7630527817431585,1.5368002741378928,0.1953195550932127,0.2290004870148661,-9.908899390194444,-9.028226616847256,-0.540689810523544,1.0867206464308985,0.131028262406404,1.2441545939587682,1,0,0,0,0,0,0,0,0,0,0.0
44276_2008,0.02225424705968502,0.0,0.3586595115068248,0.0,0.10815370782073046,0.0,1.0257275930240957,0.0,0.029878886920384377,0.0,-8.917580652408889,0.0,-0.05888444698936534,0.0,2.7080502011022096,0.0,0,0,0,0,0,0,0,0,0,1,0.0
44276_2009,0.0,0.0,0.0,0.0,0.0,0.0,0.0,0.0,0.0,0.0,0.0,0.0,0.0,0.0,0.0,0.0,0,0,0,0,0,0,0,0,0,1,0.0
44276_2010,0.0,0.0,0.0,0.0,0.0,0.0,0.0,0.0,0.0,0.0,0.0,0.0,0.0,0.0,0.0,0.0,0,0,0,0,0,0,0,0,0,1,0.0
44289_2008,0.013013289148261923,0.01587526899402247,0.4866726123679514,0.6115727608307989,0.11201605994028707,0.012082269056851305,1.118310692447979,1.0494416405563831,0.05573611860202241,0.032834379069623554,-11.209009249831887,-11.358074391729865,0.007305079769104397,-0.16310516385559154,2.7080502011022096,2.7080502011022096,0,0,0,0,0,0,0,0,0,1,0.0
44289_2009,0.01587526899402247,0.013226006658777377,0.6115727608307989,0.8040184227071578,0.012082269056851305,0.025127258578931284,1.0494416405563831,0.5835807163517336,0.032834379069623554,0.14927892802868384,-11.358074391729865,-11.588743862751794,-0.16310516385559154,-0.2515380443094267,2.7080502011022096,2.1400661634962708,0,0,0,0,0,0,0,0,0,1,0.0
44289_2010,0.013226006658777377,0.0,0.8040184227071578,0.0,0.025127258578931284,0.0,0.5835807163517336,0.0,0.14927892802868384,0.0,-11.588743862751794,0.0,-0.2515380443094267,0.0,2.1400661634962708,0.0,0,0,0,0,0,0,0,0,0,1,0.0
44290_2008,0.027966078199486592,0.02018833944422456,0.09920937175148856,0.5155532861019848,0.12819798111209058,0.06341018350819215,1.7429130425327906,1.736733384757888,0.07666071621584815,0.08418946213377054,-10.636282844450466,-10.536215238110467,-0.2336758705713677,0.2291813335760403,2.7080502011022096,2.7080502011022096,0,0,0,0,1,0,0,0,0,0,0.0
44290_2009,0.02018833944422456,-0.4492133822024836,0.5155532861019848,0.9462393156471351,0.06341018350819215,0.10729965611453303,1.736733384757888,0.6328823976014741,0.08418946213377054,0.631875565615326,-10.536215238110467,-12.950964225141785,0.2291813335760403,-2.593637911735984,2.7080502011022096,0.37156355643248296,0,0,0,0,1,0,0,0,0,0,0.0
44290_2010,-0.4492133822024836,0.040269101137088405,0.9462393156471351,0.6114304318206338,0.10729965611453303,0.11305694057762887,0.6328823976014741,2.9028574943830114,0.631875565615326,0.23622525314756174,-12.950964225141785,-10.793433410562649,-2.593637911735984,1.6978460830319722,0.37156355643248296,2.7080502011022096,0,0,0,0,1,0,0,0,0,0,0.0
44292_2008,0.00733891265600359,0.006578604179929095,0.8689474047045719,0.8926597047167734,0.02377864536267572,0.02000345543297521,1.8629382723111647,1.5306731803120248,0.07062773880519148,0.07293863058039048,-10.112321566021237,-10.196318395238713,-0.2040839879178995,-0.08116426148124534,2.7080502011022096,2.7080502011022096,0,0,0,0,0,1,0,0,0,0,0.0
44292_2009,0.006578604179929095,0.004697454941909986,0.8926597047167734,0.9201210040853496,0.02000345543297521,0.015878930871179857,1.5306731803120248,1.0590499587556792,0.07293863058039048,0.13683093479991418,-10.196318395238713,-9.85369244738281,-0.08116426148124534,0.1542775361639352,2.7080502011022096,2.5922651681085,0,0,0,0,0,1,0,0,0,0,0.0
44292_2010,0.004697454941909986,0.004223125381361232,0.9201210040853496,0.9123195799424066,0.015878930871179857,0.02193377876418398,1.0590499587556792,1.0373935966676509,0.13683093479991418,0.1186608479285802,-9.85369244738281,-9.893335347937397,0.1542775361639352,-0.08441729568872144,2.5922651681085,2.6361960973342264,0,0,0,0,0,1,0,0,0,0,0.0
44293_2008,0.011855594680217092,0.01249950235772395,0.8148139012208501,0.8675257186908178,0.03286835968501688,0.02904421283849578,1.9197083537100432,1.315251400847355,0.03469732861636349,0.09250869701678296,-10.376996639179328,-10.768631530676878,0.0772905071688077,-0.3037024698341218,2.7080502011022096,2.7080502011022096,0,0,0,0,0,1,0,0,0,0,0.0
44293_2009,0.01249950235772395,0.008962112116066099,0.8675257186908178,0.8189907982743473,0.02904421283849578,0.017439338710165342,1.315251400847355,1.8526098437557428,0.09250869701678296,0.18553645367272287,-10.768631530676878,-9.845913255648938,-0.3037024698341218,0.6322100498752495,2.7080502011022096,2.7080502011022096,0,0,0,0,0,1,0,0,0,0,0.0
44293_2010,0.008962112116066099,0.005118111825046036,0.8189907982743473,0.8629639802197797,0.017439338710165342,0.03256837818763292,1.8526098437557428,1.0694434332279383,0.18553645367272287,0.1690144948451205,-9.845913255648938,-10.44567507394415,0.6322100498752495,-0.5639192264884281,2.7080502011022096,2.7080502011022096,0,0,0,0,0,1,0,0,0,0,0.0
44379_2008,0.008497491355338237,0.0064466770923573705,0.8311742523219767,0.8989638063521709,0.02782393253755056,0.021596930796665283,1.9312718911009967,1.1890978618377497,0.11240502381152817,0.07325976505807735,-12.075030544228966,-12.565760173263962,-0.1173371650833512,-0.6409602229843586,2.7080502011022096,2.3978952727983707,0,0,0,0,0,1,0,0,0,0,0.0
44379_2009,0.0064466770923573705,-0.00762536807871981,0.8989638063521709,0.9590363548600864,0.021596930796665283,0.06871851651243564,1.1890978618377497,0.6028334310410456,0.07325976505807735,0.16176770671989368,-12.565760173263962,-12.854156902275864,-0.6409602229843586,-0.32273261747559584,2.3978952727983707,1.608437412100517,0,0,0,0,0,1,0,0,0,0,0.0
44379_2010,-0.00762536807871981,-0.009547044275924746,0.9590363548600864,0.9769037360442532,0.06871851651243564,0.09953036708676903,0.6028334310410456,0.4198164771861767,0.16176770671989368,0.20992660429505905,-12.854156902275864,-13.636112903589408,-0.32273261747559584,-0.7274789309538319,1.608437412100517,0.8775499035577244,0,0,0,0,0,1,0,0,0,0,1.0
44390_2008,0.0,-0.09144421549944884,0.0,0.15100381133395965,0.0,0.003346774888682278,0.0,1.512150597117075,0.0,0.2039484478921133,0.0,-9.523692306714787,0.0,-0.6975524660111267,0.0,2.080690761080268,1,0,0,0,0,0,0,0,0,0,0.0
44390_2009,-0.09144421549944884,0.03718554639536061,0.15100381133395965,0.19253502523326896,0.003346774888682278,0.004006432426868775,1.512150597117075,1.0412548588179011,0.2039484478921133,0.3340061312033165,-9.523692306714787,-9.390649267796082,-0.6975524660111267,0.1879624324180411,2.080690761080268,1.6992786164338898,1,0,0,0,0,0,0,0,0,0,0.0
44390_2010,0.03718554639536061,0.001019745739470507,0.19253502523326896,0.10959970505090898,0.004006432426868775,0.07593749782891893,1.0412548588179011,1.7757921706659985,0.3340061312033165,0.1718606117136717,-9.390649267796082,-8.790778835048446,0.1879624324180411,0.22264288622605066,1.6992786164338898,2.3988039507345884,1,0,0,0,0,0,0,0,0,0,0.0
44492_2008,0.005191378381793433,0.0028109213385084943,0.9090236072905048,0.9108262896590698,0.020898039911920224,0.016497704867052827,1.405506211617541,1.4266312434007669,0.049283287231879074,0.061188451592549764,-12.675139962029956,-12.596795371063704,-0.09688989204144724,-0.03186122508117627,2.4069451083182885,2.427454075039915,0,0,0,0,0,1,0,0,0,0,1.0
44492_2009,0.0028109213385084943,0.0,0.9108262896590698,0.0,0.016497704867052827,0.0,1.4266312434007669,0.0,0.061188451592549764,0.0,-12.596795371063704,0.0,-0.03186122508117627,0.0,2.427454075039915,0.0,0,0,0,0,0,1,0,0,0,0,1.0
44492_2010,0.0,0.0,0.0,0.0,0.0,0.0,0.0,0.0,0.0,0.0,0.0,0.0,0.0,0.0,0.0,0.0,0,0,0,0,0,1,0,0,0,0,1.0
44497_2008,0.031987105727129345,0.01799251369894804,0.11710904868712005,0.23012539963797105,0.0029043816462677864,0.020269528679740845,2.533747158142213,2.6937949264435095,0.1416888246330815,0.2073847047895747,-9.2484055989515,-8.425817022499485,-0.08304247682128131,-0.03581896432268452,2.7080502011022096,2.7080502011022096,0,0,1,0,0,0,0,0,0,0,0.0
44497_2009,0.01799251369894804,0.0400753874123272,0.23012539963797105,0.3455174829323876,0.020269528679740845,0.031718442191918585,2.6937949264435095,1.508389365198769,0.2073847047895747,0.16049664567975075,-8.425817022499485,-8.479018463743857,-0.03581896432268452,-0.007872489010916417,2.7080502011022096,2.4561641809223462,0,0,1,0,0,0,0,0,0,0,0.0
44497_2010,0.0400753874123272,0.03520185283079807,0.3455174829323876,0.2320695418853768,0.031718442191918585,0.03006322867912653,1.508389365198769,2.0765267246228647,0.16049664567975075,0.08803669190314384,-8.479018463743857,-8.179944188500206,-0.007872489010916417,0.2316377801272693,2.4561641809223462,2.7080502011022096,0,0,1,0,0,0,0,0,0,0,0.0
44503_2008,0.003171569706280501,0.004376669783558122,0.8731106391377274,0.8994590145429446,0.012754853305257798,0.010009332504483987,1.3029538732095292,1.0177348524716576,0.039054422835297385,0.08721211547063508,-11.585123446689739,-11.886853818308532,0.17411469180434735,-0.3464711575118775,2.7080502011022096,2.6953026282797072,0,0,0,0,0,1,0,0,0,0,0.0
44503_2009,0.004376669783558122,-0.017687404800856645,0.8994590145429446,0.9898883472738886,0.010009332504483987,0.0462740752627817,1.0177348524716576,0.30717511540390263,0.08721211547063508,0.289771475844531,-11.886853818308532,-13.753376522769447,-0.3464711575118775,-1.8795186331256484,2.6953026282797072,0.3364722366212129,0,0,0,0,0,1,0,0,0,0,0.0
44503_2010,-0.017687404800856645,-0.09575607843319996,0.9898883472738886,0.9981624799708672,0.0462740752627817,0.06115883960617013,0.30717511540390263,1.3407,0.289771475844531,0.4574971041401985,-13.753376522769447,-15.776147918319168,-1.8795186331256484,-2.2406737961656367,0.3364722366212129,-1.5050778971098575,0,0,0,0,0,1,0,0,0,0,0.0
44506_2008,0.04094185032097012,-0.04133773446526148,0.29464801016364306,0.3468551904940889,0.032175637815304935,0.028690207052187763,2.5203354714375026,2.4496021363705753,0.2500902533382511,0.08693963000404509,-9.04542516743214,-9.347865989015721,-1.0857132329991348,-0.2890250193005868,2.7080502011022096,2.7080502011022096,0,0,1,0,0,0,0,0,0,0,0.0
44506_2009,-0.04133773446526148,0.04556321044472732,0.3468551904940889,0.3652244808677971,0.028690207052187763,0.09495201340741216,2.4496021363705753,2.257691091992728,0.08693963000404509,0.10852047446171408,-9.347865989015721,-8.88726928642248,-0.2890250193005868,0.4653416387123582,2.7080502011022096,2.7080502011022096,0,0,1,0,0,0,0,0,0,0,0.0
44506_2010,0.04556321044472732,0.05311342062324677,0.3652244808677971,0.2997275204359673,0.09495201340741216,0.15388424039288498,2.257691091992728,2.3352476772966098,0.10852047446171408,0.11785167370096038,-8.88726928642248,-8.803887493324378,0.4653416387123582,0.1383450384924148,2.7080502011022096,2.7080502011022096,0,0,1,0,0,0,0,0,0,0,0.0
4450_2008,-0.10284761405232952,-0.09410054599050398,0.833563122740792,0.9281355350579072,0.00817583644746496,0.010551970499087241,1.274737441316484,193.3372,0.18110362155639653,0.16990356122720646,-10.15569760834474,-11.111598319400883,-0.9005763470019963,-1.0581323265074498,1.6563214983329508,0.7080357930536959,0,0,1,0,0,0,0,0,0,0,0.0
4450_2009,-0.09410054599050398,-0.040514827347972925,0.9281355350579072,0.9891344887618994,0.010551970499087241,0.07543677722576278,193.3372,30.2951,0.16990356122720646,0.30154916181135194,-11.111598319400883,-12.465245261769258,-1.0581323265074498,-1.4136657269908166,0.7080357930536959,-1.171182981502945,0,0,1,0,0,0,0,0,0,0,0.0
4450_2010,-0.040514827347972925,0.0,0.9891344887618994,0.0,0.07543677722576278,0.0,30.2951,0.0,0.30154916181135194,0.0,-12.465245261769258,0.0,-1.4136657269908166,0.0,-1.171182981502945,0.0,0,0,1,0,0,0,0,0,0,0,0.0
4456_2008,0.06347456005249298,0.06338860793450507,0.18632266766306085,0.18986775824896426,0.3779766515688651,0.3998052638376934,1.2450287537441225,1.1631662360968262,0.07156679886244696,0.04509880458775565,-13.431780826489966,-13.442622068041565,-0.343219776748234,-0.0218463232053198,1.4085449700547104,1.4085449700547104,0,0,0,0,0,0,1,0,0,0,0.0
4456_2009,0.06338860793450507,0.06175110624968925,0.18986775824896426,0.29523193954159005,0.3998052638376934,0.8535772883209864,1.1631662360968262,0.5971111195359594,0.04509880458775565,0.11105541484237832,-13.442622068041565,-13.78940910243727,-0.0218463232053198,-0.3219713802128988,1.4085449700547104,0.688134638736401,0,0,0,0,0,0,1,0,0,0,0.0
4456_2010,0.06175110624968925,0.011030120714258166,0.29523193954159005,0.2346407497396737,0.8535772883209864,0.6699062825407845,0.5971111195359594,0.8080178826633442,0.11105541484237832,0.06729590016607978,-13.78940910243727,-13.87486128305347,-0.3219713802128988,-0.07463412941790877,0.688134638736401,0.8372475245337022,0,0,0,0,0,0,1,0,0,0,0.0
44803_2008,-0.18084167920709876,-0.2085567945975793,0.03839966789476415,0.030274373409326025,0.21988999014062585,0.06365869293407549,3.12312767813128,6.829810155156922,0.1563741892388208,0.14215356207778368,-13.991075252941663,-13.640610220481227,-0.8829434968128023,0.19944125438097893,0.26236426446749106,0.6151856390902335,0,1,0,0,0,0,0,0,0,0,0.0
44803_2009,-0.2085567945975793,0.0,0.030274373409326025,0.0,0.06365869293407549,0.0,6.829810155156922,0.0,0.14215356207778368,0.0,-13.640610220481227,0.0,0.19944125438097893,0.0,0.6151856390902335,0.0,0,1,0,0,0,0,0,0,0,0,0.0
44803_2010,0.0,0.0,0.0,0.0,0.0,0.0,0.0,0.0,0.0,0.0,0.0,0.0,0.0,0.0,0.0,0.0,0,1,0,0,0,0,0,0,0,0,0.0
44884_2008,-0.4942955665501115,-0.17207486301568778,0.2924036001528276,0.029332186897591574,0.06915930337719871,0.29216019820769434,3.525866410898426,2.5820790821899613,0.2562961236443353,0.2456089627405107,-12.983119724739433,-11.052704793939457,-1.4959936419635895,0.7440295827162329,1.3190856114264409,1.8325814637483104,0,0,0,0,0,0,1,0,0,0,0.0
44884_2009,-0.17207486301568778,-0.6147316123338555,0.029332186897591574,0.2661346619443076,0.29216019820769434,0.3997273047766024,2.5820790821899613,0.7424181479309383,0.2456089627405107,0.27926075635536984,-11.052704793939457,-12.428413142547072,0.7440295827162329,-0.8386183655196939,1.8325814637483104,-0.06187540371808752,0,0,0,0,0,0,1,0,0,0,0.0
44884_2010,-0.6147316123338555,-0.6605465864725124,0.2661346619443076,0.6329270866307902,0.3997273047766024,0.00044845415215785596,0.7424181479309383,0.626282720627948,0.27926075635536984,0.36290860229184296,-12.428413142547072,-13.477856683955435,-0.8386183655196939,-1.791580320538459,-0.06187540371808752,-0.8906229851255774,0,0,0,0,0,0,1,0,0,0,0.0
4494_2008,0.034787019609413584,0.015635815425695154,0.3555324176044212,0.4683912358790442,0.009646745780661124,0.009117158851372391,1.897826574053328,1.276993708552967,0.06484946303272983,0.04171191289669963,-12.419743641373602,-12.553283215202296,-0.4617059935638795,-0.12645249759357524,1.9459101490553128,1.80005827204275,0,0,0,0,1,0,0,0,0,0,0.0
4494_2009,0.015635815425695154,0.014890784023736796,0.4683912358790442,0.6520707496533009,0.009117158851372391,0.01581224343114625,1.276993708552967,0.9440698879497544,0.04171191289669963,0.2020769847968309,-12.553283215202296,-13.944177976905706,-0.12645249759357524,-1.5987058143524386,1.80005827204275,-0.1471088650382122,0,0,0,0,1,0,0,0,0,0,0.0
4494_2010,0.014890784023736796,0.011059974896767506,0.6520707496533009,0.7881566102147115,0.01581224343114625,0.02866861914030524,0.9440698879497544,0.4439697403684985,0.2020769847968309,0.20660345044925052,-13.944177976905706,-13.415388025654256,-1.5987058143524386,0.3856402495943523,-0.1471088650382122,0.6097655716208943,0,0,0,0,1,0,0,0,0,0,0.0
44994_2008,0.005684130486002528,0.04581166103906639,0.06464058517360294,0.12778766835916272,0.2893873026752629,0.4342338366044941,2.6130771664568595,1.6888426565383363,0.16312854898079526,0.17923489622964028,-10.503318396560244,-11.071992146146547,-0.11314618084413795,-0.6174133265259294,2.7080502011022096,2.7080502011022096,0,0,0,0,1,0,0,0,0,0,0.0
44994_2009,0.04581166103906639,-0.02064664515404744,0.12778766835916272,0.18255980978315625,0.4342338366044941,0.6994455846836292,1.6888426565383363,1.011875343633826,0.17923489622964028,0.13119221371639833,-11.071992146146547,-11.143672014874019,-0.6174133265259294,0.07795169977136668,2.7080502011022096,2.182674796321488,0,0,0,0,1,0,0,0,0,0,0.0
44994_2010,-0.02064664515404744,-0.13111152971609186,0.18255980978315625,0.1520252982436884,0.6994455846836292,0.73872325151254,1.011875343633826,1.1187715590752174,0.13119221371639833,0.11502145166159874,-11.143672014874019,-11.371646074370293,0.07795169977136668,-0.059053023259685124,2.182674796321488,2.1412419425852827,0,0,0,0,1,0,0,0,0,0,0.0
44995_2008,0.012813773833461729,0.01268286397648581,0.8348717834618697,0.8673847025676539,0.08981137183027822,0.06390709357833071,1.6582893052484582,1.1865550992543883,0.024688331183371198,0.051784172466076514,-11.870085354827912,-12.151240447795393,-0.12183816794152838,-0.30355083187025084,2.6912430827858294,2.431417964837014,0,0,0,0,0,1,0,0,0,0,0.0
44995_2009,0.01268286397648581,0.00709402250954463,0.8673847025676539,0.935016738386834,0.06390709357833071,0.026943205164680302,1.1865550992543883,0.6489037075899265,0.051784172466076514,0.09473601147653386,-12.151240447795393,-12.024524495721984,-0.30355083187025084,-0.2874466391754619,2.431417964837014,1.8180767775454283,0,0,0,0,0,1,0,0,0,0,0.0
44995_2010,0.00709402250954463,0.0035748942415609088,0.935016738386834,0.9313856513856512,0.026943205164680302,0.06724337391004058,0.6489037075899265,0.6215196121672576,0.09473601147653386,0.13274176150216174,-12.024524495721984,-12.205374228660517,-0.2874466391754619,-0.20623890470612624,1.8180767775454283,1.7137979277583428,0,0,0,0,0,1,0,0,0,0,0.0
44998_2008,-0.0008192757122947267,-0.003086414056493477,0.029846361816142357,0.03754145894894989,0.08507550898887539,0.07476299723822337,1.5649706924678557,1.4789523526176862,0.13342510747400207,0.1778079286125598,-10.440640165371716,-10.590111033767238,-0.702569052023031,-0.13085585724553325,2.5937610547000824,2.385086314505789,0,0,0,0,0,0,0,1,0,0,0.0
44998_2009,-0.003086414056493477,-0.5395538038914512,0.03754145894894989,0.0884543486608631,0.07476299723822337,0.11569703900312685,1.4789523526176862,1.3849227236213058,0.1778079286125598,0.18123130197306145,-10.590111033767238,-10.851538219086162,-0.13085585724553325,0.11130895269072172,2.385086314505789,1.763017000362401,0,0,0,0,0,0,0,1,0,0,0.0
44998_2010,-0.5395538038914512,-0.010434303861906895,0.0884543486608631,0.09082196203370756,0.11569703900312685,0.1702178047074802,1.3849227236213058,1.2369713783405978,0.18123130197306145,0.18157783436839706,-10.851538219086162,-11.286882126724088,0.11130895269072172,-0.2828206683677602,1.763017000362401,1.6253112615903906,0,0,0,0,0,0,0,1,0,0,0.0
44999_2008,0.005631545975850189,0.004247969682586548,0.8452091260080358,0.8439281082636628,0.07947991930143171,0.03722233019021885,2.0604009412339943,2.073295154119408,0.05687885910878216,0.07175488603449386,-9.53835264243001,-9.460249736527656,-0.0877752087923305,0.002176801007497061,2.7080502011022096,2.7080502011022096,0,0,0,0,0,1,0,0,0,0,0.0
44999_2009,0.004247969682586548,0.005777160532326991,0.8439281082636628,0.8652703247853057,0.03722233019021885,0.015490102447167574,2.073295154119408,1.6023605578783024,0.07175488603449386,0.1092747321636936,-9.460249736527656,-8.957388317073008,0.002176801007497061,0.2649099558314195,2.7080502011022096,2.7080502011022096,0,0,0,0,0,1,0,0,0,0,0.0
44999_2010,0.005777160532326991,0.006508040739011132,0.8652703247853057,0.8655585241731599,0.015490102447167574,0.011241585722525224,1.6023605578783024,1.5193131809280866,0.1092747321636936,0.0643682402398092,-8.957388317073008,-8.944032980733738,0.2649099558314195,-0.08019181619237084,2.7080502011022096,2.7080502011022096,0,0,0,0,0,1,0,0,0,0,0.0
45004_2008,0.047938244020064115,0.048364675680051226,0.23477982796313315,0.1994445654939204,0.06854492880391877,0.10178401229916777,2.1255481432036767,1.8416230731180123,0.1307930512146226,0.1107961231747744,-10.797373044946232,-10.797827675782246,0.1679153241728809,-0.15029471834505384,2.5136560630739857,2.5014359517392113,0,0,0,0,0,0,1,0,0,0,0.0
45004_2009,0.048364675680051226,-0.6407875707968983,0.1994445654939204,0.476914068182624,0.10178401229916777,0.36209870551546497,1.8416230731180123,0.5717537309593697,0.1107961231747744,0.19933430970506186,-10.797827675782246,-12.121769004850712,-0.15029471834505384,-1.1630215068840697,2.5014359517392113,0.6981347220709843,0,0,0,0,0,0,1,0,0,0,0.0
45004_2010,-0.6407875707968983,-0.090901580632598,0.476914068182624,0.31833709933809706,0.36209870551546497,0.12118243773836357,0.5717537309593697,2.142930733883555,0.19933430970506186,0.3348704897693226,-12.121769004850712,-11.099036660416687,-1.1630215068840697,1.5344558560773385,0.6981347220709843,1.9444805562457188,0,0,0,0,0,0,1,0,0,0,0.0
45005_2008,-0.2434091591660295,-0.1851429926152169,0.07784467503987075,0.13811253134722642,0.44926452297778136,0.4522390656101874,1.8594946559863004,1.7670360774389682,0.6830266019079055,0.10556292761920216,-11.651278544103073,-11.65198616856277,2.056398725633717,-0.3635560071572183,1.925707441737794,1.7011051009599245,0,0,0,0,1,0,0,0,0,0,0.0
45005_2009,-0.1851429926152169,-2.1371759389106146,0.13811253134722642,0.5458567278230821,0.4522390656101874,1.361175642565712,1.7670360774389682,0.4415877378990325,0.10556292761920216,0.2586568783934923,-11.65198616856277,-13.726609949069552,-0.3635560071572183,-1.9513727368936318,1.7011051009599245,-0.8675005677047231,0,0,0,0,1,0,0,0,0,0,0.0
45005_2010,-2.1371759389106146,-0.5347768939217974,0.5458567278230821,0.2683995223352015,1.361175642565712,0.314061872347635,0.4415877378990325,3.905532693320418,0.2586568783934923,0.24577353531253995,-13.726609949069552,-12.705516771003749,-1.9513727368936318,0.8514903990395052,-0.8675005677047231,0.03922071315328133,0,0,0,0,1,0,0,0,0,0,0.0
45078_2008,0.0,0.0,0.0,0.0,0.0,0.0,0.0,0.0,0.0,0.0,0.0,0.0,0.0,0.0,0.0,0.0,0,0,0,0,0,1,0,0,0,0,0.0
45078_2009,0.0,-0.37141424088342206,0.0,0.6995750532905766,0.0,0.003589833644535206,0.0,0.3789606554235725,0.0,0.17619483716226197,0.0,-8.687789345212627,0.0,-0.06868445309114303,0.0,2.2310890912889763,0,0,0,0,0,1,0,0,0,0,0.0
45078_2010,-0.37141424088342206,0.06690104180033196,0.6995750532905766,0.4300098828254768,0.003589833644535206,0.11608851519326242,0.3789606554235725,1.232634201945745,0.17619483716226197,0.2341204139262581,-8.687789345212627,-8.68644607502588,-0.06868445309114303,0.07933242095165705,2.2310890912889763,2.255493485460195,0,0,0,0,0,1,0,0,0,0,0.0
45081_2008,-0.7067719166638252,-0.09242628378934188,0.10064673054409476,0.024038979884724702,0.2686943771950762,0.1386913371023685,3.560609469639016,4.795872835096677,0.3716322877062829,0.33401637918218485,-12.904651745965307,-11.564556295505446,-1.4892908220472505,0.9135822320746434,0.20701416938432607,1.128171090909654,0,0,0,0,1,0,0,0,0,0,0.0
45081_2009,-0.09242628378934188,-0.3740888332777014,0.024038979884724702,0.053481220968069766,0.1386913371023685,0.3414182966193827,4.795872835096677,2.501378613285052,0.33401637918218485,0.15419006002711352,-11.564556295505446,-11.94918625899328,0.9135822320746434,-0.5269759913061283,1.128171090909654,0.01980262729617973,0,0,0,0,1,0,0,0,0,0,0.0
45081_2010,-0.3740888332777014,-0.1145148055502713,0.053481220968069766,0.013736552346826652,0.3414182966193827,0.1355313331383678,2.501378613285052,4.662457366744651,0.15419006002711352,0.22311721219237213,-11.94918625899328,-10.953608284282057,-0.5269759913061283,0.9488984641553779,0.01980262729617973,1.0224509277025455,0,0,0,0,1,0,0,0,0,0,0.0
45082_2008,-0.14759645065616656,-0.16944259713561818,0.1633290461493775,0.19217633618764204,0.2830781825751168,0.4149565823704705,2.528260407988153,2.058589060835456,0.07987916565429264,0.06632660824103316,-10.5793854252026,-10.918372943127556,-0.0571094920649657,-0.5311708440276077,2.012232791986386,1.5539252025038417,0,0,0,0,1,0,0,0,0,0,0.0
45082_2009,-0.16944259713561818,-0.31316418371439586,0.19217633618764204,0.2093612615004816,0.4149565823704705,0.3159028565524275,2.058589060835456,2.411408487882997,0.06632660824103316,0.22236027022894395,-10.918372943127556,-10.918139367389252,-0.5311708440276077,0.2645519178755717,1.5539252025038417,1.0473189942805592,0,0,0,0,1,0,0,0,0,0,0.0
45082_2010,-0.31316418371439586,0.12303910191080568,0.2093612615004816,0.10613024880026348,0.3159028565524275,0.5751265908132742,2.411408487882997,1.634131787727637,0.22236027022894395,0.2800997861767649,-10.918139367389252,-10.927300678108043,0.2645519178755717,0.020040977638102697,1.0473189942805592,1.0681530811834012,0,0,0,0,1,0,0,0,0,0,0.0
4516_2008,0.056849020499454374,0.052896076530190295,0.2332832537827081,0.2155412249855789,0.024440962988820363,0.02304222851293716,3.3050406202929548,3.8785134047189915,0.05008718814766768,0.06581028963678183,-8.802512496078196,-8.728895202698379,-0.05173794664306944,0.04302512723576922,2.7080502011022096,2.7080502011022096,0,1,0,0,0,0,0,0,0,0,0.0
4516_2009,0.052896076530190295,0.06793332926058496,0.2155412249855789,0.3222533759715265,0.02304222851293716,0.05641229627836341,3.8785134047189915,2.667049377468614,0.06581028963678183,0.13153491104941306,-8.728895202698379,-8.808700393325148,0.04302512723576922,0.01797767795263461,2.7080502011022096,2.7080502011022096,0,1,0,0,0,0,0,0,0,0,0.0
4516_2010,0.06793332926058496,0.03504983069967354,0.3222533759715265,0.31095101803311753,0.05641229627836341,0.1047378433083979,2.667049377468614,3.0335243475046734,0.13153491104941306,0.13724275970119285,-8.808700393325148,-8.86721990919725,0.01797767795263461,0.0483273883935964,2.7080502011022096,2.7080502011022096,0,1,0,0,0,0,0,0,0,0,0.0
45174_2008,0.0,0.0,0.0,0.0,0.0,0.0,0.0,0.0,0.0,0.0,0.0,0.0,0.0,0.0,0.0,0.0,0,0,0,0,0,1,0,0,0,0,0.0
45174_2009,0.0,0.0,0.0,0.0,0.0,0.0,0.0,0.0,0.0,0.0,0.0,0.0,0.0,0.0,0.0,0.0,0,0,0,0,0,1,0,0,0,0,0.0
45174_2010,0.0,0.0,0.0,0.0,0.0,0.0,0.0,0.0,0.0,0.0,0.0,0.0,0.0,0.0,0.0,0.0,0,0,0,0,0,1,0,0,0,0,0.0
45186_2008,0.09829370784310268,0.056357845058759085,0.15788930376129534,0.14334777540970414,0.001989037633095572,0.02076751545232947,1.9503734065276608,1.6766632269353825,0.10824585834544256,0.06316109023475558,-12.849447543933227,-12.877105167248967,0.4906607947840853,-0.14642633198877353,0.2390169004704999,0.20701416938432607,0,1,0,0,0,0,0,0,0,0,0.0
45186_2009,0.056357845058759085,0.060697793839058524,0.14334777540970414,0.29146865197431304,0.02076751545232947,0.021290385861799047,1.6766632269353825,1.3368117734274898,0.06316109023475558,0.12249696869156072,-12.877105167248967,-12.269669624825973,-0.14642633198877353,0.5500168391093556,0.20701416938432607,0.13976194237515865,0,1,0,0,0,0,0,0,0,0,0.0
45186_2010,0.060697793839058524,0.02766069974269871,0.29146865197431304,0.33476747166603393,0.021290385861799047,0.008030525731751238,1.3368117734274898,1.3823047942157656,0.12249696869156072,0.0975886661971338,-12.269669624825973,-12.39713655568311,0.5500168391093556,-0.03968458587347623,0.13976194237515865,0.2468600779315258,0,1,0,0,0,0,0,0,0,0,0.0
45190_2008,-0.15775451257469594,-0.13094844151848176,0.07839048934435645,0.04795327748460096,0.2915523873292113,0.29458871066060577,3.033327662540819,2.8562227446532584,0.1988642212603518,0.2603527859282376,-10.78659117820982,-10.354140352264187,-0.5002044716967641,0.4201581252627423,2.173614711697085,2.4042387467205457,0,0,0,0,1,0,0,0,0,0,0.0
45190_2009,-0.13094844151848176,-1.4230527276432487,0.04795327748460096,0.2588315036814545,0.29458871066060577,1.3308834604786333,2.8562227446532584,0.6555833383295303,0.2603527859282376,0.2647122724783608,-10.354140352264187,-12.365903949464991,0.4201581252627423,-2.1583266816400406,2.4042387467205457,-0.10536051565782628,0,0,0,0,1,0,0,0,0,0,0.0
45190_2010,-1.4230527276432487,-0.5120559138516542,0.2588315036814545,0.4260913159763261,1.3308834604786333,0.5337767483853991,0.6555833383295303,3.1698326444235896,0.2647122724783608,0.4903205121381119,-12.365903949464991,-12.186908895625825,-2.1583266816400406,-0.02901460911626597,-0.10536051565782628,0.27763173659827955,0,0,0,0,1,0,0,0,0,0,0.0
45191_2008,-0.04160998716640652,-0.05773552393167392,0.04668859863747972,0.19902900881428368,0.26121664966983016,0.3077764277527731,3.0455324523458693,3.981204965108347,0.12991496152073256,0.1856572971713756,-9.68371500493942,-9.292171760143347,0.36012453730765515,0.2971961915396937,2.7080502011022096,2.7080502011022096,0,0,0,0,1,0,0,0,0,0,0.0
45191_2009,-0.05773552393167392,-0.01906634264997539,0.19902900881428368,0.2560805427860671,0.3077764277527731,0.3147969462472812,3.981204965108347,3.6020492012571905,0.1856572971713756,0.1776099452669634,-9.292171760143347,-8.944624552840962,0.2971961915396937,0.225692482224756,2.7080502011022096,2.7080502011022096,0,0,0,0,1,0,0,0,0,0,0.0
45191_2010,-0.01906634264997539,-0.04573376261630565,0.2560805427860671,0.29158517026769204,0.3147969462472812,0.2704259774690826,3.6020492012571905,3.1518352436786428,0.1776099452669634,0.11416443373801435,-8.944624552840962,-9.508009952732454,0.225692482224756,-0.4764603888440271,2.7080502011022096,2.7080502011022096,0,0,0,0,1,0,0,0,0,0,0.0
45192_2008,-0.021368666983360908,0.02538552118416964,0.11079537938573336,0.12363814220601088,0.17159084071551672,0.18251744453197186,1.1159296633324418,1.0508157722063136,0.12426260909587412,0.13445917004741653,-10.539236235091682,-10.24223580761674,-0.37356872388916856,-0.3396148741304575,2.7080502011022096,2.7080502011022096,0,0,0,0,1,0,0,0,0,0,0.0
45192_2009,0.02538552118416964,0.029474136534219018,0.12363814220601088,0.10834386334351613,0.18251744453197186,0.20235128351377288,1.0508157722063136,0.8231426878845121,0.13445917004741653,0.17679608900475605,-10.24223580761674,-10.06652939502338,-0.3396148741304575,0.02772890642381398,2.7080502011022096,2.6166656393003573,0,0,0,0,1,0,0,0,0,0,0.0
45192_2010,0.029474136534219018,0.03092774182268697,0.10834386334351613,0.0818309062391042,0.20235128351377288,0.2513858703024347,0.8231426878845121,0.9401895878496601,0.17679608900475605,0.07362568322021856,-10.06652939502338,-10.134160615564346,0.02772890642381398,-0.13105695802735887,2.6166656393003573,2.7080502011022096,0,0,0,0,1,0,0,0,0,0,0.0
45197_2008,-0.05961617931591087,-0.007903318664193918,0.024738661260271844,0.020422343807902418,0.14360394051621814,0.05694177979789675,3.3063245361111258,4.410887624091614,0.0953047910249016,0.06891122548408915,-9.695298545452088,-9.128703176199263,0.12299452928637115,0.4730728371778132,2.7080502011022096,2.7080502011022096,0,0,0,0,1,0,0,0,0,0,0.0
45197_2009,-0.007903318664193918,-0.01766975316071176,0.020422343807902418,0.19242045385615986,0.05694177979789675,0.11429110610228473,4.410887624091614,4.269488080458243,0.06891122548408915,0.14001281559517725,-9.128703176199263,-8.738869711229963,0.4730728371778132,0.29148336201636504,2.7080502011022096,2.7080502011022096,0,0,0,0,1,0,0,0,0,0,0.0
45197_2010,-0.01766975316071176,0.003666885429717871,0.19242045385615986,0.21712974669258991,0.11429110610228473,0.10397842548056056,4.269488080458243,3.174591694475448,0.14001281559517725,0.13966508332045358,-8.738869711229963,-8.986521837556236,0.29148336201636504,-0.4516504455691458,2.7080502011022096,2.7080502011022096,0,0,0,0,1,0,0,0,0,0,0.0
45203_2008,0.0661759601955792,0.028008955514078726,0.3170341412127725,0.2838282742933313,0.014915551656064929,0.01364898505624765,4.98439364884663,5.564759650237721,0.09280439461564446,0.08124798082167395,-10.447031283263312,-10.265018411050084,0.5636839011085589,0.22470011644220952,2.7080502011022096,2.7080502011022096,0,1,0,0,0,0,0,0,0,0,0.0
45203_2009,0.028008955514078726,0.036092961976647325,0.2838282742933313,0.4325166791366951,0.01364898505624765,0.01573156615217377,5.564759650237721,9.703396888211119,0.08124798082167395,0.27603232383599546,-10.265018411050084,-10.134582863758123,0.22470011644220952,0.4186552401936087,2.7080502011022096,2.7080502011022096,0,1,0,0,0,0,0,0,0,0,0.0
45203_2010,0.036092961976647325,0.029973935523282556,0.4325166791366951,0.4803401867266429,0.01573156615217377,0.01756065935851694,9.703396888211119,6.479530296391929,0.27603232383599546,0.06524126336440926,-10.134582863758123,-10.612372224112628,0.4186552401936087,-0.4834159450671959,2.7080502011022096,2.7080502011022096,0,1,0,0,0,0,0,0,0,0,0.0
45270_2008,0.026033372166304487,0.0,0.3828425931010677,0.0,0.06646125724686001,0.0,4.152523962388614,0.0,0.35370905524009616,0.0,-7.439241020239925,0.0,-0.7475188502403228,0.0,2.7080502011022096,0.0,0,0,0,0,0,0,0,0,0,1,0.0
45270_2009,0.0,0.0,0.0,0.0,0.0,0.0,0.0,0.0,0.0,0.0,0.0,0.0,0.0,0.0,0.0,0.0,0,0,0,0,0,0,0,0,0,1,0.0
45270_2010,0.0,0.0,0.0,0.0,0.0,0.0,0.0,0.0,0.0,0.0,0.0,0.0,0.0,0.0,0.0,0.0,0,0,0,0,0,0,0,0,0,1,0.0
45283_2008,0.057949161620637214,0.041182654795956175,0.2393580459592337,0.4617100498276213,0.0015005801563741019,0.007203503808636736,2.390745091646,1.6605158331856351,0.08796490688132816,0.08425352962305986,-9.342398012239878,-9.510452648334857,0.19122461562500026,-0.15830377157447598,2.7080502011022096,2.7080502011022096,0,0,1,0,0,0,0,0,0,0,0.0
45283_2009,0.041182654795956175,0.03852806329180573,0.4617100498276213,0.721597529009866,0.007203503808636736,0.0011560002549534808,1.6605158331856351,0.6026948149533373,0.08425352962305986,0.2485678730795079,-9.510452648334857,-9.763070023443015,-0.15830377157447598,0.07629464026934796,2.7080502011022096,2.7080502011022096,0,0,1,0,0,0,0,0,0,0,1.0
45283_2010,0.03852806329180573,-0.6484222128650335,0.721597529009866,0.8849188052182628,0.0011560002549534808,0.029091700660570943,0.6026948149533373,48.3202,0.2485678730795079,0.24397628334310825,-9.763070023443015,-11.269922729250956,0.07629464026934796,-1.3983340244460243,2.7080502011022096,1.4816045409242156,0,0,1,0,0,0,0,0,0,0,1.0
45286_2008,0.01102723668972335,0.0,0.7650881245583692,0.0,0.10228110036486754,0.0,3.0501195356905946,0.0,0.08382953101001822,0.0,-8.482456213561557,0.0,0.061095821248826926,0.0,2.7080502011022096,0.0,0,0,0,0,0,0,1,0,0,0,0.0
45286_2009,0.0,0.0,0.0,0.0,0.0,0.0,0.0,0.0,0.0,0.0,0.0,0.0,0.0,0.0,0.0,0.0,0,0,0,0,0,0,1,0,0,0,0.0
45286_2010,0.0,0.0,0.0,0.0,0.0,0.0,0.0,0.0,0.0,0.0,0.0,0.0,0.0,0.0,0.0,0.0,0,0,0,0,0,0,1,0,0,0,0.0
45288_2008,8.909704956324385e-05,0.002690819503181723,0.07009344539309442,0.09214561572916223,0.046757242492624265,0.06608940604014804,6.643711267105633,6.0352091791521785,0.14476507348267975,0.10462431880793982,-8.031656973522264,-7.460508841960793,-0.22388042706891706,0.3409151661032725,2.7080502011022096,2.7080502011022096,0,0,0,0,0,0,1,0,0,0,0.0
45288_2009,0.002690819503181723,0.010679786300987844,0.09214561572916223,0.1960801190544843,0.06608940604014804,0.17155408867385152,6.0352091791521785,3.509399180008318,0.10462431880793982,0.1678260410547269,-7.460508841960793,-7.606191223577093,0.3409151661032725,-0.06325786827000085,2.7080502011022096,2.7080502011022096,0,0,0,0,0,0,1,0,0,0,0.0
45288_2010,0.010679786300987844,0.008511031253480184,0.1960801190544843,0.1479890763061152,0.17155408867385152,0.13095309568662294,3.509399180008318,4.624111908903232,0.1678260410547269,0.12903347985701413,-7.606191223577093,-6.982360126677878,-0.06325786827000085,0.7229690450452356,2.7080502011022096,2.7080502011022096,0,0,0,0,0,0,1,0,0,0,0.0
45293_2008,0.049109281420047515,0.0385419284665926,0.5305238203836412,0.536749447381915,0.021052577825762468,0.02418548699796235,2.4230433734108083,2.671254174314618,0.04910437969918447,0.06504776597186898,-8.904451345980332,-8.761502723151487,0.15825956970247468,0.13808502367532802,2.7080502011022096,2.7080502011022096,0,0,0,0,0,0,0,0,0,0,0.0
45293_2009,0.0385419284665926,0.0,0.536749447381915,0.0,0.02418548699796235,0.0,2.671254174314618,0.0,0.06504776597186898,0.0,-8.761502723151487,0.0,0.13808502367532802,0.0,2.7080502011022096,0.0,0,0,0,0,0,0,0,0,0,0,0.0
45293_2010,0.0,0.0,0.0,0.0,0.0,0.0,0.0,0.0,0.0,0.0,0.0,0.0,0.0,0.0,0.0,0.0,0,0,0,0,0,0,0,0,0,0,0.0
45295_2008,0.010173458395000631,0.009412953531113766,0.8356950843515698,0.8818967956807999,0.060820800447334775,0.03427011770276461,2.115926071098372,1.557078462539509,0.02539789563601676,0.054093052229425766,-11.695249881357714,-12.036602215243708,0.08650716227373148,-0.3015111293282489,2.4840729690394228,2.169053700369523,0,0,0,0,0,1,0,0,0,0,0.0
45295_2009,0.009412953531113766,0.0029312634747603377,0.8818967956807999,0.9507714740768224,0.03427011770276461,0.11381826193177212,1.557078462539509,0.8168375380772382,0.054093052229425766,0.08670982158345296,-12.036602215243708,-12.269495675338561,-0.3015111293282489,-0.2776825837921026,2.169053700369523,1.4421783521168032,0,0,0,0,0,1,0,0,0,0,0.0
45295_2010,0.0029312634747603377,0.007595982288269106,0.9507714740768224,0.9418752399438618,0.11381826193177212,0.08631970547068843,0.8168375380772382,0.9291949053576248,0.08670982158345296,0.09095878794012248,-12.269495675338561,-12.283260414506733,-0.2776825837921026,-0.007458230547517874,1.4421783521168032,1.6629786793621302,0,0,0,0,0,1,0,0,0,0,0.0
45297_2008,-0.06891836515557581,-0.016643121165792578,0.15155466245340612,0.16652797399028507,0.4856717732728225,0.3829611208948581,1.343337489877531,1.2171865279427865,0.07974128062672038,0.08041274404530442,-12.009957228520813,-12.137458038773564,-0.07547224738360266,-0.215638959547371,1.4158531633614349,1.2919836816486494,0,0,0,0,1,0,0,0,0,0,0.0
45297_2009,-0.016643121165792578,-0.29560574418154023,0.16652797399028507,0.5268800998988094,0.3829611208948581,1.217904277994273,1.2171865279427865,0.24329162777875574,0.08041274404530442,0.14259307091544945,-12.137458038773564,-13.479500539032195,-0.215638959547371,-1.143369268053554,1.2919836816486494,-0.5447271754416722,0,0,0,0,1,0,0,0,0,0,0.0
45297_2010,-0.29560574418154023,0.012639885908398249,0.5268800998988094,0.19334036011201272,1.217904277994273,0.6613071887272176,0.24329162777875574,0.8028446768453807,0.14259307091544945,0.21082162172282468,-13.479500539032195,-12.423187004027815,-1.143369268053554,0.5845033972015076,-0.5447271754416722,0.7419373447293773,0,0,0,0,1,0,0,0,0,0,0.0
45305_2008,-0.0862893326385374,-0.2286206455916984,0.056172089981059325,0.13527852779469582,0.3179190030841958,0.4511839941318898,2.56800280217381,1.849851408503956,0.16325704550419776,0.336385306283409,-10.017594089686147,-10.800146640463073,-0.3649962334051313,-1.0108423153180317,2.7080502011022096,1.9657127763514932,0,0,0,0,1,0,0,0,0,0,0.0
45305_2009,-0.2286206455916984,-0.12702398402308931,0.13527852779469582,0.06630547729966199,0.4511839941318898,0.2200941936875953,1.849851408503956,3.3954939398681643,0.336385306283409,0.21018397667508995,-10.800146640463073,-9.744131062438932,-1.0108423153180317,0.8819670519379971,1.9657127763514932,2.4510050981123186,0,0,0,0,1,0,0,0,0,0,0.0
45305_2010,-0.12702398402308931,-0.10912577319868827,0.06630547729966199,0.04140717217432575,0.2200941936875953,0.16306130423130874,3.3954939398681643,3.988628688238877,0.21018397667508995,0.16721347447037144,-9.744131062438932,-9.778789817725508,0.8819670519379971,-0.14531926191684436,2.4510050981123186,2.5336968139574316,0,0,0,0,1,0,0,0,0,0,0.0
45379_2008,0.03943499779487431,0.013964833921990535,0.3508510894211879,0.7090071003818745,0.014189278485843391,0.03402366154981566,1748.628,789.368,0.06782184397865966,0.14955752345126502,-8.894946450101852,-9.661153547042153,0.011904131275967844,-0.7868385028677043,2.7080502011022096,2.582486978126864,0,0,1,0,0,0,0,0,0,0,0.0
45379_2009,0.013964833921990535,0.02502351155752315,0.7090071003818745,0.8755595528139778,0.03402366154981566,0.05760493869747362,789.368,268.3946,0.14955752345126502,0.25202644751303604,-9.661153547042153,-10.287300507920184,-0.7868385028677043,-0.6409116810476831,2.582486978126864,1.5496879080283263,0,0,1,0,0,0,0,0,0,0,0.0
45379_2010,0.02502351155752315,0.03519779138096379,0.8755595528139778,0.783349922781932,0.05760493869747362,0.05893943966284908,268.3946,490.8417,0.25202644751303604,0.1730203524324735,-10.287300507920184,-9.917079862004512,-0.6409116810476831,-0.07146197450752273,1.5496879080283263,2.125847914493992,0,0,1,0,0,0,0,0,0,0,0.0
45380_2008,0.02703467793930813,0.027266551506107455,0.5167235285893662,0.4639780837144702,0.022594676087961903,0.00941832437777968,1.4210854280284728,1.5864154425280437,0.13684657397837754,0.07924901254549085,-9.739456070560731,-9.293860623867227,0.033512884822919815,0.41159817462967546,2.7080502011022096,2.7080502011022096,0,1,0,0,0,0,0,0,0,0,0.0
45380_2009,0.027266551506107455,0.05929816911548726,0.4639780837144702,0.5923802059490952,0.00941832437777968,0.11438103456857455,1.5864154425280437,0.9112390649102508,0.07924901254549085,0.23529967360884235,-9.293860623867227,-9.607497727487095,0.41159817462967546,-0.3191313354419549,2.7080502011022096,2.3978952727983707,0,1,0,0,0,0,0,0,0,0,0.0
45380_2010,0.05929816911548726,0.030159480159458383,0.5923802059490952,0.4200689305607304,0.11438103456857455,0.09731834569558666,0.9112390649102508,1.4579734412792162,0.23529967360884235,0.13181871342830973,-9.607497727487095,-9.149915243196084,-0.3191313354419549,0.5790471085554322,2.3978952727983707,2.7080502011022096,0,1,0,0,0,0,0,0,0,0,0.0
45384_2008,0.032605646057739086,0.04338987020936432,0.2324811093709121,0.22136114987409852,0.013678910801189964,0.011403500049167304,6.6539372175771065,7.378786244763467,0.0427693910197421,0.0776612249951498,-10.563822356161904,-10.491281988774453,-0.1131963801582434,0.006856153399797168,2.7080502011022096,2.7080502011022096,0,0,0,0,0,0,0,0,0,0,0.0
45384_2009,0.04338987020936432,0.03251467499168132,0.22136114987409852,0.5531711773883361,0.011403500049167304,0.006753649329095629,7.378786244763467,10.572666328602864,0.0776612249951498,0.12199486368289475,-10.491281988774453,-10.688168362138372,0.006856153399797168,-0.2286498540440132,2.7080502011022096,2.7080502011022096,0,0,0,0,0,0,0,0,0,0,0.0
45384_2010,0.03251467499168132,0.050678315908296,0.5531711773883361,0.3247184648893712,0.006753649329095629,0.0019253675932075977,10.572666328602864,3.3517232907105665,0.12199486368289475,0.12646913834947693,-10.688168362138372,-9.45646329364046,-0.2286498540440132,0.02122792439273841,2.7080502011022096,2.7080502011022096,0,0,0,0,0,0,0,0,0,0,0.0
45417_2008,0.02401360874693289,0.022873643094162784,0.07936126173981395,0.08983262094139563,0.054394371738276916,0.010653072648980428,5.739214013863333,5.535916565296638,0.08783845176657169,0.08432909254442457,-9.306669839097106,-9.229525825401774,0.30873766900157706,0.13986074896820958,2.7080502011022096,2.7080502011022096,0,0,0,0,0,0,1,0,0,0,0.0
45417_2009,0.022873643094162784,0.036689812185443316,0.08983262094139563,0.27430540418903393,0.010653072648980428,0.03527271454631078,5.535916565296638,4.204539269580362,0.08432909254442457,0.10141535103256537,-9.229525825401774,-9.494508058675821,0.13986074896820958,-0.29745388076708584,2.7080502011022096,2.602689685444384,0,0,0,0,0,0,1,0,0,0,0.0
45417_2010,0.036689812185443316,0.022930848984717245,0.27430540418903393,0.15164411373965492,0.03527271454631078,0.028731474333401664,4.204539269580362,5.017829090093009,0.10141535103256537,0.13622276202184905,-9.494508058675821,-9.151988293132394,-0.29745388076708584,0.4561769110499855,2.602689685444384,2.7080502011022096,0,0,0,0,0,0,1,0,0,0,0.0
45425_2008,-0.16878137545239366,-0.29725170677166945,0.1143887169458703,0.18182752770405367,0.3195409458164257,0.37338703512536,2.5953297527397785,1.9760381565353524,0.173671454555917,0.10851770977045487,-9.261268304378671,-9.67692781371966,-0.19818885132541972,-0.7495294138527088,2.7080502011022096,2.074428999856292,0,0,0,0,1,0,0,0,0,0,0.0
45425_2009,-0.29725170677166945,-0.5554107641248622,0.18182752770405367,0.3587253515499281,0.37338703512536,0.08521067336446166,1.9760381565353524,3.0949972817178764,0.10851770977045487,0.2714898135699849,-9.67692781371966,-10.018541290667141,-0.7495294138527088,-0.4140972707077622,2.074428999856292,1.2325602611778486,0,0,0,0,1,0,0,0,0,0,0.0
45425_2010,-0.5554107641248622,-0.16973942656724636,0.3587253515499281,0.2364571452367787,0.08521067336446166,0.025058667388489542,3.0949972817178764,21.659972435518803,0.2714898135699849,0.34553324582860456,-10.018541290667141,-9.213020750576652,-0.4140972707077622,0.6065522865995984,1.2325602611778486,2.1701959049483,0,0,0,0,1,0,0,0,0,0,0.0
45428_2008,0.021321034939421384,-0.061787850405256924,0.061430357696828676,0.07113199058948473,0.20142583172268266,0.2195098567035172,3.2473776790348623,2.3045535554181202,0.17792971880267255,0.10216229141121376,-11.123592964234183,-11.534373387094634,-0.944248057958412,-0.3855288159246004,2.7020321287766467,2.2192034840549946,0,0,0,0,1,0,0,0,0,0,0.0
45428_2009,-0.061787850405256924,-1.3459662270717347,0.07113199058948473,0.4147595171412901,0.2195098567035172,0.9609121311698208,2.3045535554181202,0.5542202567359046,0.10216229141121376,0.4990849747949587,-11.534373387094634,-13.386587848538964,-0.3855288159246004,-2.0751826996682183,2.2192034840549946,-0.13926206733350766,0,0,0,0,1,0,0,0,0,0,0.0
45428_2010,-1.3459662270717347,-0.19349632831056826,0.4147595171412901,0.07885649157613946,0.9609121311698208,0.4940829218952184,0.5542202567359046,1.5004499824000421,0.4990849747949587,0.3078570084488485,-13.386587848538964,-12.072418521364726,-2.0751826996682183,-0.002243435842385788,-0.13926206733350766,0.904218150639886,0,0,0,0,1,0,0,0,0,0,0.0
45436_2008,0.03183056326915715,-0.06365192064703015,0.682987477371625,0.7334691905041439,0.0630514664532436,0.03373774879514525,0.7807180353363484,0.9747644496019484,0.16578953311008335,0.17339779180023165,-11.343480965101334,-12.14340788926978,-1.0986809910659348,-0.4244273914669155,1.5368672195992648,1.205970806988609,0,0,0,0,0,0,0,0,0,0,0.0
45436_2009,-0.06365192064703015,0.05634169892230211,0.7334691905041439,0.8928969333010447,0.03373774879514525,0.10161678854733393,0.9747644496019484,0.1820508131338531,0.17339779180023165,0.4697856757100691,-12.14340788926978,-11.98978868282002,-0.4244273914669155,-0.2193858485036181,1.205970806988609,0.4885800148186709,0,0,0,0,0,0,0,0,0,0,0.0
45436_2010,0.05634169892230211,-0.10884324239933907,0.8928969333010447,0.9279582459662992,0.10161678854733393,0.0,0.1820508131338531,0.14713984308153982,0.4697856757100691,0.2333249976058081,-11.98978868282002,-12.715197787848338,-0.2193858485036181,-0.8910616508615391,0.4885800148186709,0.009950330853168092,0,0,0,0,0,0,0,0,0,0,0.0
45464_2008,0.020043562394846025,0.0,0.4216323941293304,0.0,0.08015562255764265,0.0,1.6394187997810783,0.0,0.04575785827760979,0.0,-9.87928246126176,0.0,0.032976198493862574,0.0,2.7080502011022096,0.0,0,0,0,0,0,0,0,0,0,1,0.0
45464_2009,0.0,0.0,0.0,0.0,0.0,0.0,0.0,0.0,0.0,0.0,0.0,0.0,0.0,0.0,0.0,0.0,0,0,0,0,0,0,0,0,0,1,0.0
45464_2010,0.0,0.0,0.0,0.0,0.0,0.0,0.0,0.0,0.0,0.0,0.0,0.0,0.0,0.0,0.0,0.0,0,0,0,0,0,0,0,0,0,1,0.0
45467_2008,0.0,0.0,0.0,0.0,0.0,0.0,0.0,0.0,0.0,0.0,0.0,0.0,0.0,0.0,0.0,0.0,0,0,0,0,0,1,0,0,0,0,0.0
45467_2009,0.0,0.036113953811090886,0.0,0.08234165427942654,0.0,0.24365971261602914,0.0,1.723097470482758,0.0,0.19206347389196488,0.0,-9.751607472555394,0.0,-0.5323621525069218,0.0,2.39698576841553,0,0,0,0,0,1,0,0,0,0,0.0
45467_2010,0.036113953811090886,0.0,0.08234165427942654,0.0,0.24365971261602914,0.0,1.723097470482758,0.0,0.19206347389196488,0.0,-9.751607472555394,0.0,-0.5323621525069218,0.0,2.39698576841553,0.0,0,0,0,0,0,1,0,0,0,0,0.0
45469_2008,0.0,0.0,0.0,0.0,0.0,0.0,0.0,0.0,0.0,0.0,0.0,0.0,0.0,0.0,0.0,0.0,0,0,0,0,0,0,0,0,0,1,0.0
45469_2009,0.0,0.02090788597585979,0.0,0.6052112397456023,0.0,0.04577278824906176,0.0,1.0132770171233259,0.0,0.13552523542825556,0.0,-9.093660486295988,0.0,0.03694873963147899,0.0,2.3340837600534172,0,0,0,0,0,0,0,0,0,1,0.0
45469_2010,0.02090788597585979,0.0,0.6052112397456023,0.0,0.04577278824906176,0.0,1.0132770171233259,0.0,0.13552523542825556,0.0,-9.093660486295988,0.0,0.03694873963147899,0.0,2.3340837600534172,0.0,0,0,0,0,0,0,0,0,0,1,0.0
45471_2008,0.0,0.0,0.0,0.0,0.0,0.0,0.0,0.0,0.0,0.0,0.0,0.0,0.0,0.0,0.0,0.0,0,0,0,0,0,0,0,0,0,1,0.0
45471_2009,0.0,0.0,0.0,0.0,0.0,0.0,0.0,0.0,0.0,0.0,0.0,0.0,0.0,0.0,0.0,0.0,0,0,0,0,0,0,0,0,0,1,0.0
45471_2010,0.0,0.0,0.0,0.0,0.0,0.0,0.0,0.0,0.0,0.0,0.0,0.0,0.0,0.0,0.0,0.0,0,0,0,0,0,0,0,0,0,1,0.0
45475_2008,0.06580279312917361,0.04541450967636743,0.3072877035606813,0.5077321518886928,0.017805672557314103,0.009861997350948918,1.6242185117344314,0.9697708716303148,0.07220942675666478,0.08704652938236901,-8.735081106679292,-9.244478335965457,-0.10566819523446824,-0.5750030246899908,2.7080502011022096,2.7080502011022096,1,0,0,0,0,0,0,0,0,0,0.0
45475_2009,0.04541450967636743,-0.013951844483616464,0.5077321518886928,0.4948902426250455,0.009861997350948918,0.042615864819316465,0.9697708716303148,0.8751814728954872,0.08704652938236901,0.1523874957661958,-9.244478335965457,-8.901295440367196,-0.5750030246899908,0.20507404579415967,2.7080502011022096,2.7080502011022096,1,0,0,0,0,0,0,0,0,0,0.0
45475_2010,-0.013951844483616464,0.018884596177525397,0.4948902426250455,0.4138518539688155,0.042615864819316465,0.08751591177339027,0.8751814728954872,1.2452054053472177,0.1523874957661958,0.12625016048162865,-8.901295440367196,-8.705432438044966,0.20507404579415967,0.3041722319382309,2.7080502011022096,2.7080502011022096,1,0,0,0,0,0,0,0,0,0,0.0
45477_2008,0.012880544194961973,0.031838847994296315,0.20240281573193047,0.3327051808920915,0.08271975420966537,0.08672312851538974,3.828043130470173,2.348136853549929,0.2226748130815509,0.11292716318826168,-10.662444758216695,-11.14615099069492,0.44597636377367533,-0.27882322497454165,2.5250884394208324,2.047705746507816,0,0,1,0,0,0,0,0,0,0,0.0
45477_2009,0.031838847994296315,0.05705007744312885,0.3327051808920915,0.5803371528822792,0.08672312851538974,0.20119155980004255,2.348136853549929,1.1108415141440042,0.11292716318826168,0.2032651015290581,-11.14615099069492,-11.360223662825039,-0.27882322497454165,-0.25808283856883035,2.047705746507816,1.2208299213923592,0,0,1,0,0,0,0,0,0,0,0.0
45477_2010,0.05705007744312885,-0.03580071346877785,0.5803371528822792,0.3148420976095804,0.20119155980004255,0.07612373634286254,1.1108415141440042,5.068082959685044,0.2032651015290581,0.2139406302900772,-11.360223662825039,-9.884228428368452,-0.25808283856883035,1.5237995059033431,1.2208299213923592,2.7080502011022096,0,0,1,0,0,0,0,0,0,0,0.0
45478_2008,0.07331756090093831,-0.0050321922542007815,0.4116354779698728,0.5166146704424878,0.02503406330090437,0.01527303628797266,1.634547246705356,1.1564875255596458,0.09659211679399968,0.08855979240210686,-10.215550025439018,-10.626321474761,-0.09488803966009232,-0.3485022197325172,2.7080502011022096,2.6741486494265287,0,1,0,0,0,0,0,0,0,0,0.0
45478_2009,-0.0050321922542007815,-0.6245687868758963,0.5166146704424878,0.9389088057495888,0.01527303628797266,0.022081736863027984,1.1564875255596458,0.486497773163359,0.08855979240210686,0.4997814141488242,-10.626321474761,-12.869401482551398,-0.3485022197325172,-1.954950558241516,2.6741486494265287,-0.07257069283483537,0,1,0,0,0,0,0,0,0,0,0.0
45478_2010,-0.6245687868758963,-0.1939096645185625,0.9389088057495888,0.6855842844106714,0.022081736863027984,0.022650342121478987,0.486497773163359,132.2053,0.4997814141488242,0.35333273477609484,-12.869401482551398,-11.226469746960023,-1.954950558241516,1.4933953972659806,-0.07257069283483537,1.790091412127358,0,1,0,0,0,0,0,0,0,0,0.0
45555_2008,0.034325540134242084,0.0222667516148658,0.3819663910284005,0.601446286251296,0.001285702432072867,0.0056981532575088745,2.530656982242004,1.34378960821742,0.1875718025592096,0.11651405099442262,-9.643182038039694,-10.449257671766233,-0.6729619508565688,-0.9232326533828176,2.7080502011022096,2.130609828254235,0,1,0,0,0,0,0,0,0,0,0.0
45555_2009,0.0222667516148658,0.028764953943673326,0.601446286251296,0.5003607573120261,0.0056981532575088745,0.01858239147485154,1.34378960821742,1.7500793043118297,0.11651405099442262,0.14154140646879854,-10.449257671766233,-9.442844887061757,-0.9232326533828176,0.8227926358679144,2.130609828254235,2.6304489550786583,0,1,0,0,0,0,0,0,0,0,0.0
45555_2010,0.028764953943673326,0.03911125277853823,0.5003607573120261,0.4605283234995596,0.01858239147485154,0.06173725203941032,1.7500793043118297,1.5942396100028928,0.14154140646879854,0.11597604562901614,-9.442844887061757,-9.524179663623674,0.8227926358679144,-0.06806870519091138,2.6304489550786583,2.7080502011022096,0,1,0,0,0,0,0,0,0,0,0.0
45556_2008,-0.025192788992923657,-0.09393377869744823,0.03548333820334633,0.04715546090660176,0.7742939539847293,0.6626404543820259,1.1540133580998302,1.2579766257976623,0.04956445548813149,0.10594709356637896,-12.334186194637704,-12.194556084822727,-0.7006350758764551,-0.013737244170440293,0.9895411936137476,1.1314021114911006,0,0,0,0,0,0,1,0,0,0,0.0
45556_2009,-0.09393377869744823,-0.09516854647715588,0.04715546090660176,0.0778331987820034,0.6626404543820259,0.6466335927214989,1.2579766257976623,1.0536440334470971,0.10594709356637896,0.23612374972413186,-12.194556084822727,-13.496736710631087,-0.013737244170440293,-1.2934160373315466,1.1314021114911006,-0.6733445532637656,0,0,0,0,0,0,1,0,0,0,0.0
45556_2010,-0.09516854647715588,0.0,0.0778331987820034,0.0,0.6466335927214989,0.0,1.0536440334470971,0.0,0.23612374972413186,0.0,-13.496736710631087,0.0,-1.2934160373315466,0.0,-0.6733445532637656,0.0,0,0,0,0,0,0,1,0,0,0,0.0
45559_2008,0.00725424636543847,0.005450553719134157,0.8828590768269506,0.9359576599082976,0.030830082156525107,0.026929067588770242,1.6832246686618213,1.048692233220098,0.06721918500252763,0.07734248049301551,-12.216377977286909,-12.672398359575467,-0.21642826808240312,-0.4803349546563741,2.7080502011022096,2.617395832834079,0,0,0,0,0,1,0,0,0,0,0.0
45559_2009,0.005450553719134157,0.002718703712674709,0.9359576599082976,0.9588759363893794,0.026929067588770242,0.01931865057170581,1.048692233220098,0.7255858767949275,0.07734248049301551,0.10712117653910362,-12.672398359575467,-12.543556237075265,-0.4803349546563741,-0.05589391663734783,2.617395832834079,2.2192034840549946,0,0,0,0,0,1,0,0,0,0,0.0
45559_2010,0.002718703712674709,0.0020871449959779433,0.9588759363893794,0.969964968617076,0.01931865057170581,0.017770885018608542,0.7255858767949275,0.4860758517414023,0.10712117653910362,0.1696198843323665,-12.543556237075265,-13.091079588982206,-0.05589391663734783,-0.20140098668698947,2.2192034840549946,1.887054497402443,0,0,0,0,0,1,0,0,0,0,0.0
4557_2008,0.006443362988084937,0.024815758399801643,0.2803525982455524,0.21907707563277787,0.026362960451726147,0.02084119402069795,1.3096032025684827,1.5517723528285134,0.04324401394800845,0.04791072054094543,-6.534841975764027,-6.274922556265504,0.1923393728382281,0.16987111032584354,2.7080502011022096,2.7080502011022096,0,0,0,0,1,0,0,0,0,0,0.0
4557_2009,0.024815758399801643,0.04872693028337842,0.21907707563277787,0.30207560059200816,0.02084119402069795,0.06312641943773024,1.5517723528285134,0.9584162987931304,0.04791072054094543,0.1078438882831752,-6.274922556265504,-6.307079285295488,0.16987111032584354,0.007234845202190199,2.7080502011022096,2.7080502011022096,0,0,0,0,1,0,0,0,0,0,0.0
4557_2010,0.04872693028337842,0.033067407546670737,0.30207560059200816,0.2408830166821513,0.06312641943773024,0.06110256466815131,0.9584162987931304,1.2323403168007876,0.1078438882831752,0.04522041184887629,-6.307079285295488,-6.234065021051896,0.007234845202190199,-0.013546883676671784,2.7080502011022096,2.7080502011022096,0,0,0,0,1,0,0,0,0,0,0.0
4560_2008,0.042899855194757835,0.04100686340011627,0.2332093633778167,0.16012286440663262,0.007438197330999781,0.0036095757880762525,2.6694882982080106,2.623874698089731,0.0551931866099017,0.10169337706555903,-12.665827848700768,-12.470909685838356,-0.033572085643002236,0.29913316273967894,1.7578579175523736,1.9315214116032136,0,1,0,0,0,0,0,0,0,0,0.0
4560_2009,0.04100686340011627,0.031420188480745036,0.16012286440663262,0.21751816858263853,0.0036095757880762525,0.0011913824681002295,2.623874698089731,1.8781531523890167,0.10169337706555903,0.11463732658333366,-12.470909685838356,-11.824312209589062,0.29913316273967894,0.6102488304752299,1.9315214116032136,2.0541237336955462,0,1,0,0,0,0,0,0,0,0,0.0
4560_2010,0.031420188480745036,0.020820180221546237,0.21751816858263853,0.22177581357975093,0.0011913824681002295,0.0017649084543419622,1.8781531523890167,2.2928019141911404,0.11463732658333366,0.23387104913101714,-11.824312209589062,-12.078689032282808,0.6102488304752299,0.09276875190034588,2.0541237336955462,2.0476928433652555,0,1,0,0,0,0,0,0,0,0,0.0
45679_2008,0.0,0.02029822505259888,0.0,0.7663277441947646,0.0,0.04168509544322214,0.0,1.1548134306435265,0.0,0.04140538399467149,0.0,-10.441947848156358,0.0,1.9348358109922048,0.0,2.3233676321765744,0,0,0,1,0,0,0,0,0,0,0.0
45679_2009,0.02029822505259888,0.011108501284787823,0.7663277441947646,0.7766044211675328,0.04168509544322214,0.03716035069674373,1.1548134306435265,1.3070130207300408,0.04140538399467149,0.2508720000094282,-10.441947848156358,-10.584445348609213,1.9348358109922048,-0.18794874013918755,2.3233676321765744,1.6863989535702288,0,0,0,1,0,0,0,0,0,0,0.0
45679_2010,0.011108501284787823,0.01699711854937131,0.7766044211675328,0.5762375000621275,0.03716035069674373,0.038913763183097104,1.3070130207300408,1.7637971280668312,0.2508720000094282,0.15076824314965384,-10.584445348609213,-10.03587270036536,-0.18794874013918755,0.38561682353285776,1.6863989535702288,2.217027204632399,0,0,0,1,0,0,0,0,0,0,0.0
45680_2008,0.041479552718486065,0.05182188136290927,0.19059777113160972,0.3359547023021817,0.07470117210329183,0.1525509654355027,2.8018324074419856,1.4202072359762081,0.1387815534608365,0.13040681761632975,-10.005131441817916,-10.706708757166497,-0.2487265296631958,-0.7856816471264659,2.7080502011022096,2.6354795082673745,0,0,1,0,0,0,0,0,0,0,0.0
45680_2009,0.05182188136290927,0.02009732495093461,0.3359547023021817,0.5831350682027645,0.1525509654355027,0.20696193529665352,1.4202072359762081,0.5901279079342641,0.13040681761632975,0.16016202391213322,-10.706708757166497,-11.332323067920965,-0.7856816471264659,-0.6110295802086738,2.6354795082673745,1.5810384379124025,0,0,1,0,0,0,0,0,0,0,0.0
45680_2010,0.02009732495093461,-0.056830090195499526,0.5831350682027645,0.5444398274457488,0.20696193529665352,0.2751928660080154,0.5901279079342641,0.6316199220495591,0.16016202391213322,0.18569477743063312,-11.332323067920965,-11.509962966533834,-0.6110295802086738,-0.1445882366639195,1.5810384379124025,1.5871923034867803,0,0,1,0,0,0,0,0,0,0,0.0
45684_2008,0.0,0.0,0.0,0.0,0.0,0.0,0.0,0.0,0.0,0.0,0.0,0.0,0.0,0.0,0.0,0.0,0,0,0,0,0,0,0,0,0,1,0.0
45684_2009,0.0,0.016403847743704212,0.0,0.4161676610412919,0.0,0.02880304351610285,0.0,2.4370022666493685,0.0,0.14143662592915654,0.0,-8.09138671777044,0.0,0.3353270222126713,0.0,2.7080502011022096,0,0,0,0,0,0,0,0,0,1,0.0
45684_2010,0.016403847743704212,0.0,0.4161676610412919,0.0,0.02880304351610285,0.0,2.4370022666493685,0.0,0.14143662592915654,0.0,-8.09138671777044,0.0,0.3353270222126713,0.0,2.7080502011022096,0.0,0,0,0,0,0,0,0,0,0,1,0.0
45695_2008,0.020530022871629243,0.03431421271526761,0.2424959146624132,0.08344937115679542,0.02060339679182806,0.03230261036624986,2.9141060776673258,4.787110799994021,0.05695062245317084,0.12594624756321768,-7.215536781537043,-5.732409776572872,0.2182329213075711,1.5382127609477767,2.7080502011022096,2.7080502011022096,1,0,0,0,0,0,0,0,0,0,0.0
45695_2009,0.03431421271526761,0.08253306166042508,0.08344937115679542,0.14612376375160785,0.03230261036624986,0.0949295261171224,4.787110799994021,2.4133411367822357,0.12594624756321768,0.2433376385010967,-5.732409776572872,-6.236012720262064,1.5382127609477767,-0.5460310700867779,2.7080502011022096,2.7080502011022096,1,0,0,0,0,0,0,0,0,0,0.0
45695_2010,0.08253306166042508,0.0337244065148687,0.14612376375160785,0.1614376045391363,0.0949295261171224,0.10287350699675217,2.4133411367822357,2.075991119789952,0.2433376385010967,0.13941242481373406,-6.236012720262064,-5.923054087842988,-0.5460310700867779,0.21882839251203698,2.7080502011022096,2.7080502011022096,1,0,0,0,0,0,0,0,0,0,0.0
45696_2008,0.04316445066715581,-0.008401294390903563,0.2140926836209374,0.4298290404915752,0.06363320706539513,0.1275398477699986,2.794814399206974,1.3241993907312606,0.12428781961054793,0.14727309575350636,-9.74714461215208,-10.435072374069573,-0.4981883100587146,-0.8455063931577964,2.5710843460290524,1.8531680973566984,0,0,1,0,0,0,0,0,0,0,0.0
45696_2009,-0.008401294390903563,-0.05593257480173544,0.4298290404915752,0.6616828964415734,0.1275398477699986,0.15328016157107086,1.3241993907312606,0.5645172918165259,0.14727309575350636,0.40575040324323614,-10.435072374069573,-10.937985003869862,-0.8455063931577964,-0.4538256949969074,1.8531680973566984,0.8415671856782185,0,0,1,0,0,0,0,0,0,0,0.0
45696_2010,-0.05593257480173544,-0.030486991297378536,0.6616828964415734,0.5164380085782402,0.15328016157107086,0.19741802479756376,0.5645172918165259,1.0244116135397012,0.40575040324323614,0.2846478253200577,-10.937985003869862,-10.57005956135657,-0.4538256949969074,0.4764938733721042,0.8415671856782185,1.4562867329399256,0,0,1,0,0,0,0,0,0,0,0.0
45703_2008,0.01680662559313463,0.0,0.5124649113507878,0.0,0.029895633308012527,0.0,1.6609006282429395,0.0,0.04590290531153116,0.0,-9.018218926664037,0.0,-0.2036347828200936,0.0,2.7080502011022096,0.0,0,0,0,0,0,0,0,0,0,1,0.0
45703_2009,0.0,0.0,0.0,0.0,0.0,0.0,0.0,0.0,0.0,0.0,0.0,0.0,0.0,0.0,0.0,0.0,0,0,0,0,0,0,0,0,0,1,0.0
45703_2010,0.0,0.0,0.0,0.0,0.0,0.0,0.0,0.0,0.0,0.0,0.0,0.0,0.0,0.0,0.0,0.0,0,0,0,0,0,0,0,0,0,1,0.0
45709_2008,0.0,0.0,0.0,0.0,0.0,0.0,0.0,0.0,0.0,0.0,0.0,0.0,0.0,0.0,0.0,0.0,0,0,0,0,0,1,0,0,0,0,0.0
45709_2009,0.0,-0.08654101242217717,0.0,0.6183653364320255,0.0,0.05546803853093443,0.0,0.5874343214722059,0.0,0.19114342975903373,0.0,-9.454673330707019,0.0,-0.3721222730622143,0.0,1.8453002361560848,0,0,0,0,0,1,0,0,0,0,0.0
45709_2010,-0.08654101242217717,0.08360396945722323,0.6183653364320255,0.43541023847010096,0.05546803853093443,0.04092776305709565,0.5874343214722059,1.078673038636292,0.19114342975903373,0.18608843994552424,-9.454673330707019,-8.889124825044169,-0.3721222730622143,0.6753367000210129,1.8453002361560848,2.5217206229107165,0,0,0,0,0,1,0,0,0,0,0.0
45716_2008,0.02958054238937499,0.023722160458638626,0.09184166003046833,0.14687516683669027,0.018367445332411192,0.001694480471891015,4.385007635377096,4.767218881436945,0.08956319115919778,0.08513918663181617,-9.650847844653304,-9.052436606264887,0.3709010135659547,0.42454758926950736,2.7080502011022096,2.7080502011022096,0,1,0,0,0,0,0,0,0,0,0.0
45716_2009,0.023722160458638626,0.006064398850597599,0.14687516683669027,0.2770644026404709,0.001694480471891015,0.008485706793624615,4.767218881436945,2.950545860965895,0.08513918663181617,0.17502259969937195,-9.052436606264887,-8.784771109813796,0.42454758926950736,0.19381916519519435,2.7080502011022096,2.7080502011022096,0,1,0,0,0,0,0,0,0,0,0.0
45716_2010,0.006064398850597599,-0.0355169453417408,0.2770644026404709,0.4615873966650612,0.008485706793624615,0.006174652226083676,2.950545860965895,1.44812098174573,0.17502259969937195,0.27841323120418565,-8.784771109813796,-9.899558846066766,0.19381916519519435,-1.0710871044404933,2.7080502011022096,2.7080502011022096,0,1,0,0,0,0,0,0,0,0,0.0
45718_2008,-0.3167111244603682,-0.2476691721138827,0.10233635837034176,0.07037385771744868,0.12579291011420768,0.2216123396450284,1.6883557083540135,1.8728440193947795,0.2052569767964501,0.1791744859146811,-12.730885064511547,-12.146021811251474,-0.44537584873430536,0.14274184565552078,1.3987168811184478,1.5706970841176695,0,0,0,0,0,0,0,1,0,0,0.0
45718_2009,-0.2476691721138827,-0.2907942330225686,0.07037385771744868,0.2370642077198703,0.2216123396450284,0.4134359026610288,1.8728440193947795,0.8363880071860078,0.1791744859146811,0.2064555243913652,-12.146021811251474,-12.764367517032268,0.14274184565552078,-0.4863923750811304,1.5706970841176695,0.4414755456311974,0,0,0,0,0,0,0,1,0,0,0.0
45718_2010,-0.2907942330225686,-0.061030358391455174,0.2370642077198703,0.1782900592677136,0.4134359026610288,0.09850360222268534,0.8363880071860078,2.9007685548446185,0.2064555243913652,0.15255445965361158,-12.764367517032268,-11.675511518216133,-0.4863923750811304,1.057419447894278,0.4414755456311974,1.7595805708638197,0,0,0,0,0,0,0,1,0,0,0.0
45728_2008,-0.08071807606265505,-0.11271966656897447,0.0967942171782148,0.16080255089388373,0.09774993817710173,0.0893432829091237,7.65302335892357,20.026479444385604,0.09323864206350252,0.12236537763274985,-9.002135964886271,-9.454679789020313,0.015223474030356537,-0.5822820738019472,2.7080502011022096,2.7080502011022096,0,0,0,0,1,0,0,0,0,0,0.0
45728_2009,-0.11271966656897447,-0.08221420592084862,0.16080255089388373,0.3258129586648925,0.0893432829091237,0.17612187540715096,20.026479444385604,767.9074,0.12236537763274985,0.3221624156997276,-9.454679789020313,-9.397111184796213,-0.5822820738019472,-0.045045396806107814,2.7080502011022096,2.5168896956410505,0,0,0,0,1,0,0,0,0,0,0.0
45728_2010,-0.08221420592084862,-0.07050339400174825,0.3258129586648925,0.3061304611160996,0.17612187540715096,0.12843218674745796,767.9074,839.5122,0.3221624156997276,0.08918735750403772,-9.397111184796213,-9.536268671653533,-0.045045396806107814,-0.30507701629960804,2.5168896956410505,2.570319527636131,0,0,0,0,1,0,0,0,0,0,0.0
45729_2008,0.03147079102193586,0.023726169904011808,0.5448967633569047,0.4573263660459229,0.1119178640745742,0.07897468043831238,1.6566543381134666,2.4955204015334838,0.09306543810779704,0.08156527653162528,-10.326867357868485,-9.647724310268645,0.14839086099532373,0.5889329071890088,2.6567569067146595,2.7080502011022096,0,0,0,0,0,0,1,0,0,0,0.0
45729_2009,0.023726169904011808,0.026582094191607914,0.4573263660459229,0.6851079773908381,0.07897468043831238,0.0760221722063783,2.4955204015334838,1.2875788304324636,0.08156527653162528,0.2862601985093568,-9.647724310268645,-9.665432980800778,0.5889329071890088,0.0888305414613691,2.7080502011022096,2.681706225762608,0,0,0,0,0,0,1,0,0,0,0.0
45729_2010,0.026582094191607914,0.02238245404880665,0.6851079773908381,0.474640392608163,0.0760221722063783,0.05364211453522657,1.2875788304324636,2.670004199421221,0.2862601985093568,0.10578951811404833,-9.665432980800778,-8.918655578897473,0.0888305414613691,0.6908256698213872,2.681706225762608,2.7080502011022096,0,0,0,0,0,0,1,0,0,0,0.0
45732_2008,0.030446658723385363,0.03916509284243363,0.11836050172483915,0.1755472580999039,0.03024522680204801,0.01151697733324609,2.553621135986459,2.002344610249424,0.10791807145988723,0.07221198442104916,-9.540499302227694,-9.724387229723577,-0.2617640420558781,-0.21928153614182694,2.5847519847577165,2.403334996094189,0,0,1,0,0,0,0,0,0,0,0.0
45732_2009,0.03916509284243363,0.04787637038709516,0.1755472580999039,0.3259652291713705,0.01151697733324609,0.006595419081307543,2.002344610249424,1.4226011208112541,0.07221198442104916,0.18380712498734453,-9.724387229723577,-9.668575935468908,-0.21928153614182694,-0.0228249641568195,2.403334996094189,2.0476928433652555,0,0,1,0,0,0,0,0,0,0,0.0
45732_2010,0.04787637038709516,0.046116416682838834,0.3259652291713705,0.232260492142852,0.006595419081307543,0.045513238545977434,1.4226011208112541,1.7281658751827484,0.18380712498734453,0.0905397973591531,-9.668575935468908,-9.43825674767534,-0.0228249641568195,0.08980490859260888,2.0476928433652555,2.418588768750352,0,0,1,0,0,0,0,0,0,0,0.0
45869_2008,0.057715969463911915,0.009437992527885795,0.5169503952943661,0.5966291747039963,0.0014775288182761446,0.002220704124208423,2.3916047134834058,1.439719891254059,0.05832830738323176,0.07871176321857268,-10.1014063782633,-10.293544634894227,0.08183081008759048,-0.17469011487400127,2.7080502011022096,2.7080502011022096,1,0,0,0,0,0,0,0,0,0,0.0
45869_2009,0.009437992527885795,-0.2252389237871061,0.5966291747039963,0.8159759623883681,0.002220704124208423,0.004689517025220506,1.439719891254059,1.1530364424379296,0.07871176321857268,0.23589169286588885,-10.293544634894227,-11.016431783956962,-0.17469011487400127,-0.6985645185057248,2.7080502011022096,2.179286876649552,1,0,0,0,0,0,0,0,0,0,0.0
45869_2010,-0.2252389237871061,-0.0016337282099798194,0.8159759623883681,0.7212910047060902,0.004689517025220506,0.007624064979905824,1.1530364424379296,1.7437262157263065,0.23589169286588885,0.25841651527061377,-11.016431783956962,-10.789882478008833,-0.6985645185057248,0.4322083497493606,2.179286876649552,2.6354795082673745,1,0,0,0,0,0,0,0,0,0,0.0
4589_2008,0.02708213921672659,0.027841020821813747,0.2566425560851615,0.2593425956146533,0.04835261294478015,0.046092977345302544,2.393352944367109,2.4789289708688806,0.060367371572485576,0.06783810881070912,-9.40534185621855,-9.233060262235332,-0.02268238695663989,0.16182464133825597,2.7080502011022096,2.7080502011022096,0,1,0,0,0,0,0,0,0,0,0.0
4589_2009,0.027841020821813747,0.03067348870518505,0.2593425956146533,0.27448859262594344,0.046092977345302544,0.025635272749340448,2.4789289708688806,2.3834222736984114,0.06783810881070912,0.1442399025580367,-9.233060262235332,-8.598298568959143,0.16182464133825597,0.6243787150349124,2.7080502011022096,2.7080502011022096,0,1,0,0,0,0,0,0,0,0,0.0
4589_2010,0.03067348870518505,0.04190939003798177,0.27448859262594344,0.2173901527861837,0.025635272749340448,0.04294811957688794,2.3834222736984114,2.1833264901805887,0.1442399025580367,0.0832905363129505,-8.598298568959143,-8.690716282713982,0.6243787150349124,-0.14002713820543874,2.7080502011022096,2.7080502011022096,0,1,0,0,0,0,0,0,0,0,0.0
4604_2008,0.04448657907656413,0.03817938229491424,0.4505201079152745,0.2640024264838976,0.05056258454927828,0.034083991845560435,1.8186110738991732,2.8849065232836075,0.1720802677108668,0.15100868080708935,-11.024795368451471,-10.380568715782488,-0.5794264294518616,0.5374680813419869,2.7080502011022096,2.7080502011022096,0,1,0,0,0,0,0,0,0,0,0.0
4604_2009,0.03817938229491424,0.05942790715112385,0.2640024264838976,0.4271178665743997,0.034083991845560435,0.035401409146144085,2.8849065232836075,1.6691971260074507,0.15100868080708935,0.4814047498756904,-10.380568715782488,-11.545661369942547,0.5374680813419869,-0.3670639353963704,2.7080502011022096,1.9300710850255671,0,1,0,0,0,0,0,0,0,0,0.0
4604_2010,0.05942790715112385,0.04548987037641266,0.4271178665743997,0.7029533612157526,0.035401409146144085,0.052466407617239634,1.6691971260074507,0.7235793466181825,0.4814047498756904,0.2138607419092543,-11.545661369942547,-11.350607511309034,-0.3670639353963704,0.16643473509659604,1.9300710850255671,2.3456445824544927,0,1,0,0,0,0,0,0,0,0,0.0
4609_2008,0.015642116328006172,0.0022644617568742045,0.04352617067987797,0.303997231273028,0.00838595436891589,0.016613375770022615,2.8462180642655515,2.075603031220996,0.19199165359191375,0.10185910277013784,-10.26635547357582,-10.349556450986007,0.15748315111970718,-0.01530851333352236,2.590767040487478,2.4898941912990398,0,0,0,0,0,0,0,0,0,0,1.0
4609_2009,0.0022644617568742045,0.015213531300637947,0.303997231273028,0.8564297344098161,0.016613375770022615,0.031647869601259086,2.075603031220996,0.3809598649892815,0.10185910277013784,0.31030921582389,-10.349556450986007,-11.859725180723943,-0.01530851333352236,-1.7186758676287963,2.4898941912990398,0.3987761199573678,0,0,0,0,0,0,0,0,0,0,1.0
4609_2010,0.015213531300637947,0.0,0.8564297344098161,0.0,0.031647869601259086,0.0,0.3809598649892815,0.0,0.31030921582389,0.0,-11.859725180723943,0.0,-1.7186758676287963,0.0,0.3987761199573678,0.0,0,0,0,0,0,0,0,0,0,0,1.0
46112_2008,0.006401865717556065,0.004460877462059222,0.8943840839102073,0.9301205894853332,0.009926879960487628,0.014885483761639062,1.5946740487380875,1.11636449817637,0.0988566229029119,0.07656203519151718,-11.443910335021949,-11.7538075113845,-0.3595725884114289,-0.4054399827726181,2.7080502011022096,2.6137395216309693,0,0,0,0,0,1,0,0,0,0,0.0
46112_2009,0.004460877462059222,0.0014315884345082526,0.9301205894853332,0.958462150357866,0.014885483761639062,0.007136779560900706,1.11636449817637,0.7833380872394595,0.07656203519151718,0.07317190961471763,-11.7538075113845,-11.675531069366007,-0.4054399827726181,-0.08995350719092192,2.6137395216309693,2.19722457733622,0,0,0,0,0,1,0,0,0,0,0.0
46112_2010,0.0014315884345082526,-0.00047037801048496243,0.958462150357866,0.9814640844052608,0.007136779560900706,0.02697447082473821,0.7833380872394595,0.3472683769772697,0.07317190961471763,0.1772089550503189,-11.675531069366007,-12.770971937284514,-0.08995350719092192,-1.1727128475975928,2.19722457733622,1.3350010667323402,0,0,0,0,0,1,0,0,0,0,0.0
4620_2008,-0.0159153838156803,0.022627669724134845,0.542503465676327,0.464036092551661,0.06479834839241265,0.003546127344827103,1.2357136457352678,1.297426463279163,0.08590435489787918,0.08608903768301653,-7.946272555581821,-7.985926125946253,0.032939185746153204,-0.16354208778958887,2.7080502011022096,2.7080502011022096,0,0,0,1,0,0,0,0,0,0,0.0
4620_2009,0.022627669724134845,0.008313273372463589,0.464036092551661,0.564142597694157,0.003546127344827103,0.024166492361812758,1.297426463279163,0.9084136364028136,0.08608903768301653,0.1748548092512039,-7.985926125946253,-7.976942684939858,-0.16354208778958887,-0.06424829183942983,2.7080502011022096,2.1701959049483,0,0,0,1,0,0,0,0,0,0,0.0
4620_2010,0.008313273372463589,-0.049255585748526405,0.564142597694157,0.5636416655953347,0.024166492361812758,0.10493182513280112,0.9084136364028136,1.083046667975312,0.1748548092512039,0.09174562938563344,-7.976942684939858,-7.878431098941696,-0.06424829183942983,0.03004378484160441,2.1701959049483,2.5071572587228195,0,0,0,1,0,0,0,0,0,0,0.0
46418_2008,0.002409079629249041,-0.0086358141554088,0.11543542088966245,0.19860034340611168,0.01788688326495527,0.033093562187604494,2.0486842016905644,1.0670301960229631,0.1895674080178417,0.2044565882892606,-11.194330478396111,-11.737243950587132,0.1836835474408232,-0.7891454946709823,1.1724821372345648,0.41871033485818493,0,0,0,0,0,0,1,0,0,0,0.0
46418_2009,-0.0086358141554088,-3.5121558320439177,0.19860034340611168,0.8331249072680642,0.033093562187604494,0.05731363530384283,1.0670301960229631,0.4371970079798311,0.2044565882892606,0.35610648206746165,-11.737243950587132,-14.505973699318044,-0.7891454946709823,-2.5154231218969203,0.41871033485818493,-2.8134107167600364,0,0,0,0,0,0,1,0,0,0,0.0
46418_2010,-3.5121558320439177,-0.11640787453602035,0.8331249072680642,0.3800584306637904,0.05731363530384283,0.11835124472860835,0.4371970079798311,2.794834428963177,0.35610648206746165,0.4474907125361138,-14.505973699318044,-12.973530486830043,-2.5154231218969203,0.13862205639646824,-2.8134107167600364,-1.0788096613719298,0,0,0,0,0,0,1,0,0,0,0.0
46430_2008,-0.08333063373817871,-0.10215963212059606,0.453353577949519,0.5927374457827574,0.01908183404078376,0.0016611466121985124,5.988610453755943,23.77184975300279,0.0995357635337546,0.1566796183690352,-10.5034738388217,-10.932670982599692,-0.6992382823301887,-0.5478950678389648,1.2383742310432684,0.6780335427498971,0,0,0,0,0,0,0,0,0,0,1.0
46430_2009,-0.10215963212059606,0.0,0.5927374457827574,0.0,0.0016611466121985124,0.0,23.77184975300279,0.0,0.1566796183690352,0.0,-10.932670982599692,0.0,-0.5478950678389648,0.0,0.6780335427498971,0.0,0,0,0,0,0,0,0,0,0,0,1.0
46430_2010,0.0,0.0,0.0,0.0,0.0,0.0,0.0,0.0,0.0,0.0,0.0,0.0,0.0,0.0,0.0,0.0,0,0,0,0,0,0,0,0,0,0,1.0
46432_2008,0.06191165399716616,0.054018474221592866,0.1496229566786729,0.058303891547710575,0.014712673978561125,0.006731582475267189,2.0423484119345523,2.4539193517930875,0.06841141338714607,0.16831018855114693,-9.627523752617016,-8.61240574895406,0.2003054215845239,0.6723718046106942,2.7080502011022096,2.7080502011022096,0,1,0,0,0,0,0,0,0,0,0.0
46432_2009,0.054018474221592866,0.17885859304855725,0.058303891547710575,0.2272893942668665,0.006731582475267189,0.05004594113000578,2.4539193517930875,1.206730549897405,0.16831018855114693,0.25271146934569577,-8.61240574895406,-9.011124785605386,0.6723718046106942,-0.4182086834508392,2.7080502011022096,2.546315277916644,0,1,0,0,0,0,0,0,0,0,0.0
46432_2010,0.17885859304855725,0.08098595727043903,0.2272893942668665,0.214033077742333,0.05004594113000578,0.19338831759335898,1.206730549897405,1.1590763778420108,0.25271146934569577,0.15407834344867227,-9.011124785605386,-9.03833810754325,-0.4182086834508392,-0.21093950062896108,2.546315277916644,2.6727683869575705,0,1,0,0,0,0,0,0,0,0,0.0
4643_2008,0.028693245088588462,0.0,0.6825200659711729,0.0,0.16298290917158725,0.0,1.37234739444982,0.0,0.07909681608570113,0.0,-9.477346178691066,0.0,-0.25662527301110405,0.0,2.7080502011022096,0.0,0,0,0,0,0,1,0,0,0,0,0.0
4643_2009,0.0,0.0,0.0,0.0,0.0,0.0,0.0,0.0,0.0,0.0,0.0,0.0,0.0,0.0,0.0,0.0,0,0,0,0,0,1,0,0,0,0,0.0
4643_2010,0.0,0.0,0.0,0.0,0.0,0.0,0.0,0.0,0.0,0.0,0.0,0.0,0.0,0.0,0.0,0.0,0,0,0,0,0,1,0,0,0,0,0.0
46441_2008,0.004446240245090485,0.003552493686804492,0.9088368276116692,0.9359284911599208,0.056805960412397626,0.055433458282496136,1.0259391902574984,0.8947148861665606,0.049496830247360415,0.03668712753691837,-12.311027872956547,-12.288321468226941,-0.21686407978859087,-0.0028835248701478077,1.935859813201812,1.9671123567059163,0,0,0,0,0,1,0,0,0,0,0.0
46441_2009,0.003552493686804492,0.0035786780383795305,0.9359284911599208,0.9476869936034116,0.055433458282496136,0.01555991471215352,0.8947148861665606,0.8405115120354967,0.03668712753691837,0.14812625635747856,-12.288321468226941,-12.234557947053895,-0.0028835248701478077,0.015442120210030387,1.9671123567059163,1.5581446180465501,0,0,0,0,0,1,0,0,0,0,0.0
46441_2010,0.0035786780383795305,0.0056570543475634935,0.9476869936034116,0.9610093350901726,0.01555991471215352,0.0066582468280059846,0.8405115120354967,0.6466773470799316,0.14812625635747856,0.0936005845093678,-12.234557947053895,-11.705326697846596,0.015442120210030387,0.5018116813563942,1.5581446180465501,2.302585092994046,0,0,0,0,0,1,0,0,0,0,0.0
46443_2008,0.005512795900534997,0.003034088758581157,0.6875720126322178,0.7112829704311765,0.007963698863871087,0.009667943840902669,1.3534902600454397,1.3215946276605428,0.02845611933319125,0.008880023068475169,-11.895002910047458,-12.032081560124336,-0.1674331438857094,-0.04682122790156788,2.327277705584417,2.2925347571405443,0,0,0,0,0,1,0,0,0,0,0.0
46443_2009,0.003034088758581157,0.0035466390647832437,0.7112829704311765,0.7140389064783245,0.009667943840902669,0.061137664393570386,1.3215946276605428,1.221292412306862,0.008880023068475169,0.022720579440625718,-12.032081560124336,-11.528592540254678,-0.04682122790156788,0.40746620180993537,2.2925347571405443,2.277267285009756,0,0,0,0,0,1,0,0,0,0,0.0
46443_2010,0.0035466390647832437,0.002619203438352118,0.7140389064783245,0.6561068635002848,0.061137664393570386,0.015531732477151231,1.221292412306862,1.5356698570320235,0.022720579440625718,0.09431884778686732,-11.528592540254678,-11.651016591095631,0.40746620180993537,-0.1993838323863795,2.277267285009756,2.3978952727983707,0,0,0,0,0,1,0,0,0,0,0.0
46444_2008,0.00705569660614925,0.006345635185566397,0.7078369720341019,0.7345600440551839,0.024690340977525663,0.022918633527145755,1.6796743554837756,1.6319053097652059,0.0354820168947322,0.02552092746603857,-11.277741036029784,-11.417455632896685,0.0011589973950546367,-0.09793732728555404,2.5952547069568657,2.5217206229107165,0,0,0,0,0,1,0,0,0,0,0.0
46444_2009,0.006345635185566397,-0.007795522229462936,0.7345600440551839,0.7907649861627131,0.022918633527145755,0.017780185080179155,1.6319053097652059,1.5216682156419838,0.02552092746603857,0.05404875944901897,-11.417455632896685,-11.143769035828953,-0.09793732728555404,0.18350870986845172,2.5217206229107165,2.3282528397426234,0,0,0,0,0,1,0,0,0,0,0.0
46444_2010,-0.007795522229462936,-0.001468086100939273,0.7907649861627131,0.8156302470525861,0.017780185080179155,0.024294514423412742,1.5216682156419838,1.7105108894225258,0.05404875944901897,0.0594267885250726,-11.143769035828953,-11.522184964668751,0.18350870986845172,-0.3927698449509997,2.3282528397426234,2.253394848803274,0,0,0,0,0,1,0,0,0,0,0.0
46555_2008,-0.050941981602002084,-0.09507177518376853,0.02276640978852916,0.027479843793821044,0.0033892850662622354,0.05627947425355459,5.6924660033862,4.915841802363743,0.2560451220545294,0.1453002898956291,-12.671457752637673,-12.684458091018364,0.05403364500454039,-0.2311162531575189,0.8671004876833833,0.6981347220709843,0,1,0,0,0,0,0,0,0,0,0.0
46555_2009,-0.09507177518376853,-0.0632295719844358,0.027479843793821044,0.036637695916215136,0.05627947425355459,0.014773264482344813,4.915841802363743,3.854766893661602,0.1453002898956291,0.2378397325440271,-12.684458091018364,-13.469207411708984,-0.2311162531575189,-0.7315168863946929,0.6981347220709843,-0.5978370007556204,0,1,0,0,0,0,0,0,0,0,0.0
46555_2010,-0.0632295719844358,-0.12344104498650807,0.036637695916215136,0.12109170481547613,0.014773264482344813,0.00845762461571507,3.854766893661602,3.545111926963189,0.2378397325440271,0.22478297203111533,-13.469207411708984,-13.038721246440911,-0.7315168863946929,0.304547457976214,-0.5978370007556204,0.03912455468405008,0,1,0,0,0,0,0,0,0,0,0.0
46559_2008,-0.1632635185795068,-0.14208382381952708,0.0270651876870038,0.2172354448318782,0.19097686933733207,0.1992078512477318,3.518942557108987,7.978596833371793,0.2118135999152283,0.1142357842184985,-10.732870533626956,-10.837841969067753,-0.7609838601770436,-0.024864526874112336,2.288486168614544,2.1781550146158692,0,0,0,0,1,0,0,0,0,0,0.0
46559_2009,-0.14208382381952708,-0.3338552342141116,0.2172354448318782,0.5020109720182075,0.1992078512477318,0.16375749274622306,7.978596833371793,82.3142,0.1142357842184985,0.3798646732657462,-10.837841969067753,-11.46571650405988,-0.024864526874112336,-0.6939855666684331,2.1781550146158692,1.0152306797290584,0,0,0,0,1,0,0,0,0,0,0.0
46559_2010,-0.3338552342141116,-0.12248722012777816,0.5020109720182075,0.1496488824791831,0.16375749274622306,0.06411333157274927,82.3142,18.075029356225517,0.3798646732657462,0.1037817842422375,-11.46571650405988,-10.193053027250432,-0.6939855666684331,0.6189753301859148,1.0152306797290584,2.0881534822818573,0,0,0,0,1,0,0,0,0,0,0.0
4655_2008,0.05536087681585066,0.037263608444018055,0.3628414316007211,0.4114343096123038,0.0031875530480925353,0.0035766170687521423,1.9131776725244096,1.6463992138208392,0.055024641489314116,0.06448172426630225,-8.420842695223275,-8.522319985775011,0.04914969860773638,-0.1404641178149575,2.7080502011022096,2.7080502011022096,0,0,0,0,1,0,0,0,0,0,0.0
4655_2009,0.037263608444018055,0.05206468516882303,0.4114343096123038,0.5149297822549403,0.0035766170687521423,0.0014258072948322713,1.6463992138208392,1.1792223077659238,0.06448172426630225,0.1168181255863647,-8.522319985775011,-8.400439217406714,-0.1404641178149575,0.19350134623760296,2.7080502011022096,2.7080502011022096,0,0,0,0,1,0,0,0,0,0,0.0
4655_2010,0.05206468516882303,0.05279267541242472,0.5149297822549403,0.40042996834341343,0.0014258072948322713,0.0018613172651774914,1.1792223077659238,1.5799109597929937,0.1168181255863647,0.21226734820979254,-8.400439217406714,-8.181800034714234,0.19350134623760296,-0.5126003111314693,2.7080502011022096,2.7080502011022096,0,0,0,0,1,0,0,0,0,0,0.0
46566_2008,0.14002931921317824,0.04632926193151783,0.2350758254200428,0.2762321854290726,0.2306312789688217,0.3448998953268149,2.7707107919862035,1.882805178909522,0.10468089707254946,0.10347499343306917,-9.803735889824173,-10.34569382899419,-0.13976784000831635,-0.5239579693494874,2.7080502011022096,2.7080502011022096,0,1,0,0,0,0,0,0,0,0,0.0
46566_2009,0.04632926193151783,0.011260827014270058,0.2762321854290726,0.4688960533412733,0.3448998953268149,0.3153031563995617,1.882805178909522,1.093556372319929,0.10347499343306917,0.1370674062173271,-10.34569382899419,-10.493621868534996,-0.5239579693494874,-0.30445971329298543,2.7080502011022096,2.7080502011022096,0,1,0,0,0,0,0,0,0,0,0.0
46566_2010,0.011260827014270058,0.013493470416795276,0.4688960533412733,0.35321480566944274,0.3153031563995617,0.3534824899003833,1.093556372319929,1.131729726939555,0.1370674062173271,0.1420457232079581,-10.493621868534996,-10.643651889622667,-0.30445971329298543,-0.2618027879563279,2.7080502011022096,2.7080502011022096,0,1,0,0,0,0,0,0,0,0,0.0
46668_2008,0.023966857260245833,0.025602981640722132,0.2615811278118259,0.22392362278091552,0.03807306467627624,0.02434605831577739,1.744267863641878,2.0548573545275186,0.12547752814246588,0.07035314833143523,-13.252968761391086,-13.08118859674249,-0.6674716981961245,0.1506228140481206,1.396244691973059,1.5810384379124025,0,0,0,1,0,0,0,0,0,0,0.0
46668_2009,0.025602981640722132,-0.1178900540197013,0.22392362278091552,0.5970311861636933,0.02434605831577739,0.0437151028190113,2.0548573545275186,1.1166037735849057,0.07035314833143523,0.2150375499062268,-13.08118859674249,-14.366303809869347,0.1506228140481206,-1.245333103020862,1.5810384379124025,-0.1862091035211472,0,0,0,1,0,0,0,0,0,0,0.0
46668_2010,-0.1178900540197013,0.10829220138203356,0.5970311861636933,0.28384336952945044,0.0437151028190113,0.04501480750246792,1.1166037735849057,1.7845048827084071,0.2150375499062268,0.3582256059239201,-14.366303809869347,-12.991523157813642,-1.245333103020862,1.2365805366071587,-0.1862091035211472,1.42791603581071,0,0,0,1,0,0,0,0,0,0,0.0
46669_2008,0.014633113058803538,0.0,0.4297287872535865,0.0,0.020066868227468337,0.0,1.6265116229286505,0.0,0.037472603155113936,0.0,-9.135165141834072,0.0,0.22094675210118087,0.0,2.7080502011022096,0.0,0,0,0,0,0,0,0,0,0,1,0.0
46669_2009,0.0,0.034336983017695916,0.0,0.7038170043611323,0.0,0.028473052289797164,0.0,0.4748227072611749,0.0,0.219751150157905,0.0,-9.752554733067065,0.0,-0.5328757134333166,0.0,1.623340817603092,0,0,0,0,0,0,0,0,0,1,0.0
46669_2010,0.034336983017695916,-0.00529912712529521,0.7038170043611323,0.4969353222182271,0.028473052289797164,0.0997009983049005,0.4748227072611749,0.9050716378305308,0.219751150157905,0.2018306188224036,-9.752554733067065,-9.201367310820089,-0.5328757134333166,0.4288475200923237,1.623340817603092,2.136530508663963,0,0,0,0,0,0,0,0,0,1,0.0
46670_2008,-0.2621762939565422,-0.04801486650223845,0.3231402498485922,0.7266523675313942,0.01747483501556116,0.028354823456059407,1124.9646600048793,161.6863,0.24900545410648095,0.09921782950125667,-11.42900311248707,-11.300532595167866,-0.6578796631659855,-0.05543454557968289,0.8458682675776092,0.7129498078561249,0,0,0,0,0,0,0,0,0,0,0.0
46670_2009,-0.04801486650223845,-0.3826473546166463,0.7266523675313942,0.9530988551761651,0.028354823456059407,0.042006610102898835,161.6863,17.2971,0.09921782950125667,0.22462831000869812,-11.300532595167866,-13.039521735565453,-0.05543454557968289,-1.9311700295761125,0.7129498078561249,-1.7147984280919266,0,0,0,0,0,0,0,0,0,0,1.0
46670_2010,-0.3826473546166463,-0.15486121914285908,0.9530988551761651,0.9765860501026368,0.042006610102898835,0.03942307641943242,17.2971,8.9402,0.22462831000869812,0.41675758349279296,-13.039521735565453,-14.048934125940551,-1.9311700295761125,0.1741968985692422,-1.7147984280919266,-1.491654876777717,0,0,0,0,0,0,0,0,0,0,1.0
46675_2008,-0.07076749648094162,-0.1334936861094408,0.040326774660402194,0.01584730426076124,0.03476958463719276,0.003987720353198088,7.00241342148574,6.853145592203988,0.3207852558328342,0.20255466926408486,-11.680048899224605,-11.883752600017635,-0.5843934039353527,-0.1801131723608692,0.8153648132841944,0.4681268692328754,0,0,0,0,0,0,0,0,0,0,0.0
46675_2009,-0.1334936861094408,-0.0892035962985904,0.01584730426076124,0.05890909773448205,0.003987720353198088,0.013889670964956736,6.853145592203988,6.254256739057218,0.20255466926408486,0.2760509558244495,-11.883752600017635,-12.504188286957211,-0.1801131723608692,-0.6329446870039872,0.4681268692328754,-0.7985076962177716,0,0,0,0,0,0,0,0,0,0,0.0
46675_2010,-0.0892035962985904,-0.2734133096827397,0.05890909773448205,0.1613841821095707,0.013889670964956736,0.042322114860974966,6.254256739057218,4.131019629183944,0.2760509558244495,0.3845351557027764,-12.504188286957211,-11.73626560951034,-0.6329446870039872,0.1989201902410844,-0.7985076962177716,-0.13926206733350766,0,0,0,0,0,0,0,0,0,0,0.0
46685_2008,0.00720928711901531,-0.003439126036190251,0.534929104230936,0.7526772982062091,0.0462595923470149,0.05453471285958826,8.811637267437757,12.731405472505749,0.09801971884906804,0.09230460092353517,-8.221124116793813,-9.561089171173943,0.028064708054563958,-1.2805168008732648,2.7080502011022096,1.8017098000812233,0,0,0,0,0,0,0,1,0,0,0.0
46685_2009,-0.003439126036190251,-0.009799634571626824,0.7526772982062091,0.7951703480977194,0.05453471285958826,0.07192231801676115,12.731405472505749,29.5208661413351,0.09230460092353517,0.3057477023958767,-9.561089171173943,-9.73396677647009,-1.2805168008732648,-0.5477098696920972,1.8017098000812233,1.1052568313867783,0,0,0,0,0,0,0,1,0,0,0.0
46685_2010,-0.009799634571626824,-0.019960525266811344,0.7951703480977194,0.8293598248360112,0.07192231801676115,0.07664841702455555,29.5208661413351,854.8882,0.3057477023958767,0.31808643499667594,-9.73396677647009,-9.336618876779488,-0.5477098696920972,0.7188880842033974,1.1052568313867783,1.7334238922150915,0,0,0,0,0,0,0,1,0,0,0.0
46687_2008,0.01595311210758085,0.0,0.5822145609768229,0.0,0.17197209511860162,0.0,89.54456282200874,0.0,0.07017060437969135,0.0,-8.579993123747226,0.0,0.1727020862837041,0.0,2.7080502011022096,0.0,0,0,0,0,0,1,0,0,0,0,0.0
46687_2009,0.0,0.0,0.0,0.0,0.0,0.0,0.0,0.0,0.0,0.0,0.0,0.0,0.0,0.0,0.0,0.0,0,0,0,0,0,1,0,0,0,0,0.0
46687_2010,0.0,0.0,0.0,0.0,0.0,0.0,0.0,0.0,0.0,0.0,0.0,0.0,0.0,0.0,0.0,0.0,0,0,0,0,0,1,0,0,0,0,0.0
46689_2008,-0.003410491904873341,0.006537954448228708,0.5857280710366597,0.7124076785677184,0.029827135958792182,0.03082865777188998,1.5265921257870172,1.4786376598494289,0.02126934470435953,0.049194973821973666,-9.845981591385232,-9.864770202947431,0.013052241250426477,-0.15230961262164885,2.7080502011022096,2.7080502011022096,0,0,0,0,0,0,0,0,0,0,0.0
46689_2009,0.006537954448228708,0.005921250708173806,0.7124076785677184,0.7974015779710755,0.03082865777188998,0.044372915665661504,1.4786376598494289,0.8418874311628719,0.049194973821973666,0.13915446934443634,-9.864770202947431,-9.78997328686302,-0.15230961262164885,-0.23356144010127186,2.7080502011022096,2.7080502011022096,0,0,0,0,0,0,0,0,0,0,0.0
46689_2010,0.005921250708173806,0.012216784853035113,0.7974015779710755,0.642353513715119,0.044372915665661504,0.03484900802546605,0.8418874311628719,1.5178906663230276,0.13915446934443634,0.07368867974933474,-9.78997328686302,-9.038830223438476,-0.23356144010127186,0.08617031659874252,2.7080502011022096,2.7080502011022096,0,0,0,0,0,0,0,0,0,0,0.0
46691_2008,0.03432488209111213,0.05368291052470569,0.12522448787986498,0.2720402451874596,0.12484669071385818,0.2355491602367275,3.383885932897761,1.3421838768305168,0.15130758957554638,0.13474114672264326,-10.06487111008025,-10.987744670140385,-0.2538337366524548,-0.9540263113621691,2.7080502011022096,2.7080502011022096,0,0,1,0,0,0,0,0,0,0,0.0
46691_2009,0.05368291052470569,0.07862711262588683,0.2720402451874596,0.3735364560128278,0.2355491602367275,0.15160020173555905,1.3421838768305168,0.8864748097832611,0.13474114672264326,0.1634857138904882,-10.987744670140385,-10.521910808900458,-0.9540263113621691,0.49420869015223706,2.7080502011022096,2.6892071133007303,0,0,1,0,0,0,0,0,0,0,0.0
46691_2010,0.07862711262588683,0.035378721162493416,0.3735364560128278,0.17699767670699593,0.15160020173555905,0.17228757156668326,0.8864748097832611,2.1937964652410007,0.1634857138904882,0.2654670594912433,-10.521910808900458,-10.104914350830665,0.49420869015223706,0.767399415453658,2.6892071133007303,2.7080502011022096,0,0,1,0,0,0,0,0,0,0,0.0
46692_2008,0.024876171816578575,0.019831270819823003,0.08574402447074818,0.06465484690160739,0.0786966889056945,0.06937215793344864,4.396332261225929,4.868610112370706,0.0672853084707991,0.10562007932166316,-8.808544776716593,-8.213576458875183,0.0513047757911336,0.5122461951873175,2.7080502011022096,2.7080502011022096,0,0,0,0,0,1,0,0,0,0,0.0
46692_2009,0.019831270819823003,0.047526534389992166,0.06465484690160739,0.13786043793011088,0.06937215793344864,0.1528422980608946,4.868610112370706,2.58304108537349,0.10562007932166316,0.15264851906674853,-8.213576458875183,-8.450577102949236,0.5122461951873175,-0.20067410689959905,2.7080502011022096,2.7080502011022096,0,0,0,0,0,1,0,0,0,0,0.0
46692_2010,0.047526534389992166,0.031711376325497725,0.13786043793011088,0.09334234545194076,0.1528422980608946,0.13174089325735208,2.58304108537349,2.7936231982636,0.15264851906674853,0.1093816042149874,-8.450577102949236,-8.345102429502841,-0.20067410689959905,0.0356886007170274,2.7080502011022096,2.7080502011022096,0,0,0,0,0,1,0,0,0,0,0.0
46694_2008,0.01015461484494594,0.008733187373502684,0.8538055600127586,0.8602406703481301,0.022044610811990484,0.027312149098235847,1.8837992918811832,1.681836744495906,0.06688423117175687,0.08876497674944163,-12.043348482284438,-12.156904978170765,-0.3588009317293967,-0.17584223090417478,2.7020254218460398,2.6304489550786583,0,0,0,0,0,1,0,0,0,0,0.0
46694_2009,0.008733187373502684,0.0006644075353430933,0.8602406703481301,0.9217299511201495,0.027312149098235847,0.04106869077839495,1.681836744495906,1.0095265479054705,0.08876497674944163,0.155428924788375,-12.156904978170765,-12.297963627817161,-0.17584223090417478,-0.02448059367408051,2.6304489550786583,2.0149030205422647,0,0,0,0,0,1,0,0,0,0,0.0
46694_2010,0.0006644075353430933,-0.018139123467416616,0.9217299511201495,0.9715834943099556,0.04106869077839495,0.1179915670727112,1.0095265479054705,0.5639790279155448,0.155428924788375,0.1160768318324542,-12.297963627817161,-13.448610023947207,-0.02448059367408051,-1.1389813334250367,2.0149030205422647,1.0986122886681098,0,0,0,0,0,1,0,0,0,0,0.0
46697_2008,0.02128669584571596,0.04089979550102249,0.0637723115569632,0.0993070806579948,0.05305037351231196,0.1235940594363205,4.930067721961101,2.8613956360471158,0.2451610973294429,0.16752178185653513,-9.654355814100072,-9.809900794696356,-0.5975451477972504,-0.3174984796815167,2.7080502011022096,2.7080502011022096,0,0,1,0,0,0,0,0,0,0,0.0
46697_2009,0.04089979550102249,0.06454105845235013,0.0993070806579948,0.2078264099130024,0.1235940594363205,0.2948015261161693,2.8613956360471158,1.1648848139811996,0.16752178185653513,0.200415735216284,-9.809900794696356,-10.480981939815551,-0.3174984796815167,-0.5280522996218551,2.7080502011022096,2.0082140323914683,0,0,1,0,0,0,0,0,0,0,0.0
46697_2010,0.06454105845235013,0.020170794562743743,0.2078264099130024,0.14930717705632315,0.2948015261161693,0.2386895765303936,1.1648848139811996,1.8171903536992056,0.200415735216284,0.2052576601595448,-10.480981939815551,-10.157988670719359,-0.5280522996218551,0.2793671863446824,2.0082140323914683,2.543175557911976,0,0,1,0,0,0,0,0,0,0,0.0
46701_2008,0.09329475180502564,0.015991463381777715,0.5797257598004607,0.7861951061403072,0.0814213075333953,0.08891521430128481,2.7271091897612836,1.2700736794729532,0.09674623868382408,0.13848406562722154,-10.353848256915605,-10.802367582571245,-0.11935794224590883,-0.5079816917979206,1.935859813201812,1.430311246536665,0,1,0,0,0,0,0,0,0,0,0.0
46701_2009,0.015991463381777715,-0.05423592871157461,0.7861951061403072,0.9889721569848736,0.08891521430128481,0.11250153171213208,1.2700736794729532,0.15490959808140425,0.13848406562722154,0.2744646105854529,-10.802367582571245,-13.444011354731336,-0.5079816917979206,-2.561540803991886,1.430311246536665,-1.7147984280919266,0,1,0,0,0,0,0,0,0,0,0.0
46701_2010,-0.05423592871157461,0.03727391954161161,0.9889721569848736,0.8188500927114226,0.11250153171213208,0.09005402332517035,0.15490959808140425,0.7030772672387702,0.2744646105854529,0.5173477142852355,-13.444011354731336,-10.990314807245737,-2.561540803991886,2.1011992579369934,-1.7147984280919266,0.9707789171582248,0,1,0,0,0,0,0,0,0,0,0.0
4673_2008,0.006217942683171429,0.007393406820155529,0.8394581547813192,0.8420616456089945,0.14358165670807835,0.1512904251003198,1.6804209671326933,1.6513106217784457,0.2216688476215225,0.06585879262043111,-9.017832092890883,-9.001687024081264,-0.7170507565147912,0.03081875310206074,2.7080502011022096,2.7080502011022096,0,0,0,0,0,1,0,0,0,0,0.0
4673_2009,0.007393406820155529,0.008163413297105286,0.8420616456089945,0.8325129203547099,0.1512904251003198,0.10271375996561737,1.6513106217784457,1.8656415938026036,0.06585879262043111,0.0901805928065713,-9.001687024081264,-8.269284286141563,0.03081875310206074,0.5741185186894731,2.7080502011022096,2.7080502011022096,0,0,0,0,0,1,0,0,0,0,0.0
4673_2010,0.008163413297105286,0.0073113111582060065,0.8325129203547099,0.8699813172811962,0.10271375996561737,0.15075048708575242,1.8656415938026036,1.4828753308204907,0.0901805928065713,0.09643481232012688,-8.269284286141563,-8.738510319689938,0.5741185186894731,-0.2810726979768149,2.7080502011022096,2.7080502011022096,0,0,0,0,0,1,0,0,0,0,0.0
4678_2008,0.0589480713174699,0.03650587852826225,0.6344189961334383,0.6817668756895907,0.38375224416517056,0.3821139961462951,1.1778659105314415,0.8399415353852084,0.08448563343806396,0.0658651970817485,-12.066979917937827,-12.315743856775086,0.2200385548982543,-0.2607749051965223,2.5710843460290524,2.327277705584417,0,0,0,0,0,1,0,0,0,0,0.0
4678_2009,0.03650587852826225,0.034450198823880784,0.6817668756895907,0.7019480697324714,0.3821139961462951,0.34578661613362216,0.8399415353852084,0.6190575255902249,0.0658651970817485,0.07318518575145097,-12.315743856775086,-12.054013538962154,-0.2607749051965223,0.2809736485234979,2.327277705584417,2.1041341542702074,0,0,0,0,0,1,0,0,0,0,0.0
4678_2010,0.034450198823880784,0.01932839920969497,0.7019480697324714,0.6391776812788572,0.34578661613362216,0.3094656988599744,0.6190575255902249,0.7647728503762616,0.07318518575145097,0.07387357399629255,-12.054013538962154,-12.110037731366123,0.2809736485234979,0.008422095355033687,2.1041341542702074,2.331949701623949,0,0,0,0,0,1,0,0,0,0,0.0
46844_2008,0.00595239118029352,0.0047252443753742065,0.7626283451019362,0.7854980764193861,0.03989808529836997,0.01911759247775437,1.2013426121412107,1.102875098122826,0.030171767843780894,0.05852741794246472,-10.3365670601449,-10.518379743543806,0.05146188076935257,-0.12529529882215776,2.7080502011022096,2.7080502011022096,0,0,0,0,0,1,0,0,0,0,0.0
46844_2009,0.0047252443753742065,-0.01299082421282198,0.7854980764193861,0.8629126005433781,0.01911759247775437,0.019650723778320486,1.102875098122826,0.7852136296860296,0.05852741794246472,0.09555834446197926,-10.518379743543806,-10.487452214813137,-0.12529529882215776,-0.03906881731511902,2.7080502011022096,2.321406847234633,0,0,0,0,0,1,0,0,0,0,0.0
46844_2010,-0.01299082421282198,-0.0004932696761464008,0.8629126005433781,0.8711002119455478,0.019650723778320486,0.07231814691014671,0.7852136296860296,0.7517778767923491,0.09555834446197926,0.10226677630281752,-10.487452214813137,-10.754152625347023,-0.03906881731511902,-0.26904448353086746,2.321406847234633,2.2925347571405443,0,0,0,0,0,1,0,0,0,0,0.0
46846_2008,0.06191484971406633,-0.03579063982549502,0.4418518249571136,0.6115932018277457,0.08381192653294815,0.1470291297715077,2.1175945177331417,1.060010999783607,0.08720499096299672,0.123636879798215,-9.927982332531148,-10.818208857947482,-0.4446231639819959,-0.9382327565341424,2.7080502011022096,1.9768549529047348,0,1,0,0,0,0,0,0,0,0,0.0
46846_2009,-0.03579063982549502,-0.29432727815947024,0.6115932018277457,0.8833700678015739,0.1470291297715077,0.22553613122961516,1.060010999783607,0.5654571497607571,0.123636879798215,0.3967462270122925,-10.818208857947482,-11.863924698920526,-0.9382327565341424,-1.2339685786881267,1.9768549529047348,0.4252677354043441,0,1,0,0,0,0,0,0,0,0,0.0
46846_2010,-0.29432727815947024,-0.1172417649383549,0.8833700678015739,0.735445949544758,0.22553613122961516,0.1594043707405466,0.5654571497607571,2.4830744953482102,0.3967462270122925,0.3008481074149326,-11.863924698920526,-11.172241652481427,-1.2339685786881267,0.841762182353932,0.4252677354043441,1.3454723665996355,0,1,0,0,0,0,0,0,0,0,0.0
46849_2008,0.038865337274827216,0.02806344452729259,0.2842463272704695,0.3335969182852808,0.02561281146482608,0.08213408088969347,1.7701474966516808,2.1115402852624263,0.07078815071337692,0.12121342047067893,-9.92564800205176,-9.246890606698152,0.1415983744015388,0.36339092222520136,2.7080502011022096,2.7080502011022096,0,1,0,0,0,0,0,0,0,0,0.0
46849_2009,0.02806344452729259,0.050873322760209366,0.3335969182852808,0.7352442766376937,0.08213408088969347,0.007601324441431832,2.1115402852624263,0.7028467898853787,0.12121342047067893,0.3490139470826805,-9.246890606698152,-10.105594191682245,0.36339092222520136,-0.8675479331467542,2.7080502011022096,1.9198594718553708,0,1,0,0,0,0,0,0,0,0,0.0
46849_2010,0.050873322760209366,0.025684360071163436,0.7352442766376937,0.7627098307742723,0.007601324441431832,0.05505081123673585,0.7028467898853787,0.5225556714963919,0.3490139470826805,0.2644662305659054,-10.105594191682245,-10.382257435067462,-0.8675479331467542,-0.3725340912528819,1.9198594718553708,1.5993875765805992,0,1,0,0,0,0,0,0,0,0,0.0
4684_2008,0.03504195274809623,0.037238720130475786,0.39563670318133976,0.35893528454664925,0.00265617210518125,0.005037227948639425,1.531056625287769,1.54470592050159,0.06643563984060996,0.04025726184355402,-9.31791244272634,-9.169317772299207,0.1553838964862943,0.1191933772392982,2.7080502011022096,2.7080502011022096,1,0,0,0,0,0,0,0,0,0,0.0
4684_2009,0.037238720130475786,0.048933391970897515,0.35893528454664925,0.3806707796975728,0.005037227948639425,0.004576616644860689,1.54470592050159,1.350172022923741,0.04025726184355402,0.0707890813056272,-9.169317772299207,-8.824835845383811,0.1191933772392982,0.31534735079410464,2.7080502011022096,2.7080502011022096,1,0,0,0,0,0,0,0,0,0,0.0
4684_2010,0.048933391970897515,0.04403572142966301,0.3806707796975728,0.3474569562917956,0.004576616644860689,0.006216107486616979,1.350172022923741,1.3557860828182886,0.0707890813056272,0.07690615475561037,-8.824835845383811,-8.950743427581637,0.31534735079410464,-0.09518001081127568,2.7080502011022096,2.7080502011022096,1,0,0,0,0,0,0,0,0,0,0.0
46853_2008,0.0,0.0,0.0,0.0,0.0,0.0,0.0,0.0,0.0,0.0,0.0,0.0,0.0,0.0,0.0,0.0,0,0,0,0,0,1,0,0,0,0,0.0
46853_2009,0.0,0.0,0.0,0.0,0.0,0.0,0.0,0.0,0.0,0.0,0.0,0.0,0.0,0.0,0.0,0.0,0,0,0,0,0,1,0,0,0,0,0.0
46853_2010,0.0,0.0,0.0,0.0,0.0,0.0,0.0,0.0,0.0,0.0,0.0,0.0,0.0,0.0,0.0,0.0,0,0,0,0,0,1,0,0,0,0,0.0
46855_2008,0.0,0.0,0.0,0.0,0.0,0.0,0.0,0.0,0.0,0.0,0.0,0.0,0.0,0.0,0.0,0.0,0,0,0,0,0,1,0,0,0,0,0.0
46855_2009,0.0,0.042993088955660085,0.0,0.4632359430824335,0.0,0.035307779936817885,0.0,0.7076219069146745,0.0,0.1295575956314242,0.0,-10.307456987306676,0.0,0.03429025340198988,0.0,2.069391205826334,0,0,0,0,0,1,0,0,0,0,0.0
46855_2010,0.042993088955660085,0.0,0.4632359430824335,0.0,0.035307779936817885,0.0,0.7076219069146745,0.0,0.1295575956314242,0.0,-10.307456987306676,0.0,0.03429025340198988,0.0,2.069391205826334,0.0,0,0,0,0,0,1,0,0,0,0,0.0
46857_2008,0.03867793361346069,0.04149117446775162,0.050538240050724166,0.05952878954597781,0.050478140318975566,0.00244638861147854,3.1546120868224032,2.5601367883283643,0.07050294485189199,0.1289658849071278,-10.133775449091,-10.27437403006325,0.4789047440732478,-0.05814247906092925,2.7080502011022096,2.7080502011022096,0,0,0,0,1,0,0,0,0,0,0.0
46857_2009,0.04149117446775162,0.04296797831774957,0.05952878954597781,0.08436549998081343,0.00244638861147854,0.004989930601449369,2.5601367883283643,2.8817455365230167,0.1289658849071278,0.16467207731324893,-10.27437403006325,-9.408164459648182,-0.05814247906092925,0.865624651202562,2.7080502011022096,2.7080502011022096,0,0,0,0,1,0,0,0,0,0,0.0
46857_2010,0.04296797831774957,0.06496552694005796,0.08436549998081343,0.10488100040338844,0.004989930601449369,0.0005832479062658441,2.8817455365230167,2.32996130779387,0.16467207731324893,0.18171525053801169,-9.408164459648182,-9.706130414114124,0.865624651202562,-0.06315945811396087,2.7080502011022096,2.7080502011022096,0,0,0,0,1,0,0,0,0,0,0.0
46858_2008,0.037226492279189116,0.017943687802208064,0.1781686921178552,0.18011675875895086,0.017667743024221638,0.0075346276598720185,2.008528233319547,2.067361213284359,0.10544193904798324,0.09144865140048017,-10.520697563723287,-10.427255856273174,-0.23874774754066602,0.177381867907675,2.6019486702196644,2.6892071133007303,0,0,1,0,0,0,0,0,0,0,0.0
46858_2009,0.017943687802208064,0.04689855305365431,0.18011675875895086,0.21618851197939296,0.0075346276598720185,0.036267130628319856,2.067361213284359,1.7652040212372182,0.09144865140048017,0.09536825585440023,-10.427255856273174,-10.030787631372869,0.177381867907675,0.4752792448148217,2.6892071133007303,2.583997552432231,0,0,1,0,0,0,0,0,0,0,0.0
46858_2010,0.04689855305365431,0.06746966886299241,0.21618851197939296,0.23257502864504614,0.036267130628319856,0.06431124593138947,1.7652040212372182,2.2156245309631752,0.09536825585440023,0.108354996964603,-10.030787631372869,-9.782777089799405,0.4752792448148217,0.09638077238983468,2.583997552432231,2.7080502011022096,0,0,1,0,0,0,0,0,0,0,0.0
4685_2008,-0.028669660689796105,-0.2238274581953316,0.6978505936691258,0.694737875250905,0.07048074666445281,0.08480636774251904,0.4208005369234662,0.5550036931433496,0.11533192650764128,0.10976409928944464,-11.508077504490789,-11.383137631224244,-0.3626746129577006,-0.13014935947490133,0.8960880245566357,0.883767540168595,0,0,1,0,0,0,0,0,0,0,0.0
4685_2009,-0.2238274581953316,-0.03680734405762283,0.694737875250905,0.6514656050399465,0.08480636774251904,0.06737036127988645,0.5550036931433496,0.5266478952703609,0.10976409928944464,0.20482328704162728,-11.383137631224244,-10.711470419806117,-0.13014935947490133,0.6067911831677771,0.883767540168595,1.0367368849500225,0,0,1,0,0,0,0,0,0,0,0.0
4685_2010,-0.03680734405762283,-0.15307236633895052,0.6514656050399465,0.7246943691950767,0.06737036127988645,0.15350975166198613,0.5266478952703609,0.3843304677919572,0.20482328704162728,0.4699353385899914,-10.711470419806117,-10.626937217534458,0.6067911831677771,0.4493735671529104,1.0367368849500225,1.355835153635182,0,0,1,0,0,0,0,0,0,0,0.0
46860_2008,0.008476848193889858,0.05103133786709798,0.5946290708697975,0.5252845606378379,0.007154679058761698,0.003929313539474406,13.244140718995139,6.756881432477187,0.049450362238916,0.06532901748252416,-9.670448551972873,-9.597348467942867,0.004570460289933853,0.04750858699526683,2.7080502011022096,2.7080502011022096,0,0,0,0,0,0,0,0,0,0,0.0
46860_2009,0.05103133786709798,0.017184459439835032,0.5252845606378379,0.7501621632087984,0.003929313539474406,0.008422805471919141,6.756881432477187,6.084742165947514,0.06532901748252416,0.1073368470143702,-9.597348467942867,-9.79267096232459,0.04750858699526683,-0.2611047484916467,2.7080502011022096,2.7080502011022096,0,0,0,0,0,0,0,0,0,0,0.0
46860_2010,0.017184459439835032,0.024580783561336243,0.7501621632087984,0.5949754984259689,0.008422805471919141,0.00503669295389902,6.084742165947514,7.207651448711798,0.1073368470143702,0.08540020334880642,-9.79267096232459,-9.024895982061002,-0.2611047484916467,0.3996904490697801,2.7080502011022096,2.7080502011022096,0,0,0,0,0,0,0,0,0,0,0.0
46861_2008,-0.15371642261607552,-0.10233776219650297,0.022853815531241845,0.0127232274555258,0.04039770164532387,0.04246151152322822,6.446139286421548,6.397922006161952,0.207672741349064,0.1646577175035253,-11.473504141404714,-11.967841353219669,-0.4797244990665578,-0.4801658395286227,1.4816045409242156,0.947789398933526,0,0,0,0,0,0,0,0,0,0,1.0
46861_2009,-0.10233776219650297,-1.1860537511673757,0.0127232274555258,0.16706443914081145,0.04246151152322822,0.2647204639525901,6.397922006161952,1.7014646967802105,0.1646577175035253,0.7275006648118864,-11.967841353219669,-14.506356347814341,-0.4801658395286227,-2.4892090129033453,0.947789398933526,-2.206366235253503,0,0,0,0,0,0,0,0,0,0,1.0
46861_2010,-1.1860537511673757,0.0,0.16706443914081145,0.0,0.2647204639525901,0.0,1.7014646967802105,0.0,0.7275006648118864,0.0,-14.506356347814341,0.0,-2.4892090129033453,0.0,-2.206366235253503,0.0,0,0,0,0,0,0,0,0,0,0,1.0
46862_2008,-0.007087772821472871,-0.025391201653380574,0.630683379429537,0.7237804678017256,0.0025166729583490626,0.001738674015024768,1.8179025727695732,1.248813478879924,0.08373501818114143,0.1380621694201087,-13.33165447298916,-13.864614537848732,-0.27744707742969865,-0.4581514554621305,1.5368672195992648,1.01160091167848,0,0,0,0,0,0,0,1,0,0,0.0
46862_2009,-0.025391201653380574,-0.03890164990615984,0.7237804678017256,0.6719025743018011,0.001738674015024768,0.0014706294293957815,1.248813478879924,1.5933763212667835,0.1380621694201087,0.145668962972287,-13.864614537848732,-14.242471618994188,-0.4581514554621305,-0.4332846030477598,1.01160091167848,0.13976194237515865,0,0,0,0,0,0,0,1,0,0,0.0
46862_2010,-0.03890164990615984,0.012517204923101474,0.6719025743018011,0.826434740978636,0.0014706294293957815,0.005485627655542479,1.5933763212667835,0.6246634743091801,0.145668962972287,0.5838093471012712,-14.242471618994188,-14.28592484555268,-0.4332846030477598,0.13785714300032034,0.13976194237515865,0.3293037471426003,0,0,0,0,0,0,0,1,0,0,0.0
46874_2008,0.0,0.0,0.0,0.0,0.0,0.0,0.0,0.0,0.0,0.0,0.0,0.0,0.0,0.0,0.0,0.0,0,0,1,0,0,0,0,0,0,0,0.0
46874_2009,0.0,0.0,0.0,0.0,0.0,0.0,0.0,0.0,0.0,0.0,0.0,0.0,0.0,0.0,0.0,0.0,0,0,1,0,0,0,0,0,0,0,0.0
46874_2010,0.0,0.0,0.0,0.0,0.0,0.0,0.0,0.0,0.0,0.0,0.0,0.0,0.0,0.0,0.0,0.0,0,0,1,0,0,0,0,0,0,0,0.0
46878_2008,0.07358129207472658,0.0,0.02212499884748357,0.0,0.05033064120972901,0.0,1.5086315534348338,0.0,0.03780274938410521,0.0,-9.053122049404452,0.0,-0.09019469229813776,0.0,2.7080502011022096,0.0,0,0,0,0,0,0,0,0,0,1,0.0
46878_2009,0.0,0.0,0.0,0.0,0.0,0.0,0.0,0.0,0.0,0.0,0.0,0.0,0.0,0.0,0.0,0.0,0,0,0,0,0,0,0,0,0,1,0.0
46878_2010,0.0,0.0,0.0,0.0,0.0,0.0,0.0,0.0,0.0,0.0,0.0,0.0,0.0,0.0,0.0,0.0,0,0,0,0,0,0,0,0,0,1,0.0
46883_2008,0.007519529178303576,0.0,0.8802239771988442,0.0,0.007956147718509216,0.0,1.2201924311547565,0.0,0.05075002980318773,0.0,-8.683550278071412,0.0,0.07438320332070669,0.0,2.7080502011022096,0.0,0,0,0,0,0,1,0,0,0,0,0.0
46883_2009,0.0,0.0,0.0,0.0,0.0,0.0,0.0,0.0,0.0,0.0,0.0,0.0,0.0,0.0,0.0,0.0,0,0,0,0,0,1,0,0,0,0,0.0
46883_2010,0.0,0.007653925875225768,0.0,0.9086248431256582,0.0,0.05173602630763439,0.0,0.8043922052194659,0.0,0.3515805219722836,0.0,-9.288096848915316,0.0,1.1105050310778268,0.0,1.7578579175523736,0,0,0,0,0,1,0,0,0,0,0.0
46887_2008,-0.2429228705372045,-0.358456783434725,0.03265649719154124,0.028250336682094705,0.07022701967476203,0.003973106711454415,6.3770839797537695,5.862204209700613,0.17168199348917845,0.3555887721850245,-12.511908251310887,-12.75491003203156,-1.2596226060351583,-1.076740720103733,0.09531017980432492,-0.35667494393873245,0,0,0,0,1,0,0,0,0,0,0.0
46887_2009,-0.358456783434725,0.0,0.028250336682094705,0.0,0.003973106711454415,0.0,5.862204209700613,0.0,0.3555887721850245,0.0,-12.75491003203156,0.0,-1.076740720103733,0.0,-0.35667494393873245,0.0,0,0,0,0,1,0,0,0,0,0,0.0
46887_2010,0.0,0.0,0.0,0.0,0.0,0.0,0.0,0.0,0.0,0.0,0.0,0.0,0.0,0.0,0.0,0.0,0,0,0,0,1,0,0,0,0,0,0.0
46889_2008,0.033653533065781636,0.026956747574041682,0.2696228997677504,0.5353843742572193,4.501542678675982e-06,0.005977866996021448,1.5804268729765594,1.1242154836713885,0.09603434065322973,0.09516116026137683,-9.478500978757893,-9.794636879948829,0.3573097068750193,-0.2767528336667768,2.7080502011022096,2.7080502011022096,0,0,0,1,0,0,0,0,0,0,0.0
46889_2009,0.026956747574041682,0.017697108569353304,0.5353843742572193,0.461207692222803,0.005977866996021448,0.0016848118879624547,1.1242154836713885,1.334198426175701,0.09516116026137683,0.10924015151705853,-9.794636879948829,-9.120507812195518,-0.2767528336667768,0.6865789877795673,2.7080502011022096,2.7080502011022096,0,0,0,1,0,0,0,0,0,0,0.0
46889_2010,0.017697108569353304,0.04344438988265142,0.461207692222803,0.3356337442493511,0.0016848118879624547,0.002358843266004698,1.334198426175701,1.5447848890684104,0.10924015151705853,0.07415963760548587,-9.120507812195518,-8.987345557029311,0.6865789877795673,0.09028427857268384,2.7080502011022096,2.7080502011022096,0,0,0,1,0,0,0,0,0,0,0.0
46890_2008,0.008482021395685798,0.006470800823751151,0.7997466599741577,0.8885847377398696,0.05632424546339225,0.022759307329263026,2.0388706843201487,1.1143294057657518,0.0602062667187547,0.061306919888772876,-9.514439155074092,-10.039756354134367,-0.009433224198243398,-0.5992344811226279,2.7080502011022096,2.7080502011022096,0,0,0,0,0,1,0,0,0,0,0.0
46890_2009,0.006470800823751151,-0.04603301454474671,0.8885847377398696,0.9241769126268816,0.022759307329263026,0.027245642043455472,1.1143294057657518,1.0464010916759734,0.061306919888772876,0.20777348635542645,-10.039756354134367,-9.912655931951203,-0.5992344811226279,-0.04395878762314237,2.7080502011022096,2.3115448343655176,0,0,0,0,0,1,0,0,0,0,0.0
46890_2010,-0.04603301454474671,-0.027772666656039856,0.9241769126268816,0.9497277606940662,0.027245642043455472,0.0727912190343599,1.0464010916759734,0.6367557648894999,0.20777348635542645,0.20909210749367851,-9.912655931951203,-10.497763423901118,-0.04395878762314237,-0.9964351771034756,2.3115448343655176,1.3297240096314962,0,0,0,0,0,1,0,0,0,0,0.0
4690_2008,0.057930339666090964,0.06562683441260836,0.05754935825798368,0.04636839542019506,0.2307477395103119,0.232897487699598,2.7225158420176045,2.8254117693532015,0.08456157152696135,0.11459454055358455,-12.563296089711725,-12.428896458723884,-0.1890783636814269,0.16708389530064696,2.1983350716202463,2.342766882626877,0,0,0,1,0,0,0,0,0,0,0.0
4690_2009,0.06562683441260836,0.06577196280338694,0.04636839542019506,0.05360737278126195,0.232897487699598,0.2594488712923993,2.8254117693532015,2.5587969397255472,0.11459454055358455,0.08275178352242707,-12.428896458723884,-12.0584779691379,0.16708389530064696,0.3098896174082329,2.342766882626877,2.2192034840549946,0,0,0,1,0,0,0,0,0,0,0.0
4690_2010,0.06577196280338694,0.06481138033703923,0.05360737278126195,0.051110598724156485,0.2594488712923993,0.2418355037376401,2.5587969397255472,2.872548236105786,0.08275178352242707,0.10617805575199844,-12.0584779691379,-12.071640128714973,0.3098896174082329,-0.09945535730403146,2.2192034840549946,2.4406063908914204,0,0,0,1,0,0,0,0,0,0,0.0
4691_2008,0.10551796881670354,0.09055252487203314,0.24203319511331306,0.2601719483814762,0.0002051701665136735,0.0003724020113381618,1.7706261989249277,1.4417184098390627,0.07926205996548373,0.07317706015397961,-8.644180636075461,-8.699269593558531,-0.3138307316869282,-0.06405814255451155,2.7080502011022096,2.7080502011022096,0,0,0,0,0,0,0,0,0,0,0.0
4691_2009,0.09055252487203314,0.06494615539786999,0.2601719483814762,0.4290253717554111,0.0003724020113381618,0.00027312430189948455,1.4417184098390627,0.7911247512800498,0.07317706015397961,0.17587159294643884,-8.699269593558531,-8.735205161631733,-0.06405814255451155,-0.20880255377205764,2.7080502011022096,2.7080502011022096,0,0,0,0,0,0,0,0,0,0,0.0
4691_2010,0.06494615539786999,-0.02068844818559513,0.4290253717554111,0.24698987738459996,0.00027312430189948455,0.00043240720532054696,0.7911247512800498,1.2537380082337424,0.17587159294643884,0.1470372468721039,-8.735205161631733,-8.50017093772086,-0.20880255377205764,0.2363351208171034,2.7080502011022096,2.7080502011022096,0,0,0,0,0,0,0,0,0,0,0.0
46987_2008,0.037501552344145615,0.04784681062893064,0.03736798974547464,0.04490798571238155,0.1127371073243546,0.1839224724945219,3.4780166615927697,2.347032477401412,0.14506496510087927,0.17008414266864727,-9.745592684199117,-9.647906091958507,0.6027905418640584,-0.16517039477397785,2.4570214462984645,2.405141681319138,0,0,0,1,0,0,0,0,0,0,0.0
46987_2009,0.04784681062893064,0.06624523660008501,0.04490798571238155,0.2520866334539571,0.1839224724945219,0.09943401567616242,2.347032477401412,1.4470042834876229,0.17008414266864727,0.1570256230035139,-9.647906091958507,-9.600913630935628,-0.16517039477397785,0.06044227296005611,2.405141681319138,1.9154509415706047,0,0,0,1,0,0,0,0,0,0,0.0
46987_2010,0.06624523660008501,0.07591565318417423,0.2520866334539571,0.33251426316583355,0.09943401567616242,0.17305858468560556,1.4470042834876229,0.9302755246781221,0.1570256230035139,0.1725682461760215,-9.600913630935628,-10.213142702834867,0.06044227296005611,-0.3692667076962128,1.9154509415706047,1.5368672195992648,0,0,0,1,0,0,0,0,0,0,0.0
46989_2008,0.010431730011668378,-0.024180788816543286,0.011778081399407605,0.7842049063600535,0.7801757237885331,0.008016342587175748,1.4992238350717613,0.6919376464548176,0.02013545815032047,0.08698137316069585,-11.84608324854333,-12.658027461639085,-0.09205589076201384,-0.6848159521781393,1.6919391339458438,1.029619417181158,0,0,0,0,0,0,0,1,0,0,0.0
46989_2009,-0.024180788816543286,0.0,0.7842049063600535,0.0,0.008016342587175748,0.0,0.6919376464548176,0.0,0.08698137316069585,0.0,-12.658027461639085,0.0,-0.6848159521781393,0.0,1.029619417181158,0.0,0,0,0,0,0,0,0,1,0,0,0.0
46989_2010,0.0,0.0,0.0,0.0,0.0,0.0,0.0,0.0,0.0,0.0,0.0,0.0,0.0,0.0,0.0,0.0,0,0,0,0,0,0,0,1,0,0,0.0
46990_2008,-0.08706473269639163,-0.049954448702653455,0.00321025839874836,0.0025498594622160643,0.12858166996559794,0.2832961408468066,4.476611271866502,2.6864826845019767,0.3202623202002263,0.1671572082608341,-11.6540375732663,-10.905259567390608,-0.3534924089236467,0.4581971786152196,0.44468582126144574,0.9262410627273232,1,0,0,0,0,0,0,0,0,0,0.0
46990_2009,-0.049954448702653455,-0.2002726964749372,0.0025498594622160643,0.015179066295888844,0.2832961408468066,0.5412390571262005,2.6864826845019767,1.6329480026939205,0.1671572082608341,0.3015130298792937,-10.905259567390608,-11.466277560727649,0.4581971786152196,-0.4891650614422163,0.9262410627273232,-0.13926206733350766,1,0,0,0,0,0,0,0,0,0,0.0
46990_2010,-0.2002726964749372,-0.07196545388900437,0.015179066295888844,0.007730121552689805,0.5412390571262005,0.16983964942194513,1.6329480026939205,3.7339966347209015,0.3015130298792937,0.20554046063756207,-11.466277560727649,-10.663218471326877,-0.4891650614422163,0.7418123497370269,-0.13926206733350766,0.8876854748638207,1,0,0,0,0,0,0,0,0,0,0.0
46992_2008,0.04097792463239011,0.022129337889998654,0.10607686375544087,0.11024582920125353,0.0018412988160809653,0.0017079557132772321,3.3955668461929207,4.910174656860662,0.23248024971419276,0.2851006648404412,-10.848504152023636,-9.87353418915311,-0.1032469278316457,0.2593103366924468,2.7080502011022096,2.7080502011022096,1,0,0,0,0,0,0,0,0,0,0.0
46992_2009,0.022129337889998654,-0.12722897670715108,0.11024582920125353,0.7689703259851671,0.0017079557132772321,0.0008046164270011747,4.910174656860662,1.1273767846719536,0.2851006648404412,0.32585510942197016,-9.87353418915311,-11.826118762749752,0.2593103366924468,-1.6695991011280171,2.7080502011022096,0.924258901523332,1,0,0,0,0,0,0,0,0,0,0.0
46992_2010,-0.12722897670715108,-0.2735988541958813,0.7689703259851671,0.8261607120976547,0.0008046164270011747,0.035370711743675336,1.1273767846719536,1.5087236712441423,0.32585510942197016,0.21898735717142084,-11.826118762749752,-12.663797437906391,-1.6695991011280171,-1.065282903022898,0.924258901523332,0.29266961396282004,1,0,0,0,0,0,0,0,0,0,0.0
46996_2008,0.010103847344834944,0.014452246432491088,0.4855469942491126,0.5225614146039264,0.005471460060227118,0.000515813641500173,2.6097709579399933,3.233222399400853,0.07471557783896733,0.07615447519055121,-8.928308783451236,-8.581418229908044,0.278128300968719,0.24309450272732505,2.7080502011022096,2.7080502011022096,0,0,0,0,0,0,0,0,1,0,0.0
46996_2009,0.014452246432491088,0.022042484624474844,0.5225614146039264,0.5622242418727925,0.000515813641500173,0.011728891487145936,3.233222399400853,2.059665671632948,0.07615447519055121,0.08675740774333741,-8.581418229908044,-8.194573330519063,0.24309450272732505,0.22982707936989002,2.7080502011022096,2.7080502011022096,0,0,0,0,0,0,0,0,1,0,0.0
46996_2010,0.022042484624474844,0.023262556280191783,0.5622242418727925,0.5363703936362176,0.011728891487145936,0.013302308061430065,2.059665671632948,2.227412765481799,0.08675740774333741,0.08297653403926329,-8.194573330519063,-8.230645556195334,0.22982707936989002,-0.08091633749676397,2.7080502011022096,2.7080502011022096,0,0,0,0,0,0,0,0,1,0,0.0
46997_2008,0.020722342178124454,0.0,0.6521137403249343,0.0,0.1480210238364764,0.0,1.3784723432304404,0.0,0.04627807895868697,0.0,-10.082011460377837,0.0,0.044453866770490284,0.0,2.7080502011022096,0.0,0,0,0,0,0,1,0,0,0,0,0.0
46997_2009,0.0,0.0,0.0,0.0,0.0,0.0,0.0,0.0,0.0,0.0,0.0,0.0,0.0,0.0,0.0,0.0,0,0,0,0,0,1,0,0,0,0,0.0
46997_2010,0.0,0.0,0.0,0.0,0.0,0.0,0.0,0.0,0.0,0.0,0.0,0.0,0.0,0.0,0.0,0.0,0,0,0,0,0,1,0,0,0,0,0.0
469_2008,0.042603224333723023,0.062490173016718324,0.06263852577299643,0.09836191875707906,0.06732178425453264,0.06539894951987994,3.990198300088799,3.2549741916983,0.09768076402011258,0.0645411630671239,-7.623796446464866,-7.991135875252402,-0.08900898251433845,-0.4258791060256729,2.7080502011022096,2.7080502011022096,0,1,0,0,0,0,0,0,0,0,0.0
469_2009,0.062490173016718324,0.07006702775864854,0.09836191875707906,0.11985732463155375,0.06539894951987994,0.09935486107876744,3.2549741916983,2.6193794366956933,0.0645411630671239,0.09290132076123643,-7.991135875252402,-7.795999286856841,-0.4258791060256729,0.13180295344799015,2.7080502011022096,2.7080502011022096,0,1,0,0,0,0,0,0,0,0,0.0
469_2010,0.07006702775864854,0.008552432761222563,0.11985732463155375,0.08807080109760697,0.09935486107876744,0.08395536026242241,2.6193794366956933,3.291436493986048,0.09290132076123643,0.14414184860603138,-7.795999286856841,-7.807964640829635,0.13180295344799015,0.15882268146299106,2.7080502011022096,2.7080502011022096,0,1,0,0,0,0,0,0,0,0,0.0
47004_2008,0.0365305212462146,0.0218228915865866,0.009153634718278179,0.10125900566655888,0.02571710973533676,0.0023673021996074056,2.858865021496681,3.495422686066474,0.15647127265377062,0.1296460767596145,-8.613844437066401,-8.132637626549167,0.1928812910774488,0.43493268036407395,2.349468678892896,2.7080502011022096,1,0,0,0,0,0,0,0,0,0,0.0
47004_2009,0.0218228915865866,0.0085624537494981,0.10125900566655888,0.189901148625476,0.0023673021996074056,0.0035288109296853407,3.495422686066474,1.6959125028170448,0.1296460767596145,0.33145626647372434,-8.132637626549167,-8.478563054354229,0.43493268036407395,-0.4432501895474242,2.7080502011022096,1.8702625307159984,1,0,0,0,0,0,0,0,0,0,0.0
47004_2010,0.0085624537494981,0.020860621088003347,0.189901148625476,0.09080200759685077,0.0035288109296853407,0.040256165823009483,1.6959125028170448,2.488334661980228,0.33145626647372434,0.16162230580686476,-8.478563054354229,-7.566348719790206,-0.4432501895474242,0.5362796881862715,1.8702625307159984,2.7080502011022096,1,0,0,0,0,0,0,0,0,0,0.0
47009_2008,0.010093826096470105,0.006599918684009841,0.586537497342829,0.6614958155544882,0.02029264563541499,0.019841355819625487,3.443725152303728,2.952750669184125,0.06515875894712023,0.12009312506507877,-10.061478651787645,-9.997134518044437,0.3954811150125704,-0.11956113491429528,2.7080502011022096,2.7080502011022096,0,0,0,0,0,0,0,1,0,0,0.0
47009_2009,0.006599918684009841,0.008244440541126467,0.6614958155544882,0.7690202355388662,0.019841355819625487,0.010200714940160557,2.952750669184125,3.570232244148953,0.12009312506507877,0.14466498172023987,-9.997134518044437,-10.017420907430154,-0.11956113491429528,0.14522980640469885,2.7080502011022096,2.4748563139344992,0,0,0,0,0,0,0,1,0,0,0.0
47009_2010,0.008244440541126467,0.015003994538678529,0.7690202355388662,0.6881932569921898,0.010200714940160557,0.025759518108203837,3.570232244148953,4.3563048146539884,0.14466498172023987,0.11057182936795984,-10.017420907430154,-9.861689949309227,0.14522980640469885,0.14310473265446771,2.4748563139344992,2.7080502011022096,0,0,0,0,0,0,0,1,0,0,0.0
47013_2008,0.026456387207255457,0.023802566327014708,0.2487719578324933,0.2747729627419491,0.093364041093412,0.051009257485015884,1.157344951494838,1.721074583016618,0.1597747877592987,0.0751431303424155,-7.592570145736553,-7.357738366171183,-0.32032691974135513,0.3710969216554133,2.7080502011022096,2.7080502011022096,0,0,1,0,0,0,0,0,0,0,0.0
47013_2009,0.023802566327014708,-0.42836701026704205,0.2747729627419491,0.5976806319630866,0.051009257485015884,0.12956514545994222,1.721074583016618,1.0139984234620032,0.0751431303424155,0.17060406684602805,-7.357738366171183,-8.201307946549871,0.3710969216554133,-0.6071578317849909,2.7080502011022096,2.10900034392138,0,0,1,0,0,0,0,0,0,0,0.0
47013_2010,-0.42836701026704205,0.028158849734030555,0.5976806319630866,0.2996546623923833,0.12956514545994222,0.06603969731647928,1.0139984234620032,2.3579317379444715,0.17060406684602805,0.16446982375344935,-8.201307946549871,-7.287487934830276,-0.6071578317849909,0.7615452165438678,2.10900034392138,2.7080502011022096,0,0,1,0,0,0,0,0,0,0,0.0
47018_2008,0.06776845978940163,0.04080939142124383,0.2397521834956777,0.3939558742461406,0.0784711012145343,0.09132433350659308,1.8298286617060304,2.2073654487757266,0.0727992642090961,0.12184291268926045,-9.790467403694683,-9.004375607655913,0.4418706306146532,0.5672819289215747,2.7080502011022096,2.7080502011022096,0,1,0,0,0,0,0,0,0,0,0.0
47018_2009,0.04080939142124383,0.04911404123809589,0.3939558742461406,0.7337767098017058,0.09132433350659308,0.07088350816525191,2.2073654487757266,0.6965496667215823,0.12184291268926045,0.3674334824596647,-9.004375607655913,-9.731074630322171,0.5672819289215747,-0.7889567921436079,2.7080502011022096,2.694627180770069,0,1,0,0,0,0,0,0,0,0,0.0
47018_2010,0.04911404123809589,0.07008835979307561,0.7337767098017058,0.6639290405344757,0.07088350816525191,0.0970359533422717,0.6965496667215823,0.7854607674114433,0.3674334824596647,0.20418057750426288,-9.731074630322171,-9.54555297222139,-0.7889567921436079,0.06741104939715853,2.694627180770069,2.7080502011022096,0,1,0,0,0,0,0,0,0,0,0.0
47022_2008,0.012675784175508045,0.010255087698020244,0.8179756935035177,0.8950669398651486,0.11574685477960305,0.10972876206054898,2.333358250629894,1.3190865662691746,0.048509670630411415,0.08882291985534227,-11.98241906097848,-12.529786185916354,0.10347904077735592,-0.6071387210092819,2.7080502011022096,2.5313130226021556,0,0,0,0,0,1,0,0,0,0,0.0
47022_2009,0.010255087698020244,-0.01293505976919766,0.8950669398651486,0.9823891279701102,0.10972876206054898,0.0959811342527112,1.3190865662691746,0.2797102866297129,0.08882291985534227,0.2422392508870373,-12.529786185916354,-13.920951921176794,-0.6071387210092819,-1.3932470662519498,2.5313130226021556,0.6418538861723947,0,0,0,0,0,1,0,0,0,0,0.0
47022_2010,-0.01293505976919766,-0.06302363536786403,0.9823891279701102,0.9962264605162588,0.0959811342527112,0.15342827457273436,0.2797102866297129,0.2627909103378904,0.2422392508870373,0.3233789024448541,-13.920951921176794,-15.789196495616439,-1.3932470662519498,-2.2055787110663885,0.6418538861723947,-0.9926319651308776,0,0,0,0,0,1,0,0,0,0,0.0
4702_2008,-0.10488924190274466,-0.3959470408590279,0.17487423881387346,0.0941119905977046,0.5840614244109081,0.3651402776170167,1.2614344693596695,2.3073434130168065,0.16153360680043874,0.1690410074659836,-13.437268173878625,-13.84450586617373,-0.6192990175821106,-0.4588010170309261,0.8415671856782185,0.4252677354043441,0,0,0,0,1,0,0,0,0,0,0.0
4702_2009,-0.3959470408590279,-0.2451008586335812,0.0941119905977046,0.0623639127398217,0.3651402776170167,0.09190255125097573,2.3073434130168065,6.233918767583513,0.1690410074659836,0.2833968876915111,-13.84450586617373,-13.741739214345332,-0.4588010170309261,-0.11628814292720352,0.4252677354043441,0.0,0,0,0,0,1,0,0,0,0,0,0.0
4702_2010,-0.2451008586335812,-0.14327591317809033,0.0623639127398217,0.045947103191594486,0.09190255125097573,0.030960772043081588,6.233918767583513,9.19964428634949,0.2833968876915111,0.2103327871838586,-13.741739214345332,-13.120020533488185,-0.11628814292720352,0.20011887183501487,0.0,0.636576829071551,0,0,0,0,1,0,0,0,0,0,0.0
47179_2008,0.0024922594575015767,-0.000386601259460992,0.5073132584603208,0.6272390656277116,0.017307357343760946,0.018170259194666617,2.9170818180342577,1.8031867145421905,0.06425158852871693,0.09713081406105066,-9.101392523603721,-9.604581535685481,-0.035822277020068766,-0.4253385419504588,2.7080502011022096,2.7080502011022096,0,1,0,0,0,0,0,0,0,0,0.0
47179_2009,-0.000386601259460992,-0.2302690889816241,0.6272390656277116,0.8727415707393158,0.018170259194666617,0.012287354099550108,1.8031867145421905,11.950794087946386,0.09713081406105066,0.6027386624332687,-9.604581535685481,-10.645537641282806,-0.4253385419504588,-0.9478070886950763,2.7080502011022096,1.2383742310432684,0,1,0,0,0,0,0,0,0,0,0.0
47179_2010,-0.2302690889816241,-0.07777785042252308,0.8727415707393158,0.7549570889545458,0.012287354099550108,0.02689226231896912,11.950794087946386,397.2842,0.6027386624332687,0.4104821582499056,-10.645537641282806,-10.126210545298886,-0.9478070886950763,1.0361096613075271,1.2383742310432684,1.9851308622085944,0,1,0,0,0,0,0,0,0,0,0.0
47183_2008,0.017304003964643502,0.05325408082077642,0.264912348984242,0.11548148140421652,0.16919470543206985,0.12302592859320766,1.7007410578190003,3.6687047811033935,0.09675839296712567,0.10119496475345292,-9.104973326420042,-7.646207174200893,0.3053211760195518,1.26633072326636,2.7080502011022096,2.7080502011022096,1,0,0,0,0,0,0,0,0,0,0.0
47183_2009,0.05325408082077642,0.20041859557854802,0.11548148140421652,0.3035554217870237,0.12302592859320766,0.18297052620010587,3.6687047811033935,1.6495460599935343,0.10119496475345292,0.2149710161526116,-7.646207174200893,-7.940588231371432,1.26633072326636,-0.3568889024833662,2.7080502011022096,2.7080502011022096,1,0,0,0,0,0,0,0,0,0,0.0
47183_2010,0.20041859557854802,0.07086391132428176,0.3035554217870237,0.14537180933591715,0.18297052620010587,0.17097663068695004,1.6495460599935343,2.207983254442675,0.2149710161526116,0.09575658040284754,-7.940588231371432,-7.719607138218822,-0.3568889024833662,0.3615953804568836,2.7080502011022096,2.7080502011022096,1,0,0,0,0,0,0,0,0,0,0.0
47200_2008,0.02105737334905314,-0.003331862251697351,0.3494568329767325,0.5488785280749411,0.05460742244581948,0.0394182865584648,1.4410526088815785,1.5367311391270726,0.045667521352289915,0.08337780129917888,-9.558300408972825,-9.252045989989725,0.04093522095862229,-0.04395882562005027,2.7080502011022096,2.7080502011022096,0,1,0,0,0,0,0,0,0,0,0.0
47200_2009,-0.003331862251697351,-0.06339787632729545,0.5488785280749411,0.8111376418251831,0.0394182865584648,0.04334262827077272,1.5367311391270726,0.8122616977053496,0.08337780129917888,0.2158558877562303,-9.252045989989725,-9.495967896485476,-0.04395882562005027,-0.8007209160851709,2.7080502011022096,2.1849270495258133,0,1,0,0,0,0,0,0,0,0,0.0
47200_2010,-0.06339787632729545,0.04497804652551775,0.8111376418251831,0.80661511587749,0.04334262827077272,0.04130801232688065,0.8122616977053496,0.6146459349758208,0.2158558877562303,0.15368212694152428,-9.495967896485476,-9.676478965156807,-0.8007209160851709,-0.4342864037230282,2.1849270495258133,2.221375037568502,0,1,0,0,0,0,0,0,0,0,0.0
47203_2008,-0.1168361814832071,-0.057676192233472486,0.07183759966679074,0.05041349211840712,0.16599987904980848,0.10254399520262013,2.8287969571333678,3.622912655912223,0.19072329137155927,0.09806244118231318,-11.668331774039268,-11.148425483177476,-0.33486358909015346,0.20503177586024385,2.190535589185423,2.5733752977756086,0,0,0,0,1,0,0,0,0,0,0.0
47203_2009,-0.057676192233472486,-0.22130799621249225,0.05041349211840712,0.31018382472981354,0.10254399520262013,0.2491918895092565,3.622912655912223,1.0787832986963914,0.09806244118231318,0.30250118865035264,-11.148425483177476,-12.420243670865858,0.20503177586024385,-1.4170499818608244,2.5733752977756086,0.7975071958841882,0,0,0,0,1,0,0,0,0,0,0.0
47203_2010,-0.22130799621249225,-0.14910855771933965,0.31018382472981354,0.16173690904603968,0.2491918895092565,0.14212093024937605,1.0787832986963914,3.7613089204642938,0.30250118865035264,0.2917921640884867,-12.420243670865858,-11.581110782082135,-1.4170499818608244,1.201603404635008,0.7975071958841882,1.7984040119467235,0,0,0,0,1,0,0,0,0,0,0.0
47210_2008,0.0,0.0,0.0,0.0,0.0,0.0,0.0,0.0,0.0,0.0,0.0,0.0,0.0,0.0,0.0,0.0,0,1,0,0,0,0,0,0,0,0,0.0
47210_2009,0.0,0.0,0.0,0.0,0.0,0.0,0.0,0.0,0.0,0.0,0.0,0.0,0.0,0.0,0.0,0.0,0,1,0,0,0,0,0,0,0,0,0.0
47210_2010,0.0,-0.016505506038699817,0.0,0.5699717078853597,0.0,0.02115451639201549,0.0,1.280419778260568,0.0,0.22717875150185235,0.0,-11.101225596913087,0.0,-0.2321574937238061,0.0,1.0006318803079057,0,1,0,0,0,0,0,0,0,0,0.0
47212_2008,-0.019168650594060515,-0.005597398924696996,0.1604885491063944,0.19279650735693998,0.11304893315002965,0.16046713598918336,2.715394293027342,1.875682163980653,0.08828759088063871,0.10606466956128074,-11.570440605508669,-11.800939945517015,0.6560667928433059,-0.3351728988458429,2.7080502011022096,2.6810215287142913,0,0,1,0,0,0,0,0,0,0,0.0
47212_2009,-0.005597398924696996,-0.2371371018734305,0.19279650735693998,0.6764764330749915,0.16046713598918336,0.06429190829765324,1.875682163980653,0.4280263058829717,0.10606466956128074,0.3043615594602177,-11.800939945517015,-13.214156633227608,-0.3351728988458429,-1.25689133332055,2.6810215287142913,0.7884573603642703,0,0,1,0,0,0,0,0,0,0,0.0
47212_2010,-0.2371371018734305,-0.3666509585629297,0.6764764330749915,0.5440561272662626,0.06429190829765324,0.14776959103923568,0.4280263058829717,1.4206746225901508,0.3043615594602177,0.2717469888004007,-13.214156633227608,-12.822397309002413,-1.25689133332055,0.24767815710542815,0.7884573603642703,1.075002423028976,0,0,1,0,0,0,0,0,0,0,0.0
47214_2008,0.021983195881598947,0.04642358716052552,0.10609318508156644,0.11284535630450708,0.07417412955867159,0.07027703363865317,4.576837292695031,3.924482690106064,0.11056719092467646,0.08871831792027156,-11.012366502732956,-11.258778835320404,0.054420567044577206,-0.3702185478092551,2.7080502011022096,2.7080502011022096,0,1,0,0,0,0,0,0,0,0,0.0
47214_2009,0.04642358716052552,0.03340613112472135,0.11284535630450708,0.0434840847978119,0.07027703363865317,0.04422624214059899,3.924482690106064,4.453607708716637,0.08871831792027156,0.1955367669263136,-11.258778835320404,-10.522658228931656,-0.3702185478092551,0.7210264091045551,2.7080502011022096,2.7080502011022096,0,1,0,0,0,0,0,0,0,0,0.0
47214_2010,0.03340613112472135,0.027901970524921344,0.0434840847978119,0.10015667392716572,0.04422624214059899,0.01197982345523329,4.453607708716637,5.347382285149818,0.1955367669263136,0.11438253798656575,-10.522658228931656,-11.160025328311551,0.7210264091045551,-0.40490959950161015,2.7080502011022096,2.6390573296152584,0,1,0,0,0,0,0,0,0,0,0.0
47216_2008,0.03473014897415635,0.04379519096246127,0.12870850040487408,0.1233443600371334,0.0063218895425410475,0.01074231944317325,3.2067522290120536,2.8533279428036433,0.07789718733000094,0.08025722144999901,-9.974538391964387,-9.527005358146722,0.3305408126371696,0.3312617335773413,2.7080502011022096,2.7080502011022096,0,1,0,0,0,0,0,0,0,0,0.0
47216_2009,0.04379519096246127,0.07527248425196248,0.1233443600371334,0.2753975815541122,0.01074231944317325,0.06675861442175705,2.8533279428036433,1.258334813927196,0.08025722144999901,0.17522449181462074,-9.527005358146722,-9.782973871977264,0.3312617335773413,0.030645027318865207,2.7080502011022096,2.7080502011022096,0,1,0,0,0,0,0,0,0,0,0.0
47216_2010,0.07527248425196248,0.03106216292266865,0.2753975815541122,0.11771139435546298,0.06675861442175705,0.036460622896680124,1.258334813927196,2.1347487637513907,0.17522449181462074,0.11375970701000278,-9.782973871977264,-9.841112265923405,0.030645027318865207,-0.010793424091950221,2.7080502011022096,2.7080502011022096,0,1,0,0,0,0,0,0,0,0,0.0
47217_2008,0.041992287822448335,0.04778367839525207,0.2501921336918652,0.453481485733757,0.008278429167182966,0.03241843187060224,4.097951307003348,2.075119900102495,0.0945428009772992,0.10929990631606856,-10.307804833111714,-11.034908299792678,-0.25086338909143,-0.8935549452071281,2.7080502011022096,2.190535589185423,0,0,1,0,0,0,0,0,0,0,0.0
47217_2009,0.04778367839525207,-0.1867155214055972,0.453481485733757,0.8883982931797186,0.03241843187060224,0.013431125976060993,2.075119900102495,0.8787932037489181,0.10929990631606856,0.18012633906706307,-11.034908299792678,-12.371633387502207,-0.8935549452071281,-1.3715542416406898,2.190535589185423,0.3220834991691132,0,0,1,0,0,0,0,0,0,0,0.0
47217_2010,-0.1867155214055972,0.009238529748524087,0.8883982931797186,0.8121427660287918,0.013431125976060993,0.006419995248974366,0.8787932037489181,1.157170106231115,0.18012633906706307,0.3713618542639723,-12.371633387502207,-12.212118344507944,-1.3715542416406898,0.318250418391093,0.3220834991691132,0.7371640659767196,0,0,1,0,0,0,0,0,0,0,0.0
47220_2008,0.0,0.0,0.0,0.0,0.0,0.0,0.0,0.0,0.0,0.0,0.0,0.0,0.0,0.0,0.0,0.0,0,0,0,0,0,0,1,0,0,0,0.0
47220_2009,0.0,0.0,0.0,0.0,0.0,0.0,0.0,0.0,0.0,0.0,0.0,0.0,0.0,0.0,0.0,0.0,0,0,0,0,0,0,1,0,0,0,0.0
47220_2010,0.0,0.0,0.0,0.0,0.0,0.0,0.0,0.0,0.0,0.0,0.0,0.0,0.0,0.0,0.0,0.0,0,0,0,0,0,0,1,0,0,0,0.0
4722_2008,0.009629722523023916,0.4835079050535725,0.11421107216708118,0.1398718377641094,0.1670189326569338,0.681104219745906,2.4587821306526485,0.8825012740316699,0.20748785635992484,0.13030147250040922,-11.78708387438244,-11.74260657974623,-0.3053416442551752,-0.16335781231977806,1.6193882432872684,1.4469189829363254,0,0,0,0,0,0,0,0,0,0,0.0
4722_2009,0.4835079050535725,0.0,0.1398718377641094,0.0,0.681104219745906,0.0,0.8825012740316699,0.0,0.13030147250040922,0.0,-11.74260657974623,0.0,-0.16335781231977806,0.0,1.4469189829363254,0.0,0,0,0,0,0,0,0,0,0,0,0.0
4722_2010,0.0,0.0,0.0,0.0,0.0,0.0,0.0,0.0,0.0,0.0,0.0,0.0,0.0,0.0,0.0,0.0,0,0,0,0,0,0,0,0,0,0,0.0
47429_2008,0.04037125483647295,0.03510068422927818,0.6462682499222099,0.7457773607343602,0.022198700509137977,0.010941665653756871,2.398558726071316,1.9089953649201703,0.04536960004642236,0.11616038429551367,-11.371835645076132,-11.10496809876015,0.10824982778476486,-0.028798206186817308,2.7080502011022096,2.7080502011022096,0,0,0,0,0,0,0,0,0,0,0.0
47429_2009,0.03510068422927818,0.023563786908159204,0.7457773607343602,0.8346583183749078,0.010941665653756871,0.011119913878863446,1.9089953649201703,1.0267075974351023,0.11616038429551367,0.1729547503503381,-11.10496809876015,-11.445882719749699,-0.028798206186817308,-0.4663108183101848,2.7080502011022096,2.425121259051962,0,0,0,0,0,0,0,0,0,0,0.0
47429_2010,0.023563786908159204,0.028580971590594625,0.8346583183749078,0.7496354950648131,0.011119913878863446,0.015675407779560613,1.0267075974351023,1.7426866406172188,0.1729547503503381,0.13002653627094912,-11.445882719749699,-10.971815473763797,-0.4663108183101848,0.21456524384942488,2.425121259051962,2.7080502011022096,0,0,0,0,0,0,0,0,0,0,0.0
47442_2008,0.04873634470076077,0.1615930638734304,0.11486280107832865,0.201255160640282,0.15144479386062248,0.12000656744549915,2.8632325654516184,1.5894586787621492,0.09589844869249732,0.07175004030271544,-10.49862615660536,-10.810067738635114,-0.2706017959942865,-0.3005770118160319,2.7080502011022096,2.4042387467205457,0,0,0,0,0,0,1,0,0,0,0.0
47442_2009,0.1615930638734304,0.07497376522762915,0.201255160640282,0.2278130401554489,0.12000656744549915,0.2804488350148945,1.5894586787621492,1.3453874148128568,0.07175004030271544,0.14193479233404113,-10.810067738635114,-10.731081323436106,-0.3005770118160319,-0.05797283409792869,2.4042387467205457,1.9892432737616872,0,0,0,0,0,0,1,0,0,0,0.0
47442_2010,0.07497376522762915,0.056686901156578574,0.2278130401554489,0.1621116992453276,0.2804488350148945,0.21891077764693895,1.3453874148128568,1.8672927370872971,0.14193479233404113,0.13569661010696854,-10.731081323436106,-10.403563450455467,-0.05797283409792869,0.10054511361884633,1.9892432737616872,2.5513262131558254,0,0,0,0,0,0,1,0,0,0,0.0
47447_2008,-0.21460704726205454,-0.4830729426309598,0.08568617643987401,0.14770982472232747,0.43354237316082506,0.5942790484356617,2.0654757026960584,1.5509497600992803,0.15791294054885352,0.10258980449777616,-11.467889808927186,-12.145069267140016,-0.14620696380933376,-0.7804474532560189,1.5085119938441398,0.688134638736401,0,0,0,0,1,0,0,0,0,0,0.0
47447_2009,-0.4830729426309598,-2.148958056425608,0.14770982472232747,0.3636689358652813,0.5942790484356617,0.6136660463933611,1.5509497600992803,1.5859381076246362,0.10258980449777616,0.28290643334735405,-12.145069267140016,-13.477347685671095,-0.7804474532560189,-0.9815933200684908,0.688134638736401,-1.1394342831883648,0,0,0,0,1,0,0,0,0,0,0.0
47447_2010,-2.148958056425608,-0.9687129742903104,0.3636689358652813,0.07487019930066563,0.6136660463933611,0.10256422606032001,1.5859381076246362,38.4162,0.28290643334735405,0.4665910131662365,-13.477347685671095,-12.46234618276936,-0.9815933200684908,0.8796252581340486,-1.1394342831883648,0.06765864847381486,0,0,0,0,1,0,0,0,0,0,0.0
47451_2008,0.016622813032803937,0.015766175243102767,0.04096981129499189,0.034150268616871426,0.09344293760322284,0.06275684727610469,4.98625242615147,5.120504633940844,0.153785000965222,0.1309579660791871,-9.115914227378315,-8.829120257468274,-0.014030506857358988,-0.02255357133584471,2.7080502011022096,2.7080502011022096,0,1,0,0,0,0,0,0,0,0,0.0
47451_2009,0.015766175243102767,0.03165328012091997,0.034150268616871426,0.05836756458640779,0.06275684727610469,0.10310540841878232,5.120504633940844,3.5187030189897346,0.1309579660791871,0.2230721919236892,-8.829120257468274,-9.212703852759397,-0.02255357133584471,-0.2726732441170067,2.7080502011022096,2.7080502011022096,0,1,0,0,0,0,0,0,0,0,0.0
47451_2010,0.03165328012091997,0.02915969280683068,0.05836756458640779,0.043994030657003184,0.10310540841878232,0.07016213985205669,3.5187030189897346,4.153528421991681,0.2230721919236892,0.08798676821664582,-9.212703852759397,-8.30352819449299,-0.2726732441170067,0.6092355689807991,2.7080502011022096,2.7080502011022096,0,1,0,0,0,0,0,0,0,0,0.0
475_2008,0.007331380778628444,-0.001472518451140464,0.8974435825974171,0.9322269484260808,0.02565983272519955,0.041681064855714725,1.393543166875295,0.8854442034265148,0.039716570941389015,0.08110769397916402,-7.841524531153183,-8.374495340097294,-0.2285543102831525,-0.5608271388006879,2.7080502011022096,2.360854001118021,0,0,0,0,0,1,0,0,0,0,0.0
475_2009,-0.001472518451140464,-0.0335560218767578,0.9322269484260808,0.9607454083649029,0.041681064855714725,0.04261302364687887,0.8854442034265148,0.8306244560383053,0.08110769397916402,0.20217887796661224,-8.374495340097294,-8.593399241521265,-0.5608271388006879,-0.5430282635339816,2.360854001118021,1.6409365794934714,0,0,0,0,0,1,0,0,0,0,0.0
475_2010,-0.0335560218767578,-0.017059157773835956,0.9607454083649029,0.9570381341205736,0.04261302364687887,0.04994006396909961,0.8306244560383053,0.606192101123162,0.20217887796661224,0.3433270554163191,-8.593399241521265,-8.834711707492325,-0.5430282635339816,-0.4892891219771619,1.6409365794934714,0.8153648132841944,0,0,0,0,0,1,0,0,0,0,0.0
4761_2008,0.032303667067733084,0.033303509627243516,0.2533841193337689,0.1869336301521712,0.03333244627371185,0.0374593718666868,2.8256696214711448,3.3473744157802505,0.1114897169389819,0.09749002913936182,-9.10123128846898,-8.626710987871533,0.22104310119829468,0.457173177359944,2.7080502011022096,2.7080502011022096,0,1,0,0,0,0,0,0,0,0,0.0
4761_2009,0.033303509627243516,0.05779053990202011,0.1869336301521712,0.299134802762398,0.0374593718666868,0.02992910677327895,3.3473744157802505,2.223040843656189,0.09749002913936182,0.16395427883903893,-8.626710987871533,-8.49561503453557,0.457173177359944,0.10972440715093618,2.7080502011022096,2.7080502011022096,0,1,0,0,0,0,0,0,0,0,0.0
4761_2010,0.05779053990202011,0.0588854688542599,0.299134802762398,0.19315162802900132,0.02992910677327895,0.07070620988221615,2.223040843656189,2.2572721183075117,0.16395427883903893,0.1670504691163711,-8.49561503453557,-8.479670177677518,0.10972440715093618,0.3624901299199955,2.7080502011022096,2.7080502011022096,0,1,0,0,0,0,0,0,0,0,0.0
47872_2008,0.048874138089194816,0.03825397081872384,0.3357960886198175,0.4879885066757448,0.02417048283683816,0.014437694626809619,3.429707181525204,3.6234196431106223,0.05734071728633824,0.08477336924211294,-10.173610139544023,-10.464035896694652,0.06782341734303057,-0.22297230618940048,2.7080502011022096,2.50470927708418,0,0,0,0,0,0,0,0,0,0,0.0
47872_2009,0.03825397081872384,0.0700066488710124,0.4879885066757448,0.6389310914197341,0.014437694626809619,0.09803056886132562,3.6234196431106223,1.4044795838404809,0.08477336924211294,0.09939015740675984,-10.464035896694652,-10.525864504908228,-0.22297230618940048,-0.2854981717479928,2.50470927708418,1.7119945007591924,0,0,0,0,0,0,0,0,0,0,0.0
47872_2010,0.0700066488710124,0.033346879802175364,0.6389310914197341,0.6454143487391589,0.09803056886132562,0.1438393490410347,1.4044795838404809,0.9395908203321188,0.09939015740675984,0.1908369800265668,-10.525864504908228,-10.931164839187772,-0.2854981717479928,-0.8199441586259252,1.7119945007591924,1.3029127521808397,0,0,0,0,0,0,0,0,0,0,0.0
47877_2008,0.004686649864603723,0.0035631682650401867,0.9287834347502516,0.9519503038706228,0.024341311186296517,0.019286633139762976,1.2146980641802954,0.9130741740845604,0.030591734617535005,0.03847497151421942,-12.31743796109884,-12.588157362136233,-0.11375330291603684,-0.2228203189560356,2.7080502011022096,2.7080502011022096,0,0,0,0,0,1,0,0,0,0,0.0
47877_2009,0.0035631682650401867,0.003152759471902697,0.9519503038706228,0.966597300575853,0.019286633139762976,0.023902034357408286,0.9130741740845604,0.6487870281798366,0.03847497151421942,0.0858134733821679,-12.588157362136233,-12.376787764695369,-0.2228203189560356,0.15784096311987406,2.7080502011022096,2.5649493574615367,0,0,0,0,0,1,0,0,0,0,0.0
47877_2010,0.003152759471902697,0.00095726937118713,0.966597300575853,0.9775393891977716,0.023902034357408286,0.10366923832807252,0.6487870281798366,0.4752333926502766,0.0858134733821679,0.0944234426457672,-12.376787764695369,-12.883998559409823,0.15784096311987406,-0.5353360022455556,2.5649493574615367,2.295056826573254,0,0,0,0,0,1,0,0,0,0,0.0
47878_2008,0.05707804132779825,0.047231781301219015,0.480880877791324,0.3658210226064157,0.04772913162240158,0.08559057644442218,1.0240561126637078,0.9987693635790827,0.06978095301316116,0.08756287158313056,-11.23429508491635,-10.657775456160866,-0.21210242968660287,0.09347798084064228,2.457877977400081,2.60859812213055,0,0,0,0,0,0,0,0,0,0,0.0
47878_2009,0.047231781301219015,0.07071835243478003,0.3658210226064157,0.7464020590791969,0.08559057644442218,0.1073498316881044,0.9987693635790827,0.3622928057853539,0.08756287158313056,0.2706957349887475,-10.657775456160866,-11.19845168578517,0.09347798084064228,-0.6496432401298808,2.60859812213055,1.572773928062509,0,0,0,0,0,0,0,0,0,0,0.0
47878_2010,0.07071835243478003,-0.025073958004887462,0.7464020590791969,0.7377812485520128,0.1073498316881044,0.09130559752756308,0.3622928057853539,0.4890838089111128,0.2706957349887475,0.09853308708891027,-11.19845168578517,-11.174810497879843,-0.6496432401298808,-0.051270804450809386,1.572773928062509,1.8309801823813363,0,0,0,0,0,0,0,0,0,0,0.0
47880_2008,0.0024323628485298605,0.003559853543027135,0.7447525991807535,0.7606573734973364,0.006451739581713945,0.00396658431700814,1.6280908609441131,1.6473830984837687,0.04197766160461836,0.06660944053177385,-8.85050001485959,-9.035406760976011,0.16730007475773612,-0.10362597241864348,2.7080502011022096,2.6490076604684267,0,0,0,0,0,1,0,0,0,0,0.0
47880_2009,0.003559853543027135,0.0022851928357600733,0.7606573734973364,0.7970308945268954,0.00396658431700814,0.00325378726623945,1.6473830984837687,1.6031525025596176,0.06660944053177385,0.0689099503481756,-9.035406760976011,-8.586935609171366,-0.10362597241864348,0.29311673506909064,2.6490076604684267,2.5974910105351463,0,0,0,0,0,1,0,0,0,0,0.0
47880_2010,0.0022851928357600733,-0.0077538884882430515,0.7970308945268954,0.8739695831334783,0.00325378726623945,0.03795330023042372,1.6031525025596176,1.2518712523788031,0.0689099503481756,0.15905702313840833,-8.586935609171366,-8.97827058279131,0.29311673506909064,-0.2726430513995911,2.5974910105351463,2.392425796993835,0,0,0,0,0,1,0,0,0,0,0.0
47883_2008,-0.10930591620464593,-0.1686040763287617,0.011992585651005435,0.018870323027161403,0.2161142371188071,0.2954420260173167,3.329118519724076,2.7090491437574826,0.16259980174008934,0.13085093430682862,-11.797857004763285,-12.129447985818341,0.19008600131415185,-0.23343770897840335,1.9740810260220096,1.506297153514587,0,0,0,0,1,0,0,0,0,0,0.0
47883_2009,-0.1686040763287617,-0.2904928560703189,0.018870323027161403,0.02524590001633558,0.2954420260173167,0.2550990942827112,2.7090491437574826,3.031235520225118,0.13085093430682862,0.2477453602969033,-12.129447985818341,-11.797471419790305,-0.23343770897840335,0.02775983268750404,1.506297153514587,1.208960345836975,0,0,0,0,1,0,0,0,0,0,0.0
47883_2010,-0.2904928560703189,-0.07944267431603229,0.02524590001633558,0.007796601267345931,0.2550990942827112,0.1277463000585068,3.031235520225118,4.5790468250715195,0.2477453602969033,0.2192345623610714,-11.797471419790305,-10.670706114713331,0.02775983268750404,0.3896845859896938,1.208960345836975,2.333114298028869,0,0,0,0,1,0,0,0,0,0,0.0
47887_2008,0.004031928386783547,0.0008161252093219729,0.7045475676176621,0.7901343976975003,0.0369532520108448,0.00936815355809638,2.1368714674144185,1.8071096515268683,0.053833234690793895,0.0763303720858688,-9.979093494918782,-10.37718468328704,0.3012761637959395,-0.3518792208061473,2.7080502011022096,2.551006451492524,0,0,0,0,0,1,0,0,0,0,0.0
47887_2009,0.0008161252093219729,-0.014539936580893725,0.7901343976975003,0.942443106299164,0.00936815355809638,0.013112113269217818,1.8071096515268683,0.6359765760145023,0.0763303720858688,0.1868471938882008,-10.37718468328704,-11.225280900272734,-0.3518792208061473,-0.9585984618033678,2.551006451492524,1.208960345836975,0,0,0,0,0,1,0,0,0,0,0.0
47887_2010,-0.014539936580893725,-0.005748024152133836,0.942443106299164,0.9636779643671264,0.013112113269217818,0.040323483694985056,0.6359765760145023,0.4051023450564551,0.1868471938882008,0.3036263620521682,-11.225280900272734,-11.950966519372892,-0.9585984618033678,-0.4830743723509466,1.208960345836975,0.7178397931503168,0,0,0,0,0,1,0,0,0,0,0.0
4797_2008,-0.02027337553555809,0.11607317643976515,0.44238210309400616,0.17634703613046238,0.21370435710791216,0.13302933916593931,0.6506983507210999,1.5832828527039842,0.06261971742430449,0.2523856169642391,-13.544808451095175,-12.539253437129373,0.038929639296361264,0.9624788180328876,1.2753628004126092,2.265921108622454,0,0,0,0,0,0,1,0,0,0,0.0
4797_2009,0.11607317643976515,0.077207582061951,0.17634703613046238,0.3361344537815126,0.13302933916593931,0.2661880286095021,1.5832828527039842,0.7268488329507187,0.2523856169642391,0.17399846502612046,-12.539253437129373,-12.619129935169868,0.9624788180328876,0.011162298131316641,2.265921108622454,1.7191887763932197,0,0,0,0,0,0,1,0,0,0,0.0
4797_2010,0.077207582061951,0.05117094444261218,0.3361344537815126,0.3023068785216494,0.2661880286095021,0.4275323528740211,0.7268488329507187,0.7945919817024458,0.17399846502612046,0.11254110643036956,-12.619129935169868,-12.928188627424865,0.011162298131316641,-0.3821248626395816,1.7191887763932197,1.6620303625532709,0,0,0,0,0,0,1,0,0,0,0.0
4805_2008,0.03836274222677796,0.15091087164119904,0.3426919103171117,0.3727910802363064,0.009619921576284149,0.014032218408151456,2.2712781339833463,1.2450908588853162,0.13338891476882647,0.2396553494953657,-11.639439182909939,-11.702228801522484,0.055980720582056435,-0.2143074746230347,2.0541237336955462,1.9987736386123809,0,1,0,0,0,0,0,0,0,0,0.0
4805_2009,0.15091087164119904,0.014738357611021857,0.3727910802363064,0.6323120828953444,0.014032218408151456,0.05343568168558089,1.2450908588853162,0.4824825618389215,0.2396553494953657,0.11616191008323735,-11.702228801522484,-12.53932979875283,-0.2143074746230347,-0.7682633902026057,1.9987736386123809,0.6678293725756554,0,1,0,0,0,0,0,0,0,0,0.0
4805_2010,0.014738357611021857,0.0029081772126866323,0.6323120828953444,0.5153483899361558,0.05343568168558089,0.010130150624191769,0.4824825618389215,0.7880273136482809,0.11616191008323735,0.15436891670634634,-12.53932979875283,-12.162926981519,-0.7682633902026057,0.2466150640491016,0.6678293725756554,1.2947271675943999,0,1,0,0,0,0,0,0,0,0,0.0
4814_2008,0.0471465210325258,0.040702143252953904,0.41499333332000665,0.3753642099994637,0.146806890168696,0.10121909801047496,1.0108777239646716,1.1038717962082838,0.013832335135156944,0.1436102371990771,-12.289865413505336,-12.124551195733359,0.0014524307773030461,0.15398953339175264,2.187174241482718,2.3513752571634776,0,0,1,0,0,0,0,0,0,0,0.0
4814_2009,0.040702143252953904,0.0018008345581866797,0.3753642099994637,0.7233009125943509,0.10121909801047496,0.04296276731673936,1.1038717962082838,0.27498507322259697,0.1436102371990771,0.21611775740764186,-12.124551195733359,-13.0955214553496,0.15398953339175264,-0.8840902983664403,2.3513752571634776,0.8704561955303556,0,0,1,0,0,0,0,0,0,0,0.0
4814_2010,0.0018008345581866797,-0.22243040529958055,0.7233009125943509,0.6800384010766223,0.04296276731673936,0.08139926098230188,0.27498507322259697,0.5139444773924902,0.21611775740764186,0.13758273972263355,-13.0955214553496,-13.016906921361821,-0.8840902983664403,0.12233782245285585,0.8704561955303556,1.3110318766193438,0,0,1,0,0,0,0,0,0,0,0.0
4815_2008,0.049391437099988375,0.04896160467402672,0.3623995964084184,0.2759549877052714,0.22381777504562572,0.12858540532008206,1.3578908671540455,1.673943733938532,0.08352210987444297,0.24303627588249516,-11.414478019805115,-11.238204546890282,0.2743416061751843,-0.5297177588378111,2.7080502011022096,2.7080502011022096,0,0,0,1,0,0,0,0,0,0,0.0
4815_2009,0.04896160467402672,0.05457732413018373,0.2759549877052714,0.3220311489975717,0.12858540532008206,0.11594080092580265,1.673943733938532,1.5392247179153438,0.24303627588249516,0.11171687319861318,-11.238204546890282,-10.590628423356506,-0.5297177588378111,0.5384457646405718,2.7080502011022096,2.7080502011022096,0,0,0,1,0,0,0,0,0,0,0.0
4815_2010,0.05457732413018373,0.05041996286441626,0.3220311489975717,0.2801022717749769,0.11594080092580265,0.10168349582849036,1.5392247179153438,1.8747513223903864,0.11171687319861318,0.22237720321342708,-10.590628423356506,-10.859584835465732,0.5384457646405718,-0.3047164734592969,2.7080502011022096,2.7080502011022096,0,0,0,1,0,0,0,0,0,0,0.0
4818_2008,0.01128627043621062,0.010879379519509123,0.7891472178837636,0.8378075776808167,0.028899749937792818,0.016860311807243025,2.635300186934739,2.1100879177704592,0.03237489353313368,0.04164351659059218,-8.334055652385429,-8.635225538330872,0.018900612506215803,-0.31235926673726466,2.7080502011022096,2.7080502011022096,0,0,0,0,0,1,0,0,0,0,0.0
4818_2009,0.010879379519509123,0.0058171682136269574,0.8378075776808167,0.8300529885592148,0.016860311807243025,0.036081534209357134,2.1100879177704592,2.210790816679244,0.04164351659059218,0.09289847872802608,-8.635225538330872,-7.963253361684266,-0.31235926673726466,0.4206991767206485,2.7080502011022096,2.7080502011022096,0,0,0,0,0,1,0,0,0,0,0.0
4818_2010,0.0058171682136269574,0.007639100362104454,0.8300529885592148,0.8577162088004706,0.036081534209357134,0.04352900385291419,2.210790816679244,1.6087333639027246,0.09289847872802608,0.16294056348164154,-7.963253361684266,-8.432211761334633,0.4206991767206485,-0.2148824549453645,2.7080502011022096,2.6483001966964363,0,0,0,0,0,1,0,0,0,0,0.0
4879_2008,0.0745356632181802,0.10290656303026986,0.17304136105974374,0.21621325743062014,0.13199574621607785,0.1654898096958418,2.959552647536201,2.176172890165504,0.08645069362486604,0.06808121779964581,-7.935710314600223,-7.567987526518989,-0.1712177718500591,0.4156751644102222,2.7080502011022096,2.7080502011022096,0,0,0,0,0,0,1,0,0,0,0.0
4879_2009,0.10290656303026986,0.08745455792578365,0.21621325743062014,0.2197964033682613,0.1654898096958418,0.11166343209209056,2.176172890165504,2.417196687867514,0.06808121779964581,0.16955889840871535,-7.567987526518989,-8.037568432267548,0.4156751644102222,-0.4170612007166948,2.7080502011022096,2.4379897300002487,0,0,0,0,0,0,1,0,0,0,0.0
4879_2010,0.08745455792578365,0.05830180487502326,0.2197964033682613,0.2603733796439868,0.11166343209209056,0.2226632760652484,2.417196687867514,1.7187702685173174,0.16955889840871535,0.122882318380608,-8.037568432267548,-6.905427147485229,-0.4170612007166948,0.804410889002222,2.4379897300002487,2.7080502011022096,0,0,0,0,0,0,1,0,0,0,0.0
4881_2008,0.04000796971508268,0.045000119157415794,0.16045313522898694,0.16398629076093355,0.06433552500498108,0.08716043882465409,2.9621766562306213,2.789330718834377,0.06300110946996693,0.05976967511199361,-9.972269573977727,-9.903060315240277,-0.0005305024881425563,0.1254440131035511,2.7080502011022096,2.7080502011022096,0,0,0,1,0,0,0,0,0,0,0.0
4881_2009,0.045000119157415794,0.04052532987166636,0.16398629076093355,0.15651591905145315,0.08716043882465409,0.06159492158432296,2.789330718834377,2.8033190605201157,0.05976967511199361,0.10987554630965136,-9.903060315240277,-9.730391856072108,0.1254440131035511,0.2434369431730845,2.7080502011022096,2.7080502011022096,0,0,0,1,0,0,0,0,0,0,0.0
4881_2010,0.04052532987166636,0.049075010631954415,0.15651591905145315,0.16740427600590985,0.06159492158432296,0.08579492481462689,2.8033190605201157,2.2271104394182,0.10987554630965136,0.07921995572434948,-9.730391856072108,-9.82546422138185,0.2434369431730845,-0.041444834841288636,2.7080502011022096,2.7080502011022096,0,0,0,1,0,0,0,0,0,0,0.0
4905_2008,0.06572365332817713,0.06607728685234822,0.12464820434234394,0.08481183222295638,0.05086546468000165,0.038845400327198125,1.791736869359869,1.7980937717367336,0.09517666136678547,0.07667280484902059,-10.935087356772806,-10.61075731058424,0.004137287858407418,0.11210554520524717,2.7080502011022096,2.7080502011022096,0,0,1,0,0,0,0,0,0,0,0.0
4905_2009,0.06607728685234822,0.04180995221754829,0.08481183222295638,0.07854377102930085,0.038845400327198125,0.044472036693543736,1.7980937717367336,2.0809190819717522,0.07667280484902059,0.10854934492959216,-10.61075731058424,-9.948757029812027,0.11210554520524717,0.5170294122229049,2.7080502011022096,2.7080502011022096,0,0,1,0,0,0,0,0,0,0,0.0
4905_2010,0.04180995221754829,0.0418000528817454,0.07854377102930085,0.12653147588647834,0.044472036693543736,0.11069955506955644,2.0809190819717522,1.5339274366573548,0.10854934492959216,0.11313907391715593,-9.948757029812027,-10.520166672416913,0.5170294122229049,-0.4934365237827018,2.7080502011022096,2.7080502011022096,0,0,1,0,0,0,0,0,0,0,0.0
4954_2008,-0.0113464312623222,-0.019978542753558957,0.8415668976580136,0.8798745311212123,0.02684077037782597,0.036535807043561616,177.3054,131.0353,0.12133237508586345,0.13216591605396236,-11.18575228771708,-11.526897510730395,-0.3821080268360769,-0.458698236826303,2.7080502011022096,2.631888840136646,0,0,0,0,0,0,0,0,0,0,0.0
4954_2009,-0.019978542753558957,-0.04267285462743954,0.8798745311212123,0.9054944803905376,0.036535807043561616,0.036851872028003975,131.0353,107.559,0.13216591605396236,0.20200916479881725,-11.526897510730395,-11.200907872781372,-0.458698236826303,0.2061115117930732,2.631888840136646,2.4069451083182885,0,0,0,0,0,0,0,0,0,0,0.0
4954_2010,-0.04267285462743954,-0.027162740726002596,0.9054944803905376,0.9084315153749852,0.036851872028003975,0.010448888999700907,107.559,92.1829,0.20200916479881725,0.19547149686348006,-11.200907872781372,-11.591507551987311,0.2061115117930732,-0.32327565266608943,2.4069451083182885,2.187174241482718,0,0,0,0,0,0,0,0,0,0,0.0
4980_2008,0.0390188495581582,0.05073527468357671,0.4882140204434502,0.4868758071436569,0.031376102410851495,0.08519869550467296,1.552727713810435,1.5689386896881723,0.048271223235000216,0.06349391619439616,-7.973511765854803,-7.960911173766768,0.1366847503894325,0.09581989328218332,2.7080502011022096,2.7080502011022096,0,0,0,0,0,0,0,0,1,0,0.0
4980_2009,0.05073527468357671,0.036708549841365685,0.4868758071436569,0.6142548048284083,0.08519869550467296,0.04152003893045241,1.5689386896881723,1.125534880215308,0.06349391619439616,0.07235649431757632,-7.960911173766768,-7.798223203242871,0.09581989328218332,0.1854772196355232,2.7080502011022096,2.7080502011022096,0,0,0,0,0,0,0,0,1,0,0.0
4980_2010,0.036708549841365685,0.013848033748971512,0.6142548048284083,0.6424868395099158,0.04152003893045241,0.01871673335539481,1.125534880215308,1.1831207249747833,0.07235649431757632,0.09111278001025418,-7.798223203242871,-7.994771524394327,0.1854772196355232,-0.24828581815147815,2.7080502011022096,2.7080502011022096,0,0,0,0,0,0,0,0,1,0,0.0
4998_2008,0.03071828131444944,0.035248537085997955,0.2283956862560183,0.3463530228238017,0.02156231072892055,0.06451429560011508,3.1120333635710846,2.308704175931458,0.06614656386049622,0.06938024873789858,-8.937047364879787,-9.189704984660183,0.4125844415791772,-0.1956286973182052,2.7080502011022096,2.7080502011022096,0,0,0,0,1,0,0,0,0,0,0.0
4998_2009,0.035248537085997955,0.044869276493351255,0.3463530228238017,0.3556151029984677,0.06451429560011508,0.047738823245833034,2.308704175931458,2.1980487914263427,0.06938024873789858,0.08840840792822467,-9.189704984660183,-8.756881230695027,-0.1956286973182052,0.38559789732041055,2.7080502011022096,2.7080502011022096,0,0,0,0,1,0,0,0,0,0,0.0
4998_2010,0.044869276493351255,0.03656509695290858,0.3556151029984677,0.3484764542936288,0.047738823245833034,0.041853437421304464,2.1980487914263427,1.9884712935208668,0.08840840792822467,0.06465329268193876,-8.756881230695027,-8.945611077871547,0.38559789732041055,-0.13117137225010925,2.7080502011022096,2.7080502011022096,0,0,0,0,1,0,0,0,0,0,0.0
5009_2008,0.04345416201068193,0.04053041522317808,0.3162057567637402,0.4014133807488382,0.02435424475308304,0.027923921961245587,1.7544388776851894,1.6559534343906563,0.09410937286369543,0.09144822346916348,-9.03967067923848,-9.085134972295752,-0.25708343153137264,-0.08715356446181094,2.7080502011022096,2.7080502011022096,1,0,0,0,0,0,0,0,0,0,0.0
5009_2009,0.04053041522317808,-0.0626946643430542,0.4014133807488382,0.35970378575798584,0.027923921961245587,0.03262887242996719,1.6559534343906563,1.4815163349487916,0.09144822346916348,0.11540826443147773,-9.085134972295752,-9.109521615027381,-0.08715356446181094,0.02019964168409949,2.7080502011022096,2.3997118037247684,1,0,0,0,0,0,0,0,0,0,0.0
5009_2010,-0.0626946643430542,0.023363612401486645,0.35970378575798584,0.3978093844041109,0.03262887242996719,0.030477375599260313,1.4815163349487916,1.540634652466037,0.11540826443147773,0.19625742461368867,-9.109521615027381,-9.169426728960316,0.02019964168409949,-0.03494365189684001,2.3997118037247684,2.570319527636131,1,0,0,0,0,0,0,0,0,0,0.0
50199_2008,0.02224876422580435,0.045124506099412175,0.3566154402370336,0.5060674327391678,0.0063269625723744545,0.01030742981214252,3.0852313875110484,2.143560109036769,0.11101774766210716,0.12772146215432084,-9.507141955800646,-9.808652114385747,-0.03523042365162675,-0.23756620586666286,2.7080502011022096,2.7080502011022096,0,1,0,0,0,0,0,0,0,0,0.0
50199_2009,0.045124506099412175,0.04586390635780139,0.5060674327391678,0.7165462071759174,0.01030742981214252,0.011934191819729085,2.143560109036769,0.9292873425005356,0.12772146215432084,0.21592539102381872,-9.808652114385747,-10.28682985204857,-0.23756620586666286,-0.3472815084626004,2.7080502011022096,2.0425181875752383,0,1,0,0,0,0,0,0,0,0,0.0
50199_2010,0.04586390635780139,-0.014038952421199137,0.7165462071759174,0.5691776639244297,0.011934191819729085,0.05329230067549895,0.9292873425005356,1.2741528983478017,0.21592539102381872,0.18383320025924535,-10.28682985204857,-10.206820346119779,-0.3472815084626004,0.1570593823745679,2.0425181875752383,2.3513752571634776,0,1,0,0,0,0,0,0,0,0,0.0
50201_2008,0.02863845368536548,-0.043243344799134505,0.10228679844748828,0.17214358293500506,0.2976803661837324,0.3667073214646374,2.764763755345161,2.204869501545149,0.4131880151290976,0.14703134451923122,-12.007252322679856,-12.402291447760227,-0.13472734663006172,-0.17418643164700706,2.1115456455803683,1.7191887763932197,0,0,0,0,0,0,0,1,0,0,0.0
50201_2009,-0.043243344799134505,0.13127291713638145,0.17214358293500506,0.35916863452433223,0.3667073214646374,0.7898624675155155,2.204869501545149,0.8589114638958495,0.14703134451923122,0.2043370522080657,-12.402291447760227,-12.803501106089664,-0.17418643164700706,-0.05568234481734508,1.7191887763932197,0.8458682675776092,0,0,0,0,0,0,0,1,0,0,0.0
50201_2010,0.13127291713638145,0.07420722457756614,0.35916863452433223,0.11939093214201706,0.7898624675155155,0.2740564578714482,0.8589114638958495,2.8124022130246193,0.2043370522080657,0.1853698457163741,-12.803501106089664,-11.556007766329248,-0.05568234481734508,1.0483756304345588,0.8458682675776092,2.3005830903233733,0,0,0,0,0,0,0,1,0,0,0.0
50311_2008,0.008511844646432433,0.0208602437901801,0.02374244759829196,0.0186959863588967,0.9951487446623788,0.8207617957740446,1.221956043380892,1.4488811889736373,0.010937924250394087,0.010526199705241828,-11.2320970410083,-11.191202608160708,-0.20114541121788546,0.04902790086645899,1.7316555451583495,1.7833912195575383,0,0,0,0,0,1,0,0,0,0,1.0
50311_2009,0.0208602437901801,0.0,0.0186959863588967,0.0,0.8207617957740446,0.0,1.4488811889736373,0.0,0.010526199705241828,0.0,-11.191202608160708,0.0,0.04902790086645899,0.0,1.7833912195575383,0.0,0,0,0,0,0,1,0,0,0,0,1.0
50311_2010,0.0,0.0,0.0,0.0,0.0,0.0,0.0,0.0,0.0,0.0,0.0,0.0,0.0,0.0,0.0,0.0,0,0,0,0,0,1,0,0,0,0,1.0
50323_2008,0.05258883916869996,0.04243309275744896,0.1349177561843136,0.1291976747451487,0.012532589081234705,0.003104833047824988,2.9104375052967435,2.2071242043693204,0.11839521509618013,0.13696116981762899,-10.19195138400176,-9.717108498460913,0.7378615172941402,0.4070133320374161,2.6093342281630525,2.7080502011022096,0,0,0,0,0,0,0,0,0,0,0.0
50323_2009,0.04243309275744896,-0.6680108806749987,0.1291976747451487,0.3902010202171573,0.003104833047824988,0.02152094109945796,2.2071242043693204,1.409013939294411,0.13696116981762899,0.19799352936550316,-9.717108498460913,-10.749775715954103,0.4070133320374161,-0.9240797254549826,2.7080502011022096,1.3737155789130306,0,0,0,0,0,0,0,0,0,0,0.0
50323_2010,-0.6680108806749987,0.03996703442811465,0.3902010202171573,0.1730371123187511,0.02152094109945796,0.002916289302665157,1.409013939294411,3.028313573410909,0.19799352936550316,0.2935537643534088,-10.749775715954103,-9.918730719673727,-0.9240797254549826,0.7984289119463165,1.3737155789130306,2.4379897300002487,0,0,0,0,0,0,0,0,0,0,0.0
5037_2008,0.04674629673928391,-0.14444554486383848,0.6353259597411899,0.7806986860653031,0.012908833230467327,0.01317629662232414,0.9858135293124652,0.6261056847098045,0.09243340938552884,0.11399561838304258,-8.682444285464285,-9.49376318476977,-0.3833933901281258,-0.970587476379976,2.7080502011022096,2.7080502011022096,0,1,0,0,0,0,0,0,0,0,0.0
5037_2009,-0.14444554486383848,-0.26608137022981604,0.7806986860653031,0.9534985672886096,0.01317629662232414,0.08884443604103935,0.6261056847098045,0.3835471708788431,0.11399561838304258,0.3220410919849141,-9.49376318476977,-10.73876609500468,-0.970587476379976,-1.4329301013275244,2.7080502011022096,1.0543120297715298,0,1,0,0,0,0,0,0,0,0,0.0
5037_2010,-0.26608137022981604,-0.21117309897139772,0.9534985672886096,0.9726172873715656,0.08884443604103935,0.033198656314702674,0.3835471708788431,0.5216281243514563,0.3220410919849141,0.5254350692874595,-10.73876609500468,-11.713979613881078,-1.4329301013275244,-1.5290778197412762,1.0543120297715298,-0.17459151073204415,0,1,0,0,0,0,0,0,0,0,0.0
50465_2008,0.008831565634967852,-0.13002548350918208,0.4808082357164708,0.8718429262447495,0.8984335097590945,0.043310538026913585,1.4083448199473705,0.6256425541817625,0.02361712043444657,0.09664476064429928,-11.093357435140648,-12.923397994002604,0.5094430988623222,-1.2299909045977406,1.7263316639055997,0.5007752879124892,0,0,0,0,0,0,1,0,0,0,0.0
50465_2009,-0.13002548350918208,0.0,0.8718429262447495,0.0,0.043310538026913585,0.0,0.6256425541817625,0.0,0.09664476064429928,0.0,-12.923397994002604,0.0,-1.2299909045977406,0.0,0.5007752879124892,0.0,0,0,0,0,0,0,1,0,0,0,0.0
50465_2010,0.0,0.0,0.0,0.0,0.0,0.0,0.0,0.0,0.0,0.0,0.0,0.0,0.0,0.0,0.0,0.0,0,0,0,0,0,0,1,0,0,0,0.0
50481_2008,0.011713019685679577,0.0238050365758902,0.4913671682617226,0.4225536991622356,0.02854783318462582,0.028451107282635942,2.5027051576733417,3.2887855231205028,0.0681517006043579,0.0720471520146543,-9.28101129253547,-8.704758904116318,3.0414627082693837,0.3324275028964536,2.7080502011022096,2.7080502011022096,0,1,0,0,0,0,0,0,0,0,0.0
50481_2009,0.0238050365758902,0.04076700246073138,0.4225536991622356,0.4905541918851109,0.028451107282635942,0.048709350130018585,3.2887855231205028,2.2038357747961297,0.0720471520146543,0.11978193094906316,-8.704758904116318,-8.477688274281773,0.3324275028964536,0.2110403662619116,2.7080502011022096,2.7080502011022096,0,1,0,0,0,0,0,0,0,0,0.0
50481_2010,0.04076700246073138,0.03998893677546871,0.4905541918851109,0.4014255721373273,0.048709350130018585,0.04668190777142428,2.2038357747961297,2.4854085372585253,0.11978193094906316,0.11062828701887256,-8.477688274281773,-8.358935308447316,0.2110403662619116,0.035112445738538216,2.7080502011022096,2.7080502011022096,0,1,0,0,0,0,0,0,0,0,0.0
50489_2008,0.0,0.0,0.0,0.0,0.0,0.0,0.0,0.0,0.0,0.0,0.0,0.0,0.0,0.0,0.0,0.0,0,0,0,0,0,0,0,0,0,0,0.0
50489_2009,0.0,-0.015044052440639576,0.0,0.901031205775241,0.0,0.14142979791193697,0.0,0.177058719406147,0.0,0.2109973095465832,0.0,-12.061353105257668,0.0,-1.42533538080345,0.0,0.6097655716208943,0,0,0,0,0,0,0,0,0,0,0.0
50489_2010,-0.015044052440639576,0.021087209195770708,0.901031205775241,0.6045635746858017,0.14142979791193697,0.10904079730322404,0.177058719406147,1.2032299462702332,0.2109973095465832,0.35743342987291554,-12.061353105257668,-10.19416532143231,-1.42533538080345,1.5736613421393282,0.6097655716208943,2.699345760472064,0,0,0,0,0,0,0,0,0,0,0.0
5057_2008,0.011492754045473076,0.009382333549631805,0.8265995107083515,0.9049635008137022,0.045489843024737006,0.06375990611771909,1.7076590762596295,0.9908162062139472,0.03477092496293127,0.05663562166761307,-7.277112560437875,-7.852790806451004,-0.06329382968572436,-0.6139696198154858,2.7080502011022096,2.7080502011022096,0,0,0,0,0,1,0,0,0,0,0.0
5057_2009,0.009382333549631805,-0.005181249957555699,0.9049635008137022,0.9449881779609888,0.06375990611771909,0.08131584667715659,0.9908162062139472,0.6001600989634751,0.05663562166761307,0.18180898440250046,-7.852790806451004,-7.929251787409049,-0.6139696198154858,-0.38330827848514665,2.7080502011022096,2.7080502011022096,0,0,0,0,0,1,0,0,0,0,0.0
5057_2010,-0.005181249957555699,-0.025687401184877008,0.9449881779609888,0.9592344186990523,0.08131584667715659,0.0443931984381762,0.6001600989634751,0.4868845385473495,0.18180898440250046,0.2484161096350785,-7.929251787409049,-8.545574888971661,-0.38330827848514665,-0.4476124310094472,2.7080502011022096,2.551786178627545,0,0,0,0,0,1,0,0,0,0,0.0
50589_2008,-0.08364297572930668,-0.2518585950538613,0.31333175218067305,0.5407723819194005,0.0019149515552393246,0.002188298729036098,5.724925848621334,15.7392,0.1838158115121098,0.1274612905154461,-12.693649714676475,-13.549506687904882,-2.4358796078920517,-0.985218735556753,0.4054651081081644,-0.5108256237659907,0,0,1,0,0,0,0,0,0,0,0.0
50589_2009,-0.2518585950538613,0.0,0.5407723819194005,0.0,0.002188298729036098,0.0,15.7392,0.0,0.1274612905154461,0.0,-13.549506687904882,0.0,-0.985218735556753,0.0,-0.5108256237659907,0.0,0,0,1,0,0,0,0,0,0,0,0.0
50589_2010,0.0,0.0,0.0,0.0,0.0,0.0,0.0,0.0,0.0,0.0,0.0,0.0,0.0,0.0,0.0,0.0,0,0,1,0,0,0,0,0,0,0,0.0
50594_2008,0.0047425454824190786,0.005055812890959444,0.7834455701001148,0.8468166604199413,0.048708210391727985,0.02807826520785456,1.4654533142619308,1.0266406309296277,0.04564588299879056,0.057024885414322685,-11.93984669916581,-12.357277215365885,2.85626902750736,-0.39336612613063293,2.5305171610400525,2.152924318439639,0,0,0,0,0,1,0,0,0,0,0.0
50594_2009,0.005055812890959444,0.003702006134753023,0.8468166604199413,0.8905087614145191,0.02807826520785456,0.07312847220473354,1.0266406309296277,0.8179610143566954,0.057024885414322685,0.09084911950872863,-12.357277215365885,-12.096489827990114,-0.39336612613063293,0.1431147629914752,2.152924318439639,1.9459101490553128,0,0,0,0,0,1,0,0,0,0,0.0
50594_2010,0.003702006134753023,0.00516889934734573,0.8905087614145191,0.8855058895792979,0.07312847220473354,0.052774916797703006,0.8179610143566954,0.8752793567307282,0.09084911950872863,0.051201363972634126,-12.096489827990114,-12.231449436335433,0.1431147629914752,-0.173651067996963,1.9459101490553128,2.0617866064411148,0,0,0,0,0,1,0,0,0,0,0.0
50601_2008,-0.11443776015441195,-0.3769377408976685,0.01712305009757958,0.06682795211918703,0.057425192740172715,0.4334402349868655,6.937362654552776,1.9571568358739615,0.22529180408724545,0.1835253911052372,-10.057735402895961,-11.16071264271708,1.181353730702131,-1.485204245034653,2.7080502011022096,1.928618651945252,0,0,0,0,1,0,0,0,0,0,0.0
50601_2009,-0.3769377408976685,-2.961863055015806,0.06682795211918703,0.22702357820248836,0.4334402349868655,2.694759432731069,1.9571568358739615,0.3117262544546106,0.1835253911052372,0.3726776575494663,-11.16071264271708,-13.284744237445862,-1.485204245034653,-1.7245557802131133,1.928618651945252,-0.6931471805599453,0,0,0,0,1,0,0,0,0,0,0.0
50601_2010,-2.961863055015806,-0.06992317011557145,0.22702357820248836,0.3952212244773799,2.694759432731069,0.4003144875450023,0.3117262544546106,5.9940691528888035,0.3726776575494663,0.7795880578796865,-13.284744237445862,-10.372641787332087,-1.7245557802131133,2.452176180761088,-0.6931471805599453,2.4203681286504293,0,0,0,0,1,0,0,0,0,0,0.0
50609_2008,0.005398891868583648,0.00977735085251638,0.0448568762035276,0.05502761672784658,0.8044348884189636,0.7807815019383169,1.4691532334999646,1.47832293936434,0.02361007149984004,0.05110513435275278,-11.966805682875274,-11.893073891934106,-0.8617016258675085,0.15048638070173434,2.0412203288596382,2.206074192613202,0,1,0,0,0,0,0,0,0,0,0.0
50609_2009,0.00977735085251638,0.02266967751196701,0.05502761672784658,0.5801582350115667,0.7807815019383169,0.015304516820061504,1.47832293936434,0.8268940934427407,0.05110513435275278,0.24305941424569044,-11.893073891934106,-12.464974305521427,0.15048638070173434,-1.22278123304755,2.206074192613202,0.5306282510621704,0,1,0,0,0,0,0,0,0,0,0.0
50609_2010,0.02266967751196701,-0.01343541404533919,0.5801582350115667,0.8936845601898958,0.015304516820061504,0.012094402850606652,0.8268940934427407,0.3109600550348202,0.24305941424569044,0.21257387087421054,-12.464974305521427,-12.991150722526596,-1.22278123304755,-0.6649960383456295,0.5306282510621704,0.2390169004704999,0,1,0,0,0,0,0,0,0,0,0.0
50614_2008,0.0038710350488821133,0.02078543160927613,0.14598286312001765,0.017859839863458304,0.00201330428074247,0.8503438362429064,1.8021776120501152,1.4110479717798599,0.01197955077300035,0.016915947153397837,-11.823355570201088,-11.835968291401064,-0.777614251187343,-0.022273316981580058,1.7316555451583495,1.7298840655099674,0,0,0,0,0,0,0,0,0,1,0.0
50614_2009,0.02078543160927613,0.0,0.017859839863458304,0.0,0.8503438362429064,0.0,1.4110479717798599,0.0,0.016915947153397837,0.0,-11.835968291401064,0.0,-0.022273316981580058,0.0,1.7298840655099674,0.0,0,0,0,0,0,0,0,0,0,1,0.0
50614_2010,0.0,0.0,0.0,0.0,0.0,0.0,0.0,0.0,0.0,0.0,0.0,0.0,0.0,0.0,0.0,0.0,0,0,0,0,0,0,0,0,0,1,0.0
50690_2008,-0.0048845819739587746,-0.015783950485083416,0.18246487809766002,0.4369534334197131,0.004357197801963225,0.008659399338944452,2.0562988897772225,1.1710364067885697,0.17958387938533074,0.11953346384000582,-10.557789880023307,-11.31016678746176,-0.722151332040761,-0.5903142454992115,1.1662709371419244,0.4382549309311553,0,0,0,0,0,0,0,0,0,0,1.0
50690_2009,-0.015783950485083416,-0.7685149726744664,0.4369534334197131,0.9489887584150832,0.008659399338944452,0.07959657706086776,1.1710364067885697,0.2833356194202086,0.11953346384000582,0.2902639741813202,-11.31016678746176,-13.910985336583689,-0.5903142454992115,-2.348753726601837,0.4382549309311553,-2.6736487743848776,0,0,0,0,0,0,0,0,0,0,1.0
50690_2010,-0.7685149726744664,0.0,0.9489887584150832,0.0,0.07959657706086776,0.0,0.2833356194202086,0.0,0.2902639741813202,0.0,-13.910985336583689,0.0,-2.348753726601837,0.0,-2.6736487743848776,0.0,0,0,0,0,0,0,0,0,0,0,1.0
50692_2008,0.006631672721547606,0.027690004413562192,0.4875507537878518,0.3369574185731453,0.06361493462521592,0.03180608615071333,2.902021609400878,3.5481862083168925,0.10734743510821053,0.05137960667837037,-8.417916174863919,-8.113136294692872,5.5615378286906205,0.3002585798750059,2.7080502011022096,2.7080502011022096,0,0,1,0,0,0,0,0,0,0,0.0
50692_2009,0.027690004413562192,0.03515566614417945,0.3369574185731453,0.34082493177672923,0.03180608615071333,0.030714950420704164,3.5481862083168925,3.1900812983406848,0.05137960667837037,0.08709778015483714,-8.113136294692872,-7.800518234773159,0.3002585798750059,0.3290149895227684,2.7080502011022096,2.7080502011022096,0,0,1,0,0,0,0,0,0,0,0.0
50692_2010,0.03515566614417945,0.049895879443176944,0.34082493177672923,0.43195718120647386,0.030714950420704164,0.03034646940646994,3.1900812983406848,2.061351387976775,0.08709778015483714,0.11179398417716216,-7.800518234773159,-8.269157787416582,0.3290149895227684,-0.464117889316393,2.7080502011022096,2.7080502011022096,0,0,1,0,0,0,0,0,0,0,0.0
50694_2008,0.06617405655362951,0.05323074744914835,0.4035905900776201,0.4005006340753869,0.12437876436101547,0.08271748929338614,1.9592978431946677,1.9053149465143573,0.1229180854219683,0.12501908004551562,-9.633063435541908,-9.380314839336844,-0.16712607535024246,0.15580926328253922,2.7080502011022096,2.7080502011022096,0,0,0,0,0,0,0,0,0,0,0.0
50694_2009,0.05323074744914835,0.03453318560948727,0.4005006340753869,0.6299374310802319,0.08271748929338614,0.019938027917930392,1.9053149465143573,0.558112965313437,0.12501908004551562,0.1940113479589635,-9.380314839336844,-10.22738325501993,0.15580926328253922,-0.7130854585916035,2.7080502011022096,1.6658182458702082,0,0,0,0,0,0,0,0,0,0,0.0
50694_2010,0.03453318560948727,0.000661810990940942,0.6299374310802319,0.6542474367587598,0.019938027917930392,0.06466838825765778,0.558112965313437,0.7108354809464444,0.1940113479589635,0.17743944120674038,-10.22738325501993,-10.209001945228838,-0.7130854585916035,-0.3170455542766573,1.6658182458702082,1.918392120161421,0,0,0,0,0,0,0,0,0,0,0.0
50695_2008,0.01465966711819794,0.02485766002620797,0.5333893543138958,0.5071698707847463,0.0665519484288719,0.050118081012490254,2.010966998005235,1.9934896447610508,0.18104228020396795,0.11377538800679605,-9.55191946652552,-9.035808726960486,-0.8530410755649666,0.5226661945351324,2.7080502011022096,2.7080502011022096,0,1,0,0,0,0,0,0,0,0,0.0
50695_2009,0.02485766002620797,0.03916298205143187,0.5071698707847463,0.5786921382657024,0.050118081012490254,0.1157191184001296,1.9934896447610508,1.4356059441788038,0.11377538800679605,0.13065858073618336,-9.035808726960486,-9.113889561097126,0.5226661945351324,0.11910013480344345,2.7080502011022096,2.7080502011022096,0,1,0,0,0,0,0,0,0,0,0.0
50695_2010,0.03916298205143187,0.04688722638429324,0.5786921382657024,0.6477651582179739,0.1157191184001296,0.07499625149456847,1.4356059441788038,1.0898965577056208,0.13065858073618336,0.13602862326338253,-9.113889561097126,-9.416843129745132,0.11910013480344345,-0.3436593911774411,2.7080502011022096,2.66374994220563,0,1,0,0,0,0,0,0,0,0,0.0
50706_2008,-0.2051419855098588,-0.2983834309877019,0.3479833316418575,0.59963211412094,0.3027909351033745,0.1690186355196204,3.9491438000806265,358.8322,0.17919400651322562,0.3388384478008754,-9.379171275087158,-10.488349555371297,-3.866800670032516,-0.9210103745498428,1.937301774518713,0.8329091229351039,0,0,0,0,0,0,0,1,0,0,0.0
50706_2009,-0.2983834309877019,-0.12160410609702152,0.59963211412094,0.8053089562697128,0.1690186355196204,0.0868756787456639,358.8322,103.3877,0.3388384478008754,0.1848937990545456,-10.488349555371297,-11.237781200012474,-0.9210103745498428,-0.6834448551107017,0.8329091229351039,-0.4155154439616658,0,0,0,0,0,0,0,1,0,0,0.0
50706_2010,-0.12160410609702152,-0.06217322858549847,0.8053089562697128,0.5915389063595107,0.0868756787456639,0.04701596817748868,103.3877,279.8572,0.1848937990545456,0.4128503183552811,-11.237781200012474,-10.476956508996114,-0.6834448551107017,0.6195947170127775,-0.4155154439616658,0.3364722366212129,0,0,0,0,0,0,0,1,0,0,0.0
50724_2008,0.008897350932757264,0.003639393227310597,0.8639693901836223,0.9190341819424728,0.12411621478131925,0.0278605844391664,1.7971266869830216,1.0415745411210962,0.025188908173599672,0.09531471817427598,-12.744383663382909,-13.333104412837374,0.8470487901005933,-0.6289610087856053,2.7080502011022096,2.277267285009756,0,0,0,0,0,1,0,0,0,0,0.0
50724_2009,0.003639393227310597,-0.019425987944764998,0.9190341819424728,0.9801820404919664,0.0278605844391664,0.035614950455101234,1.0415745411210962,0.3681254327995828,0.09531471817427598,0.2103208053587324,-13.333104412837374,-14.233929666555994,-0.6289610087856053,-1.0069111280527807,2.277267285009756,0.8754687373538999,0,0,0,0,0,1,0,0,0,0,0.0
50724_2010,-0.019425987944764998,-0.05467474142623844,0.9801820404919664,0.9912050898203594,0.035614950455101234,0.24529123571039746,0.3681254327995828,2.585,0.2103208053587324,0.3671658286743937,-14.233929666555994,-15.161094223316164,-1.0069111280527807,-0.43637462737523214,0.8754687373538999,0.18240488665525856,0,0,0,0,0,1,0,0,0,0,0.0
50727_2008,0.04249370286101788,0.0008568846512621396,0.30772268523113605,0.3202176167678311,0.07179992283067699,0.03333866742550337,2.4313365220362653,2.514651905994694,0.2153817375323876,0.30297410483779746,-10.595035836038766,-10.568218550406044,1.1820566614112953,0.0751470241559187,1.874874375938561,1.8325814637483104,0,1,0,0,0,0,0,0,0,0,0.0
50727_2009,0.0008568846512621396,-0.01709180587703284,0.3202176167678311,0.5530999641418605,0.03333866742550337,0.0864297389243333,2.514651905994694,1.213322225868612,0.30297410483779746,0.17943391107930826,-10.568218550406044,-11.338923980071133,0.0751470241559187,-0.5789731640925577,1.8325814637483104,0.4824261492442928,0,1,0,0,0,0,0,0,0,0,0.0
50727_2010,-0.01709180587703284,-0.023407586460507248,0.5530999641418605,0.5278175683882645,0.0864297389243333,0.10338253092374558,1.213322225868612,1.6683780255139664,0.17943391107930826,0.2498725911019611,-11.338923980071133,-10.93574556751017,-0.5789731640925577,0.3680804685693523,0.4824261492442928,1.0224509277025455,0,1,0,0,0,0,0,0,0,0,0.0
50729_2008,-0.03243452729486202,0.048220835371502194,0.4090416994890244,0.43890181968909936,0.01180509627657558,0.14257685464406852,1.3224060858563338,1.0760192858685027,0.04300000913006409,0.07759671629853435,-10.499420212797627,-10.218100415647587,2.5972051816116437,-0.19199256772189816,2.7080502011022096,2.7013612129514133,0,0,0,0,0,1,0,0,0,0,0.0
50729_2009,0.048220835371502194,0.0,0.43890181968909936,0.0,0.14257685464406852,0.0,1.0760192858685027,0.0,0.07759671629853435,0.0,-10.218100415647587,0.0,-0.19199256772189816,0.0,2.7013612129514133,0.0,0,0,0,0,0,1,0,0,0,0,0.0
50729_2010,0.0,0.0,0.0,0.0,0.0,0.0,0.0,0.0,0.0,0.0,0.0,0.0,0.0,0.0,0.0,0.0,0,0,0,0,0,1,0,0,0,0,0.0
50731_2008,0.00702496011772265,0.007295265519613541,0.8167263134874149,0.8773687429454133,0.040660002949847514,0.021641539696033784,2.2893518751366573,1.644440463929067,0.05698192248919023,0.062147804708890315,-11.899783004913864,-12.246217794126474,0.09120504876913832,-0.39289570860648,2.7080502011022096,2.7080502011022096,0,0,0,0,0,1,0,0,0,0,0.0
50731_2009,0.007295265519613541,0.0039739033402280246,0.8773687429454133,0.9419075079907909,0.021641539696033784,0.053747633711423694,1.644440463929067,0.7589565498666823,0.062147804708890315,0.17516382619069648,-12.246217794126474,-12.571001617708886,-0.39289570860648,-0.46348003025222795,2.7080502011022096,2.2016591744040848,0,0,0,0,0,1,0,0,0,0,0.0
50731_2010,0.0039739033402280246,0.003829629600334319,0.9419075079907909,0.9534195758009596,0.053747633711423694,0.03513679665435825,0.7589565498666823,0.5717531238167359,0.17516382619069648,0.17399952212528674,-12.571001617708886,-13.056805639281125,-0.46348003025222795,-0.5089543254959165,2.2016591744040848,1.94876321803772,0,0,0,0,0,1,0,0,0,0,0.0
50733_2008,-0.06679246006512285,-0.0973633563887432,0.012528745549033332,0.017384418515895582,0.2147514861408908,0.3112582375979378,2.862516513268432,2.476700921469104,0.20837662658974815,0.1395337867129563,-10.443653649157113,-10.88656445993691,1.1670409267091622,-0.37170584935039297,2.665838352292901,2.2300144001592104,0,0,0,0,1,0,0,0,0,0,1.0
50733_2009,-0.0973633563887432,-0.5450897238188701,0.017384418515895582,0.07687275106313379,0.3112582375979378,1.890304453479135,2.476700921469104,0.5074827306162387,0.1395337867129563,0.5400905153202573,-10.88656445993691,-12.42290067416888,-0.37170584935039297,0.2323891514757697,2.2300144001592104,0.1906203596086497,0,0,0,0,1,0,0,0,0,0,1.0
50733_2010,-0.5450897238188701,0.0,0.07687275106313379,0.0,1.890304453479135,0.0,0.5074827306162387,0.0,0.5400905153202573,0.0,-12.42290067416888,0.0,0.2323891514757697,0.0,0.1906203596086497,0.0,0,0,0,0,1,0,0,0,0,0,1.0
50735_2008,0.013501860517863751,-0.0015974275537850662,0.5071756718298979,0.6153853231679007,0.0179766253051827,0.008783295661731808,184.2544,2.5307133653833294,0.07402538066776068,0.09369573499908594,-11.143083857517064,-10.662934790113693,0.9596796873672812,0.08133443598889183,1.7065646231648233,1.6134299337036375,0,0,0,0,0,0,0,0,0,0,0.0
50735_2009,-0.0015974275537850662,-0.3129646496586729,0.6153853231679007,0.833567338949147,0.008783295661731808,0.038927616885203034,2.5307133653833294,1.1719845160380022,0.09369573499908594,0.2835054545473457,-10.662934790113693,-11.62622599427698,0.08133443598889183,-1.2487872156033255,1.6134299337036375,-0.12783337150988489,0,0,0,0,0,0,0,0,0,0,0.0
50735_2010,-0.3129646496586729,-0.1243674372592342,0.833567338949147,0.6639576209591179,0.038927616885203034,0.0002747957351701902,1.1719845160380022,10.309376176335268,0.2835054545473457,0.28620379016999725,-11.62622599427698,-11.04980404470499,-1.2487872156033255,0.5265042939467657,-0.12783337150988489,0.7178397931503168,0,0,0,0,0,0,0,0,0,0,0.0
50737_2008,0.06949827602535277,0.08085825921644679,0.10766511047117296,0.3076559320576632,0.07493502211528008,0.09717034305530346,0.7510311467349517,0.5594655809687907,0.13257909571363166,0.07578804518530463,-11.043062861136603,-11.394250422297304,1.0565942068716967,-0.3944910412034571,1.6563214983329508,1.3217558399823195,0,0,0,0,0,1,0,0,0,0,0.0
50737_2009,0.08085825921644679,-1.1578409928849651,0.3076559320576632,0.6133660191471741,0.09717034305530346,0.11586504293126285,0.5594655809687907,0.3568148827783209,0.07578804518530463,0.4633124486302896,-11.394250422297304,-12.104262043685159,-0.3944910412034571,-0.6836841181815885,1.3217558399823195,1.1474024528375415,0,0,0,0,0,1,0,0,0,0,0.0
50737_2010,-1.1578409928849651,-1.3204639506860365,0.6133660191471741,0.2940258667870071,0.11586504293126285,0.034661878654619824,0.3568148827783209,0.4164034406880017,0.4633124486302896,0.11137488049133476,-12.104262043685159,-12.729471895178527,-0.6836841181815885,-0.6708105930854658,1.1474024528375415,0.7701082216960737,0,0,0,0,0,1,0,0,0,0,0.0
50830_2008,0.01870378135878645,0.015366900391890726,0.04850669275877447,0.03391843443965745,0.9783542003634258,0.8151271489323827,1.2547938207222968,1.4555243414303818,0.0067304754950189396,0.0073830757339551955,-12.149359177510927,-12.129365499285516,0.9114530248784048,0.01178114853409896,1.971995519530988,2.002830439307996,0,0,0,0,0,1,0,0,0,0,0.0
50830_2009,0.015366900391890726,0.001314713068978899,0.03391843443965745,0.9307663282955708,0.8151271489323827,0.1664815891795782,1.4555243414303818,0.4650407138076021,0.0073830757339551955,0.0970669836868862,-12.129365499285516,-11.711084879309428,0.01178114853409896,-0.4934152757309111,2.002830439307996,1.0986122886681098,0,0,0,0,0,1,0,0,0,0,0.0
50830_2010,0.001314713068978899,-0.02517777863415508,0.9307663282955708,0.9399323517246844,0.1664815891795782,0.05416548259154228,0.4650407138076021,0.6390152698332203,0.0970669836868862,0.12066989965565217,-11.711084879309428,-11.86253503901242,-0.4934152757309111,-0.2301104101020814,1.0986122886681098,1.181727195378616,0,0,0,0,0,1,0,0,0,0,0.0
50841_2008,0.029940493163981306,0.03032412246378505,0.1626114213462144,0.12347501604687272,0.03422012602244656,0.041080868866467904,9.772778362678077,6.89619537685984,0.12175357798027205,0.1239368348365034,-8.643869140338586,-8.37601292090918,1.3631234933801126,0.2659543574325336,2.7080502011022096,2.7080502011022096,0,0,1,0,0,0,0,0,0,0,0.0
50841_2009,0.03032412246378505,0.05336140254003313,0.12347501604687272,0.3834306223870001,0.041080868866467904,0.1443855013015698,6.89619537685984,2.359764227363076,0.1239368348365034,0.23687699596560816,-8.37601292090918,-9.23996216002792,0.2659543574325336,-0.8976084259492152,2.7080502011022096,2.5014359517392113,0,0,1,0,0,0,0,0,0,0,0.0
50841_2010,0.05336140254003313,0.043080829708283135,0.3834306223870001,0.12665819810797768,0.1443855013015698,0.1041074651576456,2.359764227363076,4.2503603954031055,0.23687699596560816,0.1472226877124184,-9.23996216002792,-8.15761159362488,-0.8976084259492152,1.2015868482065604,2.5014359517392113,2.7080502011022096,0,0,1,0,0,0,0,0,0,0,0.0
50845_2008,-0.046286404012298894,-0.009142199102726605,0.048614563829605606,0.0496701375640821,0.023015153216197574,0.05333940500883498,5.771604298920749,3.8131216984656446,0.15860503319072938,0.136238227960604,-10.416260587194008,-10.274985688431133,-2.731728414155131,0.05090626985825042,1.1442227999201622,1.1764371541314151,1,0,0,0,0,0,0,0,0,0,0.0
50845_2009,-0.009142199102726605,-0.03105783563311493,0.0496701375640821,0.2140635302543442,0.05333940500883498,0.05074286152491507,3.8131216984656446,1.5139008889441652,0.136238227960604,0.2541361289007596,-10.274985688431133,-11.354540743254907,0.05090626985825042,-1.0098917561909182,1.1764371541314151,-0.4004775665971253,1,0,0,0,0,0,0,0,0,0,0.0
50845_2010,-0.03105783563311493,-0.019030810170884992,0.2140635302543442,0.08875490666086794,0.05074286152491507,0.045182091929590856,1.5139008889441652,3.2976803611256407,0.2541361289007596,0.20198498180143248,-11.354540743254907,-10.029901863164971,-1.0098917561909182,1.0008455670003475,-0.4004775665971253,1.118414915964289,1,0,0,0,0,0,0,0,0,0,0.0
50853_2008,-0.3031268073216713,-1.5113020284700946,0.02822613959846476,0.17056930525624048,0.3632744725437325,0.5953980111522366,1.2690421052321834,0.7855536548330675,0.21069877576109305,0.24241063726987866,-12.232698105848394,-13.527346780578522,2.0830067805019565,-1.539394800196357,0.8197798314933114,-0.5108256237659907,0,0,0,0,0,0,0,0,0,0,1.0
50853_2009,-1.5113020284700946,-2.0573672528598257,0.17056930525624048,0.4549334906172878,0.5953980111522366,0.558151085724929,0.7855536548330675,0.4041653766873792,0.24241063726987866,0.2588955034031332,-13.527346780578522,-14.620172901202755,-1.539394800196357,-1.4057316934422766,-0.5108256237659907,-2.1136189934814222,0,0,0,0,0,0,0,0,0,0,1.0
50853_2010,-2.0573672528598257,0.0,0.4549334906172878,0.0,0.558151085724929,0.0,0.4041653766873792,0.0,0.2588955034031332,0.0,-14.620172901202755,0.0,-1.4057316934422766,0.0,-2.1136189934814222,0.0,0,0,0,0,0,0,0,0,0,0,1.0
50854_2008,-0.16370313018190855,-0.07580209057978357,0.17662639402257824,0.1079810198349179,0.11441337069538952,0.10447270606934528,1.6133756273684936,2.178264288446078,0.2470587229445327,0.10596987059634057,-11.493051242673259,-10.898887550033594,2.5987433566142744,0.15351883439506486,1.3174800451195308,1.6174060820832772,0,0,0,0,1,0,0,0,0,0,0.0
50854_2009,-0.07580209057978357,-0.17038813798832858,0.1079810198349179,0.35181822783072186,0.10447270606934528,0.1065507630174897,2.178264288446078,1.4764173339522622,0.10596987059634057,0.2278594434614056,-10.898887550033594,-11.163687308200116,0.15351883439506486,-0.3565788484721805,1.6174060820832772,0.8544153281560676,0,0,0,0,1,0,0,0,0,0,0.0
50854_2010,-0.17038813798832858,-0.038617825341883565,0.35181822783072186,0.1844030946568262,0.1065507630174897,0.029307003429369836,1.4764173339522622,2.941553411428973,0.2278594434614056,0.16725600353243705,-11.163687308200116,-10.47368271403153,-0.3565788484721805,0.6038024705583579,0.8544153281560676,1.6752256529721037,0,0,0,0,1,0,0,0,0,0,0.0
50855_2008,0.005344816580318033,0.01845106762263551,0.5076322071493105,0.6606201538228973,0.007832623394010288,0.007386646813898416,15.99577391372581,9.934809661627707,0.13246073115523446,0.15280880976516242,-10.300080709616518,-10.84479833629685,0.7377261642441727,-0.7399991734325196,2.7080502011022096,2.25758772706331,0,0,1,0,0,0,0,0,0,0,0.0
50855_2009,0.01845106762263551,0.00396485210355169,0.6606201538228973,0.8667129374125107,0.007386646813898416,0.017642489099201547,9.934809661627707,9.187475807290966,0.15280880976516242,0.3230444426867797,-10.84479833629685,-11.512355698446402,-0.7399991734325196,-0.5830968812764197,2.25758772706331,1.1600209167967532,0,0,1,0,0,0,0,0,0,0,0.0
50855_2010,0.00396485210355169,-0.010727453043735001,0.8667129374125107,0.9003243975743994,0.017642489099201547,0.020360963275317768,9.187475807290966,52.665,0.3230444426867797,0.2397291330693389,-11.512355698446402,-12.146874780296562,-0.5830968812764197,-0.13392459199021198,1.1600209167967532,0.8458682675776092,0,0,1,0,0,0,0,0,0,0,0.0
5085_2008,0.05359528443364455,0.05606468039943055,0.2533519147685197,0.33944963490986274,0.0057121167578992795,0.005829706244036351,2.6268575232761147,2.451692079262299,0.042064878734310515,0.06091133098052461,-5.045397837014159,-5.6455575857911935,-0.11469535480309526,-0.4305665045683287,2.7080502011022096,2.7080502011022096,0,0,1,0,0,0,0,0,0,0,0.0
5085_2009,0.05606468039943055,0.03772836511975918,0.33944963490986274,0.39042180312203895,0.005829706244036351,0.008764332605253793,2.451692079262299,1.8581890965390293,0.06091133098052461,0.0922852380735706,-5.6455575857911935,-5.304189029193356,-0.4305665045683287,0.13426228600871104,2.7080502011022096,2.7080502011022096,0,0,1,0,0,0,0,0,0,0,0.0
5085_2010,0.03772836511975918,0.03854009371861647,0.39042180312203895,0.3111594789367742,0.008764332605253793,0.020667686484955167,1.8581890965390293,2.1414413584490952,0.0922852380735706,0.08011424508824593,-5.304189029193356,-5.307320716094822,0.13426228600871104,-0.001264207249605409,2.7080502011022096,2.7080502011022096,0,0,1,0,0,0,0,0,0,0,0.0
50860_2008,0.03696427648244843,0.023135804423937447,0.3130805287011667,0.128517888700816,0.07654362473935446,0.11430009938712365,2.7789057965836426,3.1560482070908833,0.03570166295566645,0.09321293175251497,-11.287702233726401,-10.068716989451742,1.325587936566201,0.6099657215013448,1.9671123567059163,2.6511270537025893,0,1,0,0,0,0,0,0,0,0,0.0
50860_2009,0.023135804423937447,0.04454173816493389,0.128517888700816,0.2902619360048451,0.11430009938712365,0.05814827899465025,3.1560482070908833,1.8740226104720856,0.09321293175251497,0.27868669966321197,-10.068716989451742,-10.210275831109714,0.6099657215013448,-0.11225957128210667,2.6511270537025893,1.951608170169951,0,1,0,0,0,0,0,0,0,0,0.0
50860_2010,0.04454173816493389,0.051645425374482384,0.2902619360048451,0.34987056812885736,0.05814827899465025,0.08916064114599262,1.8740226104720856,1.4892043715625205,0.27868669966321197,0.2301668092469793,-10.210275831109714,-10.62217296183506,-0.11225957128210667,-0.1704639247184664,1.951608170169951,1.8309801823813363,0,1,0,0,0,0,0,0,0,0,0.0
50861_2008,0.006708356982700885,0.008517662223553534,0.8256820921510284,0.8492973709815809,0.028953653083458906,0.022954151896851502,1.6569126333438444,1.3705952460114883,0.04510447309417166,0.06205071530157533,-10.334423999032225,-10.479337522058787,1.924116032443039,-0.1923511646849193,2.7080502011022096,2.7080502011022096,0,0,0,0,0,1,0,0,0,0,0.0
50861_2009,0.008517662223553534,0.003571685810281201,0.8492973709815809,0.8110258322282151,0.022954151896851502,0.021902173375758574,1.3705952460114883,1.7362713507295573,0.06205071530157533,0.06765561106030248,-10.479337522058787,-9.593569666320088,-0.1923511646849193,0.6433487789015748,2.7080502011022096,2.7080502011022096,0,0,0,0,0,1,0,0,0,0,0.0
50861_2010,0.003571685810281201,0.009444551102487334,0.8110258322282151,0.7821339788108188,0.021902173375758574,0.0652690849711176,1.7362713507295573,1.4183699971761432,0.06765561106030248,0.11695586020588232,-9.593569666320088,-9.683757625788846,0.6433487789015748,-0.14053528410609492,2.7080502011022096,2.7080502011022096,0,0,0,0,0,1,0,0,0,0,0.0
50862_2008,0.06508238839677384,0.09142083862777699,0.07466418620598786,0.20543903326508656,0.0,0.0,3.7237483054574665,2.9083950373711738,0.09546073103347004,0.12673733736013815,-10.281483146176377,-10.799256765016231,-0.043868005373402436,-0.532591414299265,2.7080502011022096,2.6490076604684267,0,1,0,0,0,0,0,0,0,0,0.0
50862_2009,0.09142083862777699,0.10672425289201276,0.20543903326508656,0.26148498545282384,0.0,0.0,2.9083950373711738,1.924251705665096,0.12673733736013815,0.1950009968235527,-10.799256765016231,-10.774832426857216,-0.532591414299265,-0.038591911598198185,2.6490076604684267,2.2310890912889763,0,1,0,0,0,0,0,0,0,0,0.0
50862_2010,0.10672425289201276,0.03184474734134818,0.26148498545282384,0.16335102530016016,0.0,0.0,1.924251705665096,2.2488945101651345,0.1950009968235527,0.16472348396211886,-10.774832426857216,-10.758859978077792,-0.038591911598198185,0.21273002855019,2.2310890912889763,2.476538400117484,0,1,0,0,0,0,0,0,0,0,0.0
50864_2008,-0.1940936947312137,-0.07319190357689298,0.27026693538436225,0.14369855005440446,0.3674371735285649,0.1123239315147554,1.5153805747376785,3.73223344426234,0.16089749594965336,0.2351122591455066,-12.78118135383376,-11.927062452623275,-0.31357087202231915,0.5806568491505201,1.2753348670615827,2.149433913499871,0,0,0,0,0,0,1,0,0,0,0.0
50864_2009,-0.07319190357689298,-0.1529961544078275,0.14369855005440446,0.4795064012072239,0.1123239315147554,0.3777199045903714,3.73223344426234,1.4234934666409282,0.2351122591455066,0.26590236636493725,-11.927062452623275,-12.813572751084953,0.5806568491505201,-0.6990263482834804,2.149433913499871,0.6523251860396901,0,0,0,0,0,0,1,0,0,0,0.0
50864_2010,-0.1529961544078275,-0.41845842739863975,0.4795064012072239,0.5038693844802989,0.3777199045903714,0.10702465722022436,1.4234934666409282,24.2399,0.26590236636493725,0.5490940661804209,-12.813572751084953,-12.922824596816149,-0.6990263482834804,0.17673219493669118,0.6523251860396901,0.7586071520317311,0,0,0,0,0,0,1,0,0,0,0.0
50865_2008,0.00655212820385866,0.0028340429544564684,0.8178211285504449,0.9051376295989564,0.054174712416035394,0.06524961102376088,1.759570245562578,0.9162170893392012,0.3866915665643746,0.06931523114102235,-11.65420522125008,-12.353305589074822,0.7410903400381267,-0.6730741736314829,2.7080502011022096,2.110213200346589,0,0,0,0,0,1,0,0,0,0,0.0
50865_2009,0.0028340429544564684,-0.00033433634236041467,0.9051376295989564,0.9408328612781348,0.06524961102376088,0.05518281961601559,0.9162170893392012,0.5710717187829175,0.06931523114102235,0.19807586134615732,-12.353305589074822,-12.345351634108308,-0.6730741736314829,-0.0973973804576494,2.110213200346589,1.6094379124341005,0,0,0,0,0,1,0,0,0,0,0.0
50865_2010,-0.00033433634236041467,-0.01387365996418683,0.9408328612781348,0.9466200990252612,0.05518281961601559,0.04755204348066168,0.5710717187829175,0.6220519217974798,0.19807586134615732,0.1081351187077129,-12.345351634108308,-12.630164727031984,-0.0973973804576494,-0.3479682568389525,1.6094379124341005,1.5581656704565252,0,0,0,0,0,1,0,0,0,0,0.0
50867_2008,-0.0016697528662367699,0.0018943989646790374,0.4114725979596965,0.6002264764604965,0.06372459313343859,0.059231135526457424,1.5606778568038606,0.6490099911182162,0.1242678588810641,0.1373976635544937,-10.525944225443457,-11.48575050171263,-0.07697309682998978,-0.9800463562005034,2.537657215173529,1.5602476682433286,0,1,0,0,0,0,0,0,0,0,0.0
50867_2009,0.0018943989646790374,-0.9809114789843364,0.6002264764604965,0.7607009673619142,0.059231135526457424,0.11809540770833055,0.6490099911182162,0.5622064758785792,0.1373976635544937,0.309010223967993,-11.48575050171263,-12.18696400520276,-0.9800463562005034,-1.013614275395371,1.5602476682433286,0.12221763272424913,0,1,0,0,0,0,0,0,0,0,0.0
50867_2010,-0.9809114789843364,-0.052445653838635364,0.7607009673619142,0.5871162019032365,0.11809540770833055,0.041307148191691456,0.5622064758785792,1.0775354049963568,0.309010223967993,0.22982273862416774,-12.18696400520276,-11.804920397812385,-1.013614275395371,0.447243332538673,0.12221763272424913,0.7419373447293773,0,1,0,0,0,0,0,0,0,0,0.0
50869_2008,0.0,0.0,0.0,0.0,0.0,0.0,0.0,0.0,0.0,0.0,0.0,0.0,0.0,0.0,0.0,0.0,0,0,0,0,1,0,0,0,0,0,0.0
50869_2009,0.0,0.0,0.0,0.0,0.0,0.0,0.0,0.0,0.0,0.0,0.0,0.0,0.0,0.0,0.0,0.0,0,0,0,0,1,0,0,0,0,0,0.0
50869_2010,0.0,-0.21142552975700807,0.0,0.2786614334511713,0.0,0.2214747883590343,0.0,2.850103023282188,0.0,0.7893110402936687,0.0,-11.89009123629169,0.0,1.4756453685095758,0.0,1.5238800240724537,0,0,0,0,1,0,0,0,0,0,0.0
50870_2008,0.02249753718293657,0.020328003407738705,0.02141059247581381,0.010462640918775095,0.17232510116904232,0.08098941482287614,3.3971164088615065,5.033271002524367,0.19153853611218136,0.13510186404412294,-10.27000978685988,-9.317169274107878,-1.3695941757452197,0.8165053515654097,2.61885462229774,2.7080502011022096,0,0,0,0,0,0,1,0,0,0,0.0
50870_2009,0.020328003407738705,0.03392923697772752,0.010462640918775095,0.05992166001933511,0.08098941482287614,0.2127146102778742,5.033271002524367,2.2728846779954313,0.13510186404412294,0.3021706287703995,-9.317169274107878,-10.079718247334686,0.8165053515654097,-0.272003426390316,2.7080502011022096,2.3664984187376983,0,0,0,0,0,0,1,0,0,0,0.0
50870_2010,0.03392923697772752,0.023746295253521683,0.05992166001933511,0.050391117723074585,0.2127146102778742,0.17858867021519007,2.2728846779954313,2.716978809459061,0.3021706287703995,0.14407229705224112,-10.079718247334686,-9.91284660920621,-0.272003426390316,0.3227046937747205,2.3664984187376983,2.7080502011022096,0,0,0,0,0,0,1,0,0,0,0.0
50950_2008,0.018243773654412057,-0.006599796990970042,0.4473375492823092,0.6870271830904824,0.002409844620937361,0.005115928785292749,11.430647929993714,4.669439781507079,0.07175370420813029,0.13740671741056618,-10.13666826707865,-9.760885854911155,1.5102842936660212,0.045778031214990855,2.7080502011022096,2.7080502011022096,0,0,0,0,0,0,0,0,0,0,0.0
50950_2009,-0.006599796990970042,-0.03848756559994524,0.6870271830904824,0.945366604604838,0.005115928785292749,0.0038459870312899267,4.669439781507079,104.551,0.13740671741056618,0.3120798340085512,-9.760885854911155,-11.226621595618157,0.045778031214990855,-1.6052242059418873,2.7080502011022096,1.3297240096314962,0,0,0,0,0,0,0,0,0,0,0.0
50950_2010,-0.03848756559994524,0.0024674792653773033,0.945366604604838,0.8851364858484407,0.0038459870312899267,0.0006745054844389505,104.551,31.79833790699524,0.3120798340085512,0.33333171891001195,-11.226621595618157,-10.876897414460199,-1.6052242059418873,0.6352026146787686,1.3297240096314962,1.913977101952304,0,0,0,0,0,0,0,0,0,0,0.0
50954_2008,-0.002493593121579224,0.005778111155387825,0.002780940766448705,0.005520264410116969,0.07017613923600594,0.1180000468812264,5.395533270687887,3.1773807606900664,0.2865981863698342,0.24621094209739644,-11.037586149662307,-11.925757641936496,-1.4433161915586772,-0.4599712921791164,1.9960599327407849,1.1151415906193205,0,0,0,0,0,0,0,0,0,0,0.0
50954_2009,0.005778111155387825,0.004832052406466014,0.005520264410116969,0.016512110266396766,0.1180000468812264,0.1029902610763111,3.1773807606900664,3.331629560320957,0.24621094209739644,0.3080135572702035,-11.925757641936496,-11.326144688974015,-0.4599712921791164,0.273265607639526,1.1151415906193205,1.2178757094949273,0,0,0,0,0,0,0,0,0,0,0.0
50954_2010,0.004832052406466014,-0.0035058967089572,0.016512110266396766,0.0042803335939208785,0.1029902610763111,0.07331510267044675,3.331629560320957,3.8874583855641833,0.3080135572702035,0.2329405544314064,-11.326144688974015,-10.862284031817467,0.273265607639526,0.6669654345279833,1.2178757094949273,1.8180767775454283,0,0,0,0,0,0,0,0,0,0,0.0
50964_2008,0.03802385831500128,0.0682950949808951,0.5272227954041686,0.5593257320815669,0.026971627354194932,0.005361734640305798,6.1590785712884175,4.844213923127364,0.02069404893890392,0.03494699694725493,-7.537700870776278,-7.636008801400694,4.473767032023749,-0.15049965737640958,2.6546494243750947,2.5664866367804238,0,0,0,0,0,0,0,1,0,0,0.0
50964_2009,0.0682950949808951,0.03497611759162268,0.5593257320815669,0.65740185160702,0.005361734640305798,0.025136700939363432,4.844213923127364,6.4032389382213095,0.03494699694725493,0.13995796777199493,-7.636008801400694,-7.571594635550923,-0.15049965737640958,0.18754191593255956,2.5664866367804238,2.2192034840549946,0,0,0,0,0,0,0,1,0,0,0.0
50964_2010,0.03497611759162268,0.024442584843171404,0.65740185160702,0.6492228207955905,0.025136700939363432,0.07766823147924333,6.4032389382213095,6.716960983005938,0.13995796777199493,0.08274244709934457,-7.571594635550923,-7.634364495859394,0.18754191593255956,-0.060731775118106235,2.2192034840549946,2.39698576841553,0,0,0,0,0,0,0,1,0,0,0.0
50965_2008,0.0,0.0,0.0,0.0,0.0,0.0,0.0,0.0,0.0,0.0,0.0,0.0,0.0,0.0,0.0,0.0,0,0,1,0,0,0,0,0,0,0,0.0
50965_2009,0.0,0.0,0.0,0.0,0.0,0.0,0.0,0.0,0.0,0.0,0.0,0.0,0.0,0.0,0.0,0.0,0,0,1,0,0,0,0,0,0,0,0.0
50965_2010,0.0,0.028539471598988668,0.0,0.6491025212821178,0.0,0.02366925460257422,0.0,1.2961144123457882,0.0,0.3395814909320468,0.0,-7.921396685261625,0.0,0.8943055871566229,0.0,2.7080502011022096,0,0,1,0,0,0,0,0,0,0,0.0
50969_2008,-0.11953265924172968,-0.23125908006907706,0.013636288414119516,0.027651380170499715,0.0836877554735466,0.13030755735862504,5.421411679097691,4.7083242425323375,0.11060234448315494,0.22250060570332328,-12.271694689416472,-11.638340999982825,-2.4328893067498174,0.3777761072712369,1.6174060820832772,2.174751721484161,0,0,0,0,1,0,0,0,0,0,0.0
50969_2009,-0.23125908006907706,-0.4185503821144762,0.027651380170499715,0.12437744136982296,0.13030755735862504,0.03879334783607722,4.7083242425323375,8.619895478674183,0.22250060570332328,0.3099477447864295,-11.638340999982825,-12.49721069488541,0.3777761072712369,-0.15867385942364134,2.174751721484161,0.7561219797213337,0,0,0,0,1,0,0,0,0,0,0.0
50969_2010,-0.4185503821144762,-0.15986698109915093,0.12437744136982296,0.16644812611867002,0.03879334783607722,0.0120031110867365,8.619895478674183,117.83760924725101,0.3099477447864295,0.2089689684643412,-12.49721069488541,-11.907996894710847,-0.15867385942364134,-0.08780092357345172,0.7561219797213337,1.1969481893889715,0,0,0,0,1,0,0,0,0,0,0.0
50979_2008,0.0,0.0,0.0,0.0,0.0,0.0,0.0,0.0,0.0,0.0,0.0,0.0,0.0,0.0,0.0,0.0,0,0,0,0,0,1,0,0,0,0,0.0
50979_2009,0.0,0.003049623632920823,0.0,0.9340280873661256,0.0,0.011031839702835484,0.0,0.4840460506255288,0.0,0.06216507459457232,0.0,-12.793091147841036,0.0,-0.13938882145391435,0.0,1.5260780423891926,0,0,0,0,0,1,0,0,0,0,0.0
50979_2010,0.003049623632920823,0.006692499737091854,0.9340280873661256,0.9162228316188292,0.011031839702835484,0.009432533267126576,0.4840460506255288,0.57417762320471,0.06216507459457232,0.14664940510434255,-12.793091147841036,-12.850806001122288,-0.13938882145391435,-0.2453068477926738,1.5260780423891926,1.7029282555214391,0,0,0,0,0,1,0,0,0,0,0.0
51091_2008,-0.09074786024605272,-0.08199120089979603,0.2236952233212569,0.12769003178028734,0.0457452583105293,0.038727949279580204,1.4459616790063037,1.9187343162742396,0.1621918460935347,0.2410195613840925,-9.790834656695381,-9.6415990649394,-1.053854534912137,-0.2537439648561542,1.6134299337036375,1.4060969884160703,0,0,0,0,0,0,0,0,0,0,0.0
51091_2009,-0.08199120089979603,-0.32303133089351066,0.12769003178028734,0.2841988753012586,0.038727949279580204,0.11516558064804072,1.9187343162742396,0.5895076703217212,0.2410195613840925,0.2896021043524024,-9.6415990649394,-10.710199119344594,-0.2537439648561542,-1.0638868768086522,1.4060969884160703,-0.31471074483970024,0,0,0,0,0,0,0,0,0,0,0.0
51091_2010,-0.32303133089351066,-0.17763703432297592,0.2841988753012586,0.23520839244833924,0.11516558064804072,0.05153542905786062,0.5895076703217212,0.7180819487802663,0.2896021043524024,0.16575279478181668,-10.710199119344594,-10.343011071099644,-1.0638868768086522,-0.12647486500151014,-0.31471074483970024,0.13976194237515865,0,0,0,0,0,0,0,0,0,0,1.0
51092_2008,0.0,0.022911959013972808,0.0,0.022397642772529543,0.0,0.8544451855022547,0.0,1.405533284577304,0.0,0.012666648569469972,0.0,-12.242664675356304,0.0,0.04008820709296845,0.0,1.7526720805200082,0,0,0,0,0,0,0,0,0,0,0.0
51092_2009,0.022911959013972808,0.018411731108817195,0.022397642772529543,0.4810433183297265,0.8544451855022547,0.09046703311098653,1.405533284577304,1.2747504442160529,0.012666648569469972,0.051091504232480836,-12.242664675356304,-11.915842197262595,0.04008820709296845,0.13627442197865625,1.7526720805200082,1.4678743481123135,0,0,0,0,0,0,0,0,0,0,0.0
51092_2010,0.018411731108817195,-0.06186277787063345,0.4810433183297265,0.5087539695804779,0.09046703311098653,0.02956292829684105,1.2747504442160529,0.8772836406170423,0.051091504232480836,0.09146421132809962,-11.915842197262595,-12.511370520305604,0.13627442197865625,-0.4567325268658971,1.4678743481123135,1.1069110914828049,0,0,0,0,0,0,0,0,0,0,0.0
51093_2008,-0.09760055218178408,-0.10461716854254527,0.07600572363866807,0.07830338195395815,0.21417226214910928,0.11735433959223145,3.9312158090467193,4.4516522438600346,0.09423078611938976,0.21838694151383187,-12.536570635282773,-11.961671320553991,-0.1947033062745265,0.2037303611630719,1.1282034528455478,1.5686159179138452,0,0,1,0,0,0,0,0,0,0,0.0
51093_2009,-0.10461716854254527,-0.9603896974481968,0.07830338195395815,0.37979114838594347,0.11735433959223145,0.5455168407096783,4.4516522438600346,0.6881778015798634,0.21838694151383187,0.2625701264998683,-11.961671320553991,-13.76556269096173,0.2037303611630719,-1.8748515989858892,1.5686159179138452,-0.916290731874155,0,0,1,0,0,0,0,0,0,0,0.0
51093_2010,-0.9603896974481968,-0.1120719551266755,0.37979114838594347,0.07578577632696695,0.5455168407096783,0.21122660328914086,0.6881778015798634,2.9238104440565986,0.2625701264998683,0.4022943566077154,-13.76556269096173,-12.450498755803853,-1.8748515989858892,1.1859901919335791,-0.916290731874155,0.6151856390902335,0,0,1,0,0,0,0,0,0,0,0.0
51094_2008,0.0,0.0,0.0,0.0,0.0,0.0,0.0,0.0,0.0,0.0,0.0,0.0,0.0,0.0,0.0,0.0,0,0,0,0,0,1,0,0,0,0,0.0
51094_2009,0.0,0.0,0.0,0.0,0.0,0.0,0.0,0.0,0.0,0.0,0.0,0.0,0.0,0.0,0.0,0.0,0,0,0,0,0,1,0,0,0,0,0.0
51094_2010,0.0,0.0,0.0,0.0,0.0,0.0,0.0,0.0,0.0,0.0,0.0,0.0,0.0,0.0,0.0,0.0,0,0,0,0,0,1,0,0,0,0,0.0
51096_2008,0.0,0.02200292469838459,0.0,0.5486173276080523,0.0,0.030395566276433576,0.0,4.987776017893784,0.0,0.08233849413766148,0.0,-8.512044108714129,0.0,0.043334362535673104,0.0,2.7080502011022096,0,0,1,0,0,0,0,0,0,0,0.0
51096_2009,0.02200292469838459,0.028039406733788026,0.5486173276080523,0.7370929408799772,0.030395566276433576,0.014848191998574756,4.987776017893784,4.1709473463284095,0.08233849413766148,0.1541507641846499,-8.512044108714129,-8.792981841017028,0.043334362535673104,-0.2772464010196337,2.7080502011022096,2.545531271604435,0,0,1,0,0,0,0,0,0,0,0.0
51096_2010,0.028039406733788026,0.00969090925891992,0.7370929408799772,0.5653666597459834,0.014848191998574756,0.007359028903732591,4.1709473463284095,4.3294585609501155,0.1541507641846499,0.2433897775954417,-8.792981841017028,-8.372744402770381,-0.2772464010196337,0.6898178288481733,2.545531271604435,2.7080502011022096,0,0,1,0,0,0,0,0,0,0,0.0
51097_2008,-0.09622663346763094,-0.04831197844731866,0.00901660368859638,0.01049067430084823,0.13983946848176973,0.10048455580931026,3.517313698300105,4.5646869941795485,0.24688297907411666,0.20131664641445965,-11.562582161543608,-9.870397892504366,-1.7314472985936655,1.361609587168995,1.0715836162801904,2.4570214462984645,1,0,0,0,0,0,0,0,0,0,0.0
51097_2009,-0.04831197844731866,-0.15554536380068526,0.01049067430084823,0.08504599778778968,0.10048455580931026,0.996865136104891,4.5646869941795485,0.7692349565898232,0.20131664641445965,0.2743472745490564,-9.870397892504366,-11.436263001227026,1.361609587168995,-1.7258251683005792,2.4570214462984645,0.16551443847757333,1,0,0,0,0,0,0,0,0,0,0.0
51097_2010,-0.15554536380068526,-0.06580884007018582,0.08504599778778968,0.031596470142106994,0.996865136104891,0.3124554107991028,0.7692349565898232,1.3760524443559574,0.2743472745490564,0.2423931075848613,-11.436263001227026,-11.095726771414087,-1.7258251683005792,0.5410323945096756,0.16551443847757333,0.7323678937132266,1,0,0,0,0,0,0,0,0,0,0.0
51099_2008,0.0,0.020240891750148104,0.0,0.02428725287212893,0.0,0.008089693530546997,0.0,1.2591431793828245,0.0,0.011275319177964252,0.0,-10.418513100788775,0.0,0.014365891418548831,0.0,2.0515563381903004,0,1,0,0,0,0,0,0,0,0,0.0
51099_2009,0.020240891750148104,-0.047026139885044366,0.02428725287212893,0.8022335518829432,0.008089693530546997,0.03780951563706313,1.2591431793828245,0.5472342460578901,0.011275319177964252,0.2117110734065222,-10.418513100788775,-11.300137857323241,0.014365891418548831,-0.5958359070538495,2.0515563381903004,1.0508216248317612,0,1,0,0,0,0,0,0,0,0,0.0
51099_2010,-0.047026139885044366,0.05808870955028339,0.8022335518829432,0.8935289363997584,0.03780951563706313,0.046384329455406346,0.5472342460578901,0.25669584760362396,0.2117110734065222,0.2123671715832751,-11.300137857323241,-11.905648410661232,-0.5958359070538495,-1.1586099758574606,1.0508216248317612,0.3618614706260324,0,1,0,0,0,0,0,0,0,0,0.0
51103_2008,-0.025628679643919967,-0.026009333073851244,0.048262113033508115,0.0714206703510757,0.048954562436391284,0.0459614550793323,4.081605310519242,4.925770185510995,0.047250830892998835,0.09648968392396612,-11.590666000821018,-11.31452487003393,-0.8673329008795807,0.2745197833839029,1.4158531633614349,1.6677068205580758,1,0,0,0,0,0,0,0,0,0,0.0
51103_2009,-0.026009333073851244,-0.011633388012142469,0.0714206703510757,0.15860625600995534,0.0459614550793323,0.08871165412825009,4.925770185510995,2.235867065490237,0.09648968392396612,0.15855468707093845,-11.31452487003393,-12.077966382192313,0.2745197833839029,-0.9217888746359456,1.6677068205580758,0.4054651081081644,1,0,0,0,0,0,0,0,0,0,0.0
51103_2010,-0.011633388012142469,-0.022911535303776685,0.15860625600995534,0.1222162356321839,0.08871165412825009,0.08397475369458128,2.235867065490237,3.408892763731473,0.15855468707093845,0.23294359829616398,-12.077966382192313,-11.885087433778878,-0.9217888746359456,0.2738488436062354,0.4054651081081644,0.8329091229351039,1,0,0,0,0,0,0,0,0,0,0.0
51110_2008,0.011274053856241044,0.02535448851285289,0.04364084003886084,0.06691043209213061,0.04165042019369427,0.05035182394809405,4.893311202107835,3.842751614288029,0.12729647783055187,0.1347043196026701,-9.804807911749384,-9.64584885694577,3.868694068932332,0.2780796095621663,2.7080502011022096,2.7080502011022096,0,1,0,0,0,0,0,0,0,0,0.0
51110_2009,0.02535448851285289,0.03824859645656832,0.06691043209213061,0.2879110171685921,0.05035182394809405,0.009619091643186363,3.842751614288029,1.9791700263326732,0.1347043196026701,0.15760062848456996,-9.64584885694577,-10.18251770913669,0.2780796095621663,-0.32861495539882185,2.7080502011022096,1.8794650496471603,0,1,0,0,0,0,0,0,0,0,0.0
51110_2010,0.03824859645656832,0.01620521572149941,0.2879110171685921,0.3085078538402046,0.009619091643186363,0.06792628463386463,1.9791700263326732,1.6903225676824782,0.15760062848456996,0.3403892483180198,-10.18251770913669,-10.521595474285675,-0.32861495539882185,0.2813081466613249,1.8794650496471603,1.7749523509116738,0,1,0,0,0,0,0,0,0,0,0.0
51196_2008,0.0,0.0,0.0,0.0,0.0,0.0,0.0,0.0,0.0,0.0,0.0,0.0,0.0,0.0,0.0,0.0,0,0,0,0,0,0,1,0,0,0,0.0
51196_2009,0.0,0.0,0.0,0.0,0.0,0.0,0.0,0.0,0.0,0.0,0.0,0.0,0.0,0.0,0.0,0.0,0,0,0,0,0,0,1,0,0,0,0.0
51196_2010,0.0,0.0,0.0,0.0,0.0,0.0,0.0,0.0,0.0,0.0,0.0,0.0,0.0,0.0,0.0,0.0,0,0,0,0,0,0,1,0,0,0,0.0
51198_2008,0.08571787620734618,0.03347950981259907,0.0930057766916854,0.14691943127962087,0.08671440955199222,0.1475084286162586,4.909673712697675,3.4968979131415683,0.06541108682629909,0.07083101721961414,-9.632931815265245,-9.540317732875037,-0.3964542412925315,0.1507298593487531,2.7080502011022096,2.7080502011022096,0,0,0,0,0,0,1,0,0,0,0.0
51198_2009,0.03347950981259907,0.022334417685496318,0.14691943127962087,0.17337435947977184,0.1475084286162586,0.19059802178801435,3.4968979131415683,3.129725281200145,0.07083101721961414,0.20040983997700465,-9.540317732875037,-9.555796169160603,0.1507298593487531,0.09196965303203114,2.7080502011022096,2.596000697293587,0,0,0,0,0,0,1,0,0,0,0.0
51198_2010,0.022334417685496318,0.01758053278614144,0.17337435947977184,0.12199390083032075,0.19059802178801435,0.1667413954730582,3.129725281200145,3.921621296911925,0.20040983997700465,0.11957952931601708,-9.555796169160603,-9.19511741876093,0.09196965303203114,0.28327318493559195,2.596000697293587,2.7080502011022096,0,0,0,0,0,0,1,0,0,0,0.0
511_2008,0.030206986027772945,0.03121105806535932,0.5404205369922888,0.4733051477832793,0.014519441820802056,0.027302566010825344,1.477463693931738,1.603389759486861,0.0412488565669046,0.05597641217408953,-9.244158582933007,-8.952558870121413,-0.0680817127120381,0.15668350053827254,2.7080502011022096,2.7080502011022096,0,0,0,0,0,0,0,0,1,0,0.0
511_2009,0.03121105806535932,0.03117194776260289,0.4733051477832793,0.6910018084950736,0.027302566010825344,0.049982800251891175,1.603389759486861,0.9923607890842644,0.05597641217408953,0.08765884786616694,-8.952558870121413,-8.932547640296361,0.15668350053827254,0.05768685565262155,2.7080502011022096,2.7080502011022096,0,0,0,0,0,0,0,0,1,0,0.0
511_2010,0.03117194776260289,0.02493574966470276,0.6910018084950736,0.6827056947100468,0.049982800251891175,0.039871210392081836,0.9923607890842644,0.9607608914778829,0.08765884786616694,0.1390670298312713,-8.932547640296361,-9.168667456437268,0.05768685565262155,-0.29180234802771304,2.7080502011022096,2.7080502011022096,0,0,0,0,0,0,0,0,1,0,0.0
51200_2008,0.092981160369071,0.013814328755099357,0.16989426604520688,0.4006167684223457,0.00874277497076416,0.01261684002476456,1.7047414746551723,1.6008952160347538,0.09643567055073972,0.1115576449832236,-11.701991636265992,-10.417603254684792,-0.7492174029893907,0.267641608662924,2.7080502011022096,2.7080502011022096,0,0,0,0,0,0,0,0,0,0,0.0
51200_2009,0.013814328755099357,0.2970448591287957,0.4006167684223457,0.688334950831524,0.01261684002476456,0.05483905091608537,1.6008952160347538,0.5433771455370151,0.1115576449832236,0.1424569536825952,-10.417603254684792,-10.615556341822522,0.267641608662924,-0.3018321046385685,2.7080502011022096,2.6858045921548905,0,0,0,0,0,0,0,0,0,0,0.0
51200_2010,0.2970448591287957,0.0013178514758955151,0.688334950831524,0.3367288103736034,0.05483905091608537,0.017576960890561037,0.5433771455370151,1.259018428063246,0.1424569536825952,0.12327654517301645,-10.615556341822522,-9.546054854819927,-0.3018321046385685,0.239704736720492,2.6858045921548905,2.7080502011022096,0,0,0,0,0,0,0,0,0,0,0.0
51205_2008,0.03912047338838616,0.06812558719179831,0.3358552143598872,0.3833853256517629,0.009879839786381841,0.004590867684071033,1.6419475985095209,1.9839954365947887,0.19663529180935035,0.1291159429285726,-11.05378559986924,-10.464667279168683,2.8785168032188144,0.5955882128701009,2.67552700939665,2.7080502011022096,0,1,0,0,0,0,0,0,0,0,0.0
51205_2009,0.06812558719179831,0.05045504928163519,0.3833853256517629,0.3479840289207928,0.004590867684071033,0.006527555030134609,1.9839954365947887,1.6891489702525493,0.1291159429285726,0.1253366658356822,-10.464667279168683,-9.959576223197443,0.5955882128701009,0.36710241954643424,2.7080502011022096,2.7080502011022096,0,1,0,0,0,0,0,0,0,0,0.0
51205_2010,0.05045504928163519,0.02861223005174928,0.3479840289207928,0.338732916939807,0.006527555030134609,0.003011476888162733,1.6891489702525493,1.5310236958522034,0.1253366658356822,0.07505059818413791,-9.959576223197443,-9.863407380571477,0.36710241954643424,-0.1750341977922386,2.7080502011022096,2.7080502011022096,0,1,0,0,0,0,0,0,0,0,0.0
51209_2008,0.012905157040794122,0.009543030422207164,0.8483977499180546,0.8944996491700601,0.05063692381520327,0.029232698503952763,1.47299809839482,1.2505292526674094,0.019332044872005464,0.032187765215687274,-11.232784857923011,-11.312057440195154,1.6017553175800825,-0.1120051333897492,2.7080502011022096,2.7080502011022096,0,0,0,0,0,1,0,0,0,0,0.0
51209_2009,0.009543030422207164,0.008677101815787297,0.8944996491700601,0.9188957920329712,0.029232698503952763,0.03291600664538413,1.2505292526674094,1.0060042019272817,0.032187765215687274,0.09528093666038613,-11.312057440195154,-11.001441996742072,-0.1120051333897492,0.2458265243073473,2.7080502011022096,2.7080502011022096,0,0,0,0,0,1,0,0,0,0,0.0
51209_2010,0.008677101815787297,0.0061576251906733,0.9188957920329712,0.9267348307838088,0.03291600664538413,0.09578756793944652,1.0060042019272817,0.9777040167990514,0.09528093666038613,0.12453373494965528,-11.001441996742072,-11.23037319052331,0.2458265243073473,-0.09150863333041978,2.7080502011022096,2.7080502011022096,0,0,0,0,0,1,0,0,0,0,0.0
51213_2008,-0.18964770154250052,-0.3254622069733165,0.031638041266456245,0.07774495593514731,0.30172432104062497,0.4284657113675701,2.7632185050585374,2.1620974483014725,0.0389007446857662,0.08290309619765722,-11.846567777905571,-12.047455660047838,-1.208655880116801,-0.42619277578395703,1.786746927404511,1.2641267271456829,0,0,0,0,1,0,0,0,0,0,0.0
51213_2009,-0.3254622069733165,-1.3628948619333652,0.07774495593514731,0.315133313167106,0.4284657113675701,0.6146558057128041,2.1620974483014725,1.7290105796006536,0.08290309619765722,0.18507153531907988,-12.047455660047838,-13.336329314985399,-0.42619277578395703,-1.3184444163267417,1.2641267271456829,-0.5447271754416722,0,0,0,0,1,0,0,0,0,0,0.0
51213_2010,-1.3628948619333652,-0.05285356749488325,0.315133313167106,0.14947422827157988,0.6146558057128041,0.3374709612867829,1.7290105796006536,3.2734188135563467,0.18507153531907988,0.3339106207671087,-13.336329314985399,-11.293577752161779,-1.3184444163267417,0.9569119050995548,-0.5447271754416722,1.0851892683359692,0,0,0,0,1,0,0,0,0,0,0.0
51304_2008,-0.27042869958268995,-0.13563600830793554,0.6496792356357676,0.7402788726895287,0.06783457009104482,0.07795090125312427,0.8090101702297352,0.7787138892451593,0.1570898796480629,0.16979051066173353,-10.739216296049644,-11.098404908748005,0.5470292708322769,-0.33068639112458725,2.2038691200548883,1.8484548129046,0,0,1,0,0,0,0,0,0,0,1.0
51304_2009,-0.13563600830793554,-0.3066316037894879,0.7402788726895287,0.9708793616955852,0.07795090125312427,0.11226678314773793,0.7787138892451593,0.2342766175536527,0.16979051066173353,0.4325282818505717,-11.098404908748005,-13.121311568232029,-0.33068639112458725,-2.1125574433782703,1.8484548129046,-0.6733445532637656,0,0,1,0,0,0,0,0,0,0,1.0
51304_2010,-0.3066316037894879,0.0,0.9708793616955852,0.0,0.11226678314773793,0.0,0.2342766175536527,0.0,0.4325282818505717,0.0,-13.121311568232029,0.0,-2.1125574433782703,0.0,-0.6733445532637656,0.0,0,0,1,0,0,0,0,0,0,0,1.0
51306_2008,0.03689758429094922,0.03928462810344832,0.02057504427172674,0.014372242957675554,0.2026019324597524,0.15108821963482888,3.3669090932604915,3.93253791549886,0.08578279717768064,0.11454860296221188,-10.278616285647603,-9.694798213056878,3.1838682266111946,0.35934025906482203,2.7080502011022096,2.7080502011022096,0,0,0,0,0,1,0,0,0,0,0.0
51306_2009,0.03928462810344832,0.04091008184615117,0.014372242957675554,0.039778182348431584,0.15108821963482888,0.43495836948722333,3.93253791549886,1.9251653756276572,0.11454860296221188,0.1690476538012802,-9.694798213056878,-10.069486996707123,0.35934025906482203,-0.2589132868839679,2.7080502011022096,2.586259144048288,0,0,0,0,0,1,0,0,0,0,0.0
51306_2010,0.04091008184615117,0.038082046499948015,0.039778182348431584,0.04530292063266768,0.43495836948722333,0.3809519792018973,1.9251653756276572,2.201288671251516,0.1690476538012802,0.15685816613212394,-10.069486996707123,-10.158254502336568,-0.2589132868839679,-0.12370390115172453,2.586259144048288,2.7080502011022096,0,0,0,0,0,1,0,0,0,0,0.0
51308_2008,0.02231745621004889,0.03864238957541381,0.06098167914330686,0.05263103748043162,0.13725600700416965,0.1468136460617741,3.4067304953775683,2.9747287287481305,0.1086372599377678,0.1211858929182468,-9.971457734868324,-9.86774594087769,-1.6237868395273662,-0.08561445570147809,2.7080502011022096,2.7080502011022096,0,0,0,0,0,0,1,0,0,0,0.0
51308_2009,0.03864238957541381,0.05009758389033052,0.05263103748043162,0.1412975788833538,0.1468136460617741,0.3912778465271227,2.9747287287481305,1.3804843143437744,0.1211858929182468,0.1874573805075312,-9.86774594087769,-10.35883672223174,-0.08561445570147809,-0.3749128329847284,2.7080502011022096,2.1482677326096886,0,0,0,0,0,0,1,0,0,0,0.0
51308_2010,0.05009758389033052,0.02742220899356656,0.1412975788833538,0.07691112369741003,0.3912778465271227,0.2387622463121569,1.3804843143437744,2.2155408137646306,0.1874573805075312,0.1012131068650799,-10.35883672223174,-9.843790903427845,-0.3749128329847284,0.5288026171832417,2.1482677326096886,2.7080502011022096,0,0,0,0,0,0,1,0,0,0,0.0
51311_2008,-0.011938230860123049,-0.027020455977101683,0.0638063806380638,0.11571643808871256,0.31381656684186937,0.2107945524403137,1.6765444665167213,1.8004985623298544,0.0513759742349277,0.0777493523488844,-11.838613192182931,-11.805498563970165,-2.55402262771302,-0.036138180859607,1.791759469228055,1.824549292051046,0,0,0,0,1,0,0,0,0,0,0.0
51311_2009,-0.027020455977101683,-0.07400939298451699,0.11571643808871256,0.19319712091401825,0.2107945524403137,0.4746516712410756,1.8004985623298544,0.8066621846022555,0.0777493523488844,0.1890314560757982,-11.805498563970165,-12.289216681740179,-0.036138180859607,-0.449978046931605,1.824549292051046,0.836381348645853,0,0,0,0,1,0,0,0,0,0,0.0
51311_2010,-0.07400939298451699,0.018326108396981584,0.19319712091401825,0.0996926535012271,0.4746516712410756,0.2752356705429024,0.8066621846022555,1.5320380467661419,0.1890314560757982,0.07238034670614307,-12.289216681740179,-11.747663371678135,-0.449978046931605,0.5613258088888018,0.836381348645853,1.6094379124341005,0,0,0,0,1,0,0,0,0,0,0.0
51317_2008,0.017046913020417914,0.0047540982553604845,0.39493094834182896,0.3910285958849485,0.03343954589070768,0.068792583221341,1.8788951027533918,1.9980215959617633,0.04408179922252858,0.13684403478781856,-10.436179535355427,-10.026598606931016,-1.108459604717842,0.09685436968839987,2.5787005290743608,2.7080502011022096,0,1,0,0,0,0,0,0,0,0,0.0
51317_2009,0.0047540982553604845,0.08762119059945928,0.3910285958849485,0.8263749684716378,0.068792583221341,0.1997478468525476,1.9980215959617633,0.27365345354361764,0.13684403478781856,0.2560833429653874,-10.026598606931016,-11.23632356912182,0.09685436968839987,-1.1954827051919066,2.7080502011022096,1.1600209167967532,0,1,0,0,0,0,0,0,0,0,0.0
51317_2010,0.08762119059945928,-0.06788048890036948,0.8263749684716378,0.7571354767651005,0.1997478468525476,0.09347496713151687,0.27365345354361764,0.528712095032814,0.2560833429653874,0.1828999738443018,-11.23632356912182,-11.165510020730018,-1.1954827051919066,0.4393762104156019,1.1600209167967532,1.5602476682433286,0,1,0,0,0,0,0,0,0,0,0.0
51320_2008,-0.04516239903763534,-0.01585840379363962,0.07884516239903765,0.09224949523861097,0.1727100876439251,0.08263775537831962,2.1962632139637788,3.342215032049593,0.14548987885831274,0.1968065779537839,-13.071585373937205,-12.52183258784291,3.2590267850875514,0.458047906317393,0.6151856390902335,1.1631508098056809,0,0,0,0,1,0,0,0,0,0,0.0
51320_2009,-0.01585840379363962,0.030909511089360606,0.09224949523861097,0.0771378370479123,0.08263775537831962,0.08987377908280826,3.342215032049593,4.382953276217162,0.1968065779537839,0.1508191419565787,-12.52183258784291,-11.188411053868306,0.458047906317393,1.3294287922384276,1.1631508098056809,1.9530276168241771,0,0,0,0,1,0,0,0,0,0,0.0
51320_2010,0.030909511089360606,0.049110091277031725,0.0771378370479123,0.20533098508069295,0.08987377908280826,0.25122351865336745,4.382953276217162,1.7779141731880719,0.1508191419565787,0.24610025300214725,-11.188411053868306,-12.4853973471723,1.3294287922384276,-1.3599689370841783,1.9530276168241771,0.8754687373538999,0,0,0,0,1,0,0,0,0,0,0.0
51321_2008,0.31031506233436673,0.03239535297691222,0.4566750015281531,0.4917940096109633,0.057698492812538735,0.11466572633190608,1.0876933997819531,0.9413526549235682,0.04710369084489529,0.07896302957359343,-8.622005860845832,-8.63846449752935,4.595874034797565,-0.1104408968244045,2.7080502011022096,2.7080502011022096,0,1,0,0,0,0,0,0,0,0,0.0
51321_2009,0.03239535297691222,0.028582524841919223,0.4917940096109633,0.5647695186357002,0.11466572633190608,0.1252690903565596,0.9413526549235682,0.7284385538157189,0.07896302957359343,0.17059631306495907,-8.63846449752935,-8.759081899697241,-0.1104408968244045,-0.10895271526209743,2.7080502011022096,2.7080502011022096,0,1,0,0,0,0,0,0,0,0,0.0
51321_2010,0.028582524841919223,0.02140138824222604,0.5647695186357002,0.3841507874058256,0.1252690903565596,0.1568608829336902,0.7284385538157189,1.156725929265727,0.17059631306495907,0.24603350000859595,-8.759081899697241,-8.399783068230462,-0.10895271526209743,0.5568719970538382,2.7080502011022096,2.7080502011022096,0,1,0,0,0,0,0,0,0,0,0.0
51326_2008,0.0,-0.0021501851071679995,0.0,0.5895099100342253,0.0,0.002097785915980096,0.0,1.3103419717171652,0.0,0.055899551547982096,0.0,-8.552880089101345,0.0,-0.20765807121635813,0.0,2.7080502011022096,0,0,0,0,0,0,0,0,0,1,0.0
51326_2009,-0.0021501851071679995,-0.004609749079993349,0.5895099100342253,0.7378414471591971,0.002097785915980096,0.00190841932226067,1.3103419717171652,0.9061438768196748,0.055899551547982096,0.19081262936957966,-8.552880089101345,-8.504843518362819,-0.20765807121635813,-0.13787799299827946,2.7080502011022096,2.569554123848285,0,0,0,0,0,0,0,0,0,1,0.0
51326_2010,-0.004609749079993349,0.0,0.7378414471591971,0.0,0.00190841932226067,0.0,0.9061438768196748,0.0,0.19081262936957966,0.0,-8.504843518362819,0.0,-0.13787799299827946,0.0,2.569554123848285,0.0,0,0,0,0,0,0,0,0,0,1,0.0
51334_2008,-0.1889133898041654,-0.19825499667064775,0.036816133043207966,0.038076162895162385,0.2018330354367423,0.17439463921448425,3.613991030082573,3.561002521759715,0.043368518266293364,0.2000377791088272,-12.316246878310995,-12.584810239833699,-2.096870652209088,-0.3719468554424407,1.7900747174971854,1.4182774069729414,0,0,0,0,1,0,0,0,0,0,0.0
51334_2009,-0.19825499667064775,-1.8868021610496528,0.038076162895162385,0.3637766915358889,0.17439463921448425,0.05659891947517366,3.561002521759715,2.241660623640319,0.2000377791088272,0.4543778992153001,-12.584810239833699,-14.835009120881255,-0.3719468554424407,-2.5109885248290547,1.4182774069729414,-1.272965675812887,0,0,0,0,1,0,0,0,0,0,0.0
51334_2010,-1.8868021610496528,0.0,0.3637766915358889,0.0,0.05659891947517366,0.0,2.241660623640319,0.0,0.4543778992153001,0.0,-14.835009120881255,0.0,-2.5109885248290547,0.0,-1.272965675812887,0.0,0,0,0,0,1,0,0,0,0,0,0.0
51338_2008,0.0836793220048795,0.0640384230538323,0.6347643710139964,0.479210603285048,0.23819714933869796,0.17179538492326166,1.098862890036444,1.6752083426177635,0.008024808249658663,0.06306645862538975,-9.01715814555434,-8.251438953446277,4.200721807692743,0.06427629142620755,2.7080502011022096,2.7080502011022096,0,0,0,0,0,0,1,0,0,0,0.0
51338_2009,0.0640384230538323,0.06357779840774187,0.479210603285048,0.4169128196472277,0.17179538492326166,0.1351731510394689,1.6752083426177635,1.810107679006524,0.06306645862538975,0.06025139368657525,-8.251438953446277,-7.595012077714323,0.06427629142620755,0.4504316037361576,2.7080502011022096,2.7080502011022096,0,0,0,0,0,0,1,0,0,0,0.0
51338_2010,0.06357779840774187,0.049129896678937614,0.4169128196472277,0.2969541441117275,0.1351731510394689,0.08797909063230275,1.810107679006524,2.564649576791927,0.06025139368657525,0.03774407439953212,-7.595012077714323,-7.188355110799818,0.4504316037361576,-0.3380669611087806,2.7080502011022096,2.7080502011022096,0,0,0,0,0,0,1,0,0,0,0.0
51340_2008,0.04962514560651622,0.07454349278843375,0.3590427053043901,0.5010406322012901,0.02237113071563415,0.03797886793926845,2.040518511892855,2.03945391294974,0.015494825540162084,0.11295235499321588,-9.185004011006276,-9.097235428169114,-1.5137425469782042,0.0724900814585724,2.7080502011022096,2.7080502011022096,0,1,0,0,0,0,0,0,0,0,0.0
51340_2009,0.07454349278843375,0.038694612380133685,0.5010406322012901,0.8761943315841323,0.03797886793926845,0.07559112301175025,2.03945391294974,1.5756755069312112,0.11295235499321588,0.23095345402975456,-9.097235428169114,-9.965973376265417,0.0724900814585724,-0.9627551797127682,2.7080502011022096,1.9110228900548727,0,1,0,0,0,0,0,0,0,0,0.0
51340_2010,0.038694612380133685,0.012108706246691948,0.8761943315841323,0.918367980324904,0.07559112301175025,0.09264742271846142,1.5756755069312112,0.6248625153504461,0.23095345402975456,0.24847758659603505,-9.965973376265417,-10.616540878756911,-0.9627551797127682,-0.8582318033866245,1.9110228900548727,1.4951487660319729,0,1,0,0,0,0,0,0,0,0,0.0
5137_2008,-0.7535072517247969,-0.2964880930673571,0.6049144355779306,0.2696838189708617,0.11017613685035946,0.0060172860216622295,4.5313149481925965,2.2217537942664416,0.13362640365394124,0.384719570109056,-13.37085676558442,-14.781064449823262,-0.009720869820822152,-0.7551391266857873,1.1249295969854831,-0.2744368457017603,0,0,0,0,0,0,0,0,0,0,0.0
5137_2009,-0.2964880930673571,-0.43536383407490176,0.2696838189708617,0.6115445240328019,0.0060172860216622295,0.0037909774736128014,2.2217537942664416,0.6361815383509406,0.384719570109056,0.3616582454718027,-14.781064449823262,-15.170305810713202,-0.7551391266857873,-0.992064619935786,-0.2744368457017603,-1.6607312068216509,0,0,0,0,0,0,0,0,0,0,0.0
5137_2010,-0.43536383407490176,0.0,0.6115445240328019,0.0,0.0037909774736128014,0.0,0.6361815383509406,0.0,0.3616582454718027,0.0,-15.170305810713202,0.0,-0.992064619935786,0.0,-1.6607312068216509,0.0,0,0,0,0,0,0,0,0,0,0,0.0
51452_2008,0.022284984853861416,-0.12390478068870532,0.1646749571383406,0.2701568825403405,0.15936314543678876,0.38033903744388103,2.9582441361914418,0.9892383862155648,2.5970013405172336,0.2676760786341061,-11.112547316470598,-12.593691522298037,-0.04787263578519847,-1.4668108378104967,2.274185618472348,0.7929925155296614,0,0,0,0,0,0,1,0,0,0,0.0
51452_2009,-0.12390478068870532,-1.4485936815645648,0.2701568825403405,0.447413021537524,0.38033903744388103,1.9436139622569648,0.9892383862155648,0.20883049739915424,0.2676760786341061,0.3333307900244832,-12.593691522298037,-14.117779364573842,-1.4668108378104967,-1.1533590836676486,0.7929925155296614,-1.2299746068649369,0,0,0,0,0,0,1,0,0,0,0.0
51452_2010,-1.4485936815645648,-0.11498858840888672,0.447413021537524,0.0705443814276466,1.9436139622569648,0.1236975514278514,0.20883049739915424,3.757278243725366,0.3333307900244832,0.6915108026235629,-14.117779364573842,-11.462825062475355,-1.1533590836676486,2.75653475075383,-1.2299746068649369,1.6467336971777973,0,0,0,0,0,0,1,0,0,0,0.0
5152_2008,-0.3171926392422014,-0.4410324777705056,0.27644657014220364,0.5488081813519193,0.10051543936203658,0.0595607116891998,1.9978626826197687,2.4599823179326106,0.18075539034924248,0.8835218237263819,-12.827462730368163,-13.131532686228693,-1.0711936115394751,2.9226745421510603,-1.2672676546982498,1.6486586255873816,0,0,0,0,1,0,0,0,0,0,0.0
5152_2009,-0.4410324777705056,-0.263829155582639,0.5488081813519193,0.7676592486689401,0.0595607116891998,0.04675799514841855,2.4599823179326106,11.8958,0.8835218237263819,0.13670302658964573,-13.131532686228693,-14.472539001849706,2.9226745421510603,-1.2224110835440538,1.6486586255873816,-0.18632957819149348,0,0,0,0,1,0,0,0,0,0,0.0
5152_2010,-0.263829155582639,0.02747508615069386,0.7676592486689401,0.7655769768091646,0.04675799514841855,0.030612294917231612,11.8958,9.5646,0.13670302658964573,0.2697299342298876,-14.472539001849706,-14.067254877641616,-1.2224110835440538,0.2488001801183312,-0.18632957819149348,0.4510756193602167,0,0,0,0,1,0,0,0,0,0,0.0
51635_2008,0.0,0.0,0.0,0.0,0.0,0.0,0.0,0.0,0.0,0.0,0.0,0.0,0.0,0.0,0.0,0.0,0,0,0,0,0,1,0,0,0,0,0.0
51635_2009,0.0,0.024719016533582012,0.0,0.8043327796234773,0.0,0.08664490684074527,0.0,1.675652269943703,0.0,0.13282161447457494,0.0,-9.184555363312015,0.0,0.3636530580824438,0.0,2.7080502011022096,0,0,0,0,0,1,0,0,0,0,0.0
51635_2010,0.024719016533582012,0.02163998623002382,0.8043327796234773,0.8284334420871601,0.08664490684074527,0.08063469507992349,1.675652269943703,1.2796157284273726,0.13282161447457494,0.17599861692402746,-9.184555363312015,-9.59608135388932,0.3636530580824438,-0.17188048640639625,2.7080502011022096,2.7080502011022096,0,0,0,0,0,1,0,0,0,0,0.0
51652_2008,0.0,0.08567382174266082,0.0,0.20942513169000165,0.0,0.2291559830725518,0.0,1.329990532179955,0.0,0.592815014000243,0.0,-10.44792120327658,0.0,0.3374051821985665,0.0,2.5176964726109907,0,1,0,0,0,0,0,0,0,0,0.0
51652_2009,0.08567382174266082,0.11389188497468053,0.20942513169000165,0.3674858248526198,0.2291559830725518,0.3694919461685969,1.329990532179955,0.5239084264839525,0.592815014000243,0.2324281048303076,-10.44792120327658,-11.013020765030188,0.3374051821985665,-0.6077516788201796,2.5176964726109907,1.4586150226995167,0,1,0,0,0,0,0,0,0,0,0.0
51652_2010,0.11389188497468053,-0.07351291344545917,0.3674858248526198,0.4325963069498115,0.3694919461685969,0.2004435799678722,0.5239084264839525,0.5473679386105327,0.2324281048303076,0.14089277908697626,-11.013020765030188,-11.318151564356947,-0.6077516788201796,-0.4438805803590457,1.4586150226995167,1.3635373739972745,0,1,0,0,0,0,0,0,0,0,0.0
5169_2008,0.04866953843351727,0.07826584919062106,0.5771385880497788,0.5606353758451011,0.03748304856938777,0.006880768946212747,2.7081370291443423,4.926051172917541,0.09717468619004137,0.06669936608809225,-9.11322305714052,-9.724557647113132,-0.08563048626254831,-0.38670967683740615,2.7080502011022096,2.7080502011022096,0,0,1,0,0,0,0,0,0,0,0.0
5169_2009,0.07826584919062106,0.03723444408451849,0.5606353758451011,0.6935070702161765,0.006880768946212747,0.006803566141051706,4.926051172917541,3.9261731854733526,0.06669936608809225,0.1282254231155534,-9.724557647113132,-9.742662035414416,-0.38670967683740615,0.002351577157313267,2.7080502011022096,2.7080502011022096,0,0,1,0,0,0,0,0,0,0,0.0
5169_2010,0.03723444408451849,0.0373445459493239,0.6935070702161765,0.6285225413188404,0.006803566141051706,0.0065760524516230495,3.9261731854733526,3.4949449041288885,0.1282254231155534,0.13508176937855465,-9.742662035414416,-9.3431084447087,0.002351577157313267,0.474434050139151,2.7080502011022096,2.7080502011022096,0,0,1,0,0,0,0,0,0,0,0.0
5184_2008,0.11197877344407343,0.01349257685689869,0.14348986340570455,0.2683258318365188,0.1312420141502086,0.11970041676980805,4.099718658548232,4.679025594618307,0.15392798599629454,0.12330617959376358,-8.907757893402865,-9.381114630033624,0.15646920668479453,-0.4136796397002066,2.7080502011022096,2.7080502011022096,0,0,0,0,0,0,1,0,0,0,0.0
5184_2009,0.01349257685689869,0.01736117091680921,0.2683258318365188,0.21073481733904464,0.11970041676980805,0.09384452520605917,4.679025594618307,6.016158759815185,0.12330617959376358,0.1289061502470098,-9.381114630033624,-8.793367863646104,-0.4136796397002066,0.7282137008443609,2.7080502011022096,2.7080502011022096,0,0,0,0,0,0,1,0,0,0,0.0
5184_2010,0.01736117091680921,0.046283266362913716,0.21073481733904464,0.39052858592145534,0.09384452520605917,0.2173737078839303,6.016158759815185,4.295621294271533,0.1289061502470098,0.15637739383333651,-8.793367863646104,-9.064167827797114,0.7282137008443609,-0.4932852819904861,2.7080502011022096,2.7080502011022096,0,0,0,0,0,0,1,0,0,0,0.0
5195_2008,0.04553300459078035,0.06408118030179838,0.10310009359843436,0.1350473975498824,0.291239024469305,0.2510777599656004,1.0649102419806635,1.171012960047736,0.06465628693853541,0.07268178775000486,-11.877303894796029,-11.743884872164907,-0.2265426434439265,0.13858750171935394,2.316478136181469,2.4740142086215764,0,0,0,0,0,0,1,0,0,0,0.0
5195_2009,0.06408118030179838,0.08304274861323258,0.1350473975498824,0.18854510008843156,0.2510777599656004,0.3762360318353565,1.171012960047736,0.7895798284816653,0.07268178775000486,0.10289032166794264,-11.743884872164907,-11.708052403473198,0.13858750171935394,0.10876906912747686,2.4740142086215764,2.0541237336955462,0,0,0,0,0,0,1,0,0,0,0.0
5195_2010,0.08304274861323258,0.0499973942456672,0.18854510008843156,0.14042120571148262,0.3762360318353565,0.26909583633546563,0.7895798284816653,1.1843602124230777,0.10289032166794264,0.07907849985185911,-11.708052403473198,-11.467287845620818,0.10876906912747686,0.16167139844003814,2.0541237336955462,2.5209170873110334,0,0,0,0,0,0,1,0,0,0,0.0
51962_2008,0.0,0.0,0.0,0.0,0.0,0.0,0.0,0.0,0.0,0.0,0.0,0.0,0.0,0.0,0.0,0.0,0,0,0,0,0,0,1,0,0,0,0.0
51962_2009,0.0,0.03811057221378405,0.0,0.4139815435376605,0.0,0.04600235563786628,0.0,3.0570295481204264,0.0,0.12778165358005725,0.0,-8.395758477996472,0.0,-0.12633847878070498,0.0,2.5289235352047745,0,0,0,0,0,0,1,0,0,0,0.0
51962_2010,0.03811057221378405,0.053481263834355135,0.4139815435376605,0.4468427852026708,0.04600235563786628,0.12631445833514954,3.0570295481204264,2.2015855346227293,0.12778165358005725,0.09390020429422198,-8.395758477996472,-8.07566683658122,-0.12633847878070498,0.2175337415488161,2.5289235352047745,2.7080502011022096,0,0,0,0,0,0,1,0,0,0,0.0
51963_2008,0.0,-0.01034706593929448,0.0,0.4507490272147365,0.0,0.04041257213322418,0.0,47.172268564322756,0.0,0.0405648835486568,0.0,-10.319940914753598,0.0,-2.0572015465010245,0.0,2.7080502011022096,0,0,0,0,0,0,0,0,0,0,0.0
51963_2009,-0.01034706593929448,-0.02673128615482882,0.4507490272147365,0.7951827454502153,0.04041257213322418,0.08052141430422705,47.172268564322756,600.278,0.0405648835486568,0.1705676476177066,-10.319940914753598,-11.291258858495006,-2.0572015465010245,-1.0636022269678922,2.7080502011022096,1.3110318766193438,0,0,0,0,0,0,0,0,0,0,0.0
51963_2010,-0.02673128615482882,0.042205301042894,0.7951827454502153,0.5283339934309375,0.08052141430422705,0.029642070541778306,600.278,2088.8379999999997,0.1705676476177066,0.13334787200803808,-11.291258858495006,-10.278853596669297,-1.0636022269678922,0.5767608050762679,1.3110318766193438,2.5580022048585507,0,0,0,0,0,0,0,0,0,0,0.0
51966_2008,0.0,0.008563427219609445,0.0,0.5567451039491799,0.0,0.008685761894175295,0.0,1.1184294508866603,0.0,0.10250735210651647,0.0,-8.18574990129391,0.0,-1.6611656182465602,0.0,2.039920783517553,1,0,0,0,0,0,0,0,0,0,0.0
51966_2009,0.008563427219609445,-0.11969809008223405,0.5567451039491799,0.8274417710571187,0.008685761894175295,0.003342355045926256,1.1184294508866603,0.4107005425006831,0.10250735210651647,0.2608914112418571,-8.18574990129391,-9.163138797421407,-1.6611656182465602,-1.1551246282658283,2.039920783517553,0.5128236264286637,1,0,0,0,0,0,0,0,0,0,0.0
51966_2010,-0.11969809008223405,0.05009975183815182,0.8274417710571187,0.6233378801282309,0.003342355045926256,0.052362321276003834,0.4107005425006831,0.8865631826875406,0.2608914112418571,0.8401517929274671,-9.163138797421407,-8.35937265480342,-1.1551246282658283,3.3192879480605133,0.5128236264286637,2.7080502011022096,1,0,0,0,0,0,0,0,0,0,0.0
51969_2008,0.0,0.0,0.0,0.0,0.0,0.0,0.0,0.0,0.0,0.0,0.0,0.0,0.0,0.0,0.0,0.0,0,0,0,0,0,1,0,0,0,0,0.0
51969_2009,0.0,-0.2693052644346485,0.0,0.7915414267682991,0.0,0.09518864003052503,0.0,0.2624670287636603,0.0,0.4141597129910158,0.0,-12.828925952127593,0.0,-1.0418829729020591,0.0,0.9321640810304452,0,0,0,0,0,1,0,0,0,0,0.0
51969_2010,-0.2693052644346485,-0.14142667520930824,0.7915414267682991,0.5603675498568568,0.09518864003052503,0.048363246095661366,0.2624670287636603,0.6115675253672812,0.4141597129910158,0.2570688425193348,-12.828925952127593,-13.433243224334117,-1.0418829729020591,-0.5694515802043278,0.9321640810304452,0.5624118752374239,0,0,0,0,0,1,0,0,0,0,0.0
51977_2008,0.0,-0.005377025142086368,0.0,0.7877646139659701,0.0,0.027795214461777337,0.0,1.204651198288498,0.0,0.1715540506192397,0.0,-11.75494596949792,0.0,-1.772904182833758,0.0,1.4609379041156565,1,0,0,0,0,0,0,0,0,0,1.0
51977_2009,-0.005377025142086368,-0.11545176829462984,0.7877646139659701,0.9129378340048055,0.027795214461777337,0.053493632380035266,1.204651198288498,0.919152996309154,0.1715540506192397,0.3605562101166456,-11.75494596949792,-12.997143628986338,-1.772904182833758,-0.916365698180095,1.4609379041156565,-0.4004775665971253,1,0,0,0,0,0,0,0,0,0,1.0
51977_2010,-0.11545176829462984,0.0,0.9129378340048055,0.0,0.053493632380035266,0.0,0.919152996309154,0.0,0.3605562101166456,0.0,-12.997143628986338,0.0,-0.916365698180095,0.0,-0.4004775665971253,0.0,1,0,0,0,0,0,0,0,0,0,1.0
51987_2008,0.0,0.03290921246257105,0.0,0.34648278726494963,0.0,0.02355456156312314,0.0,2.7491612499960825,0.0,0.10059728846586767,0.0,-10.557360877577642,0.0,3.623044099156963,0.0,2.7080502011022096,0,1,0,0,0,0,0,0,0,0,0.0
51987_2009,0.03290921246257105,0.0682737035022859,0.34648278726494963,0.7317272943473482,0.02355456156312314,0.061297071477632366,2.7491612499960825,1.1104773915874937,0.10059728846586767,0.12827741379962676,-10.557360877577642,-10.610607986391427,3.623044099156963,-0.5460959248614514,2.7080502011022096,2.0541237336955462,0,1,0,0,0,0,0,0,0,0,0.0
51987_2010,0.0682737035022859,0.039938714982649566,0.7317272943473482,0.6967287885331807,0.061297071477632366,0.04513400579127989,1.1104773915874937,1.3887796533010617,0.12827741379962676,0.2017746549755388,-10.610607986391427,-10.681180850132877,-0.5460959248614514,-0.3351212329864208,2.0541237336955462,2.2181159363675955,0,1,0,0,0,0,0,0,0,0,0.0
51992_2008,0.0,-0.01812098563778405,0.0,0.1745847455734071,0.0,0.3258617411292436,0.0,1.1506490225831618,0.0,0.2482359794813037,0.0,-11.349656489461037,0.0,-0.9627061979523428,0.0,1.6524974018945473,0,0,0,0,0,0,0,1,0,0,0.0
51992_2009,-0.01812098563778405,-1.3324175137997352,0.1745847455734071,0.8152708744411419,0.3258617411292436,0.23935359792192226,1.1506490225831618,0.5779524728645218,0.2482359794813037,0.4988441856772545,-11.349656489461037,-13.182174128207295,-0.9627061979523428,-1.7056426869066268,1.6524974018945473,-0.6931471805599453,0,0,0,0,0,0,0,1,0,0,0.0
51992_2010,-1.3324175137997352,-0.22473103669758765,0.8152708744411419,0.5687446732296595,0.23935359792192226,0.12981879716893735,0.5779524728645218,2.491170237814928,0.4988441856772545,0.19255910281498964,-13.182174128207295,-12.557937793803033,-1.7056426869066268,0.5164104807775468,-0.6931471805599453,0.13976194237515865,0,0,0,0,0,0,0,1,0,0,0.0
51993_2008,0.0,0.07994023072074859,0.0,0.13189606943811685,0.0,0.4669770011023797,0.0,0.9579286980594698,0.0,0.1948576749341389,0.0,-12.113222281014107,0.0,-0.8809331776243022,0.0,0.9360933591703348,0,0,0,0,0,0,1,0,0,0,0.0
51993_2009,0.07994023072074859,0.12248670829992825,0.13189606943811685,0.10506772437655597,0.4669770011023797,0.6241956411662939,0.9579286980594698,0.8174858090771316,0.1948576749341389,0.1294802723932604,-12.113222281014107,-11.56214886891688,-0.8809331776243022,0.5039042464640121,0.9360933591703348,1.0079579203999791,0,0,0,0,0,0,1,0,0,0,0.0
51993_2010,0.12248670829992825,0.07265488057043493,0.10506772437655597,0.10082675278237474,0.6241956411662939,0.3273283254669946,0.8174858090771316,1.2635518926065212,0.1294802723932604,0.12642735434974045,-11.56214886891688,-11.307360864207931,0.5039042464640121,0.2551376326319904,1.0079579203999791,1.4996230464268938,0,0,0,0,0,0,1,0,0,0,0.0
51998_2008,0.0,0.049326243658227464,0.0,0.2288177591821316,0.0,0.1681336499150264,0.0,2.2476366155488687,0.0,0.1156265535175807,0.0,-10.891386634125288,0.0,0.06166301008324195,0.0,2.0373166153791646,0,0,0,0,0,0,1,0,0,0,0.0
51998_2009,0.049326243658227464,0.07188403534729669,0.2288177591821316,0.318185623079812,0.1681336499150264,0.1457476460021628,2.2476366155488687,1.4994201884378249,0.1156265535175807,0.1755439783111719,-10.891386634125288,-10.47464136760658,0.06166301008324195,0.01211061494017607,2.0373166153791646,1.8453002361560848,0,0,0,0,0,0,1,0,0,0,0.0
51998_2010,0.07188403534729669,0.04342982067773925,0.318185623079812,0.2818017538022327,0.1457476460021628,0.1904742902040638,1.4994201884378249,1.4213820663758312,0.1755439783111719,0.1283450601258992,-10.47464136760658,-10.122234866793383,0.01211061494017607,0.4500189114077878,1.8453002361560848,2.4087452888224363,0,0,0,0,0,0,1,0,0,0,0.0
52000_2008,0.0,0.028889136200916293,0.0,0.3705507020570178,0.0,0.01642461001984679,0.0,1.2401037089279938,0.0,0.08468999553109112,0.0,-12.152633076439313,0.0,-1.5596794713678632,0.0,1.5851452198650555,0,0,0,1,0,0,0,0,0,0,0.0
52000_2009,0.028889136200916293,0.04868195252168939,0.3705507020570178,0.6785282994883528,0.01642461001984679,0.00981186639972034,1.2401037089279938,0.5465485807640914,0.08468999553109112,0.12689850022287547,-12.152633076439313,-12.399016197309525,-1.5596794713678632,-0.2959314711972791,1.5851452198650555,0.7654678421395714,0,0,0,1,0,0,0,0,0,0,0.0
52000_2010,0.04868195252168939,0.039837689949473634,0.6785282994883528,0.514162672211344,0.00981186639972034,0.0065668070450847936,0.5465485807640914,0.9996464053603727,0.12689850022287547,0.25625224468629165,-12.399016197309525,-11.877401590807901,-0.2959314711972791,0.4166993265285154,0.7654678421395714,1.5018527017541632,0,0,0,1,0,0,0,0,0,0,0.0
52001_2008,0.0,-0.13332303657423825,0.0,0.048037380234571166,0.0,0.08632033067591975,0.0,3.663776946665463,0.0,0.20469066000781905,0.0,-12.068420471552813,0.0,2.950088208825438,0.0,1.5993875765805992,0,0,0,0,0,0,1,0,0,0,0.0
52001_2009,-0.13332303657423825,-0.1681288421147491,0.048037380234571166,0.07658884213523015,0.08632033067591975,0.10210821566123544,3.663776946665463,2.5749440377302357,0.20469066000781905,0.23550771698388415,-12.068420471552813,-12.403289705440875,2.950088208825438,-0.4721035396003047,1.5993875765805992,0.7466879474879751,0,0,0,0,0,0,1,0,0,0,0.0
52001_2010,-0.1681288421147491,-0.2598793714598249,0.07658884213523015,0.11370195628682113,0.10210821566123544,0.1277065248041726,2.5749440377302357,2.4134568854940275,0.23550771698388415,0.27115357833896153,-12.403289705440875,-12.50488989596551,-0.4721035396003047,-0.7144312155613561,0.7466879474879751,0.4824261492442928,0,0,0,0,0,0,1,0,0,0,0.0
52115_2008,0.0,0.02179286242091448,0.0,0.5542590071405201,0.0,0.08284890453613579,0.0,1.6546594180714194,0.0,0.06593246747085567,0.0,-8.868790288938696,0.0,1.0395992478863223,0.0,2.7080502011022096,0,0,0,0,0,0,0,1,0,0,0.0
52115_2009,0.02179286242091448,-0.015843612447240283,0.5542590071405201,0.7348816610833437,0.08284890453613579,0.11461923315866618,1.6546594180714194,0.9971014487749928,0.06593246747085567,0.16347613971688876,-8.868790288938696,-9.184583848442083,1.0395992478863223,-0.23452845094882874,2.7080502011022096,2.0055258587296683,0,0,0,0,0,0,0,1,0,0,0.0
52115_2010,-0.015843612447240283,0.02454889558915441,0.7348816610833437,0.5970679303494734,0.11461923315866618,0.11071019008456487,0.9971014487749928,1.6444668052286475,0.16347613971688876,0.09259367931150453,-9.184583848442083,-8.751065228908843,-0.23452845094882874,0.3003189034499936,2.0055258587296683,2.6651427000909336,0,0,0,0,0,0,0,1,0,0,0.0
52117_2008,0.0,0.0,0.0,0.0,0.0,0.0,0.0,0.0,0.0,0.0,0.0,0.0,0.0,0.0,0.0,0.0,0,0,0,0,0,0,0,0,0,0,0.0
52117_2009,0.0,-0.15832297942771054,0.0,0.5429660744605647,0.0,0.006293813511125386,0.0,0.4078645318784709,0.0,0.38900064590522776,0.0,-10.463616854035944,0.0,-1.3119001938625938,0.0,0.16551443847757333,0,0,0,0,0,0,0,0,0,0,0.0
52117_2010,-0.15832297942771054,-0.25737512110524313,0.5429660744605647,0.2446667299255913,0.006293813511125386,0.034671026163634495,0.4078645318784709,0.6176288345091696,0.38900064590522776,0.35277756105680863,-10.463616854035944,-10.043687039323313,-1.3119001938625938,-0.28082266570508724,0.16551443847757333,0.2390169004704999,0,0,0,0,0,0,0,0,0,0,0.0
52134_2008,0.0,-0.005823319178328074,0.0,0.8017265471102659,0.0,0.019061543599915482,0.0,0.8654033526068309,0.0,0.02248580678322068,0.0,-11.117779309835393,0.0,2.4392343169077586,0.0,2.4203681286504293,0,0,0,0,0,1,0,0,0,0,0.0
52134_2009,-0.005823319178328074,0.00602379722056822,0.8017265471102659,0.7864499949991678,0.019061543599915482,0.016247500451264385,0.8654033526068309,1.0685200912345394,0.02248580678322068,0.03346303509168352,-11.117779309835393,-10.448644382606476,2.4392343169077586,0.5919670241663174,2.4203681286504293,2.6483001966964363,0,0,0,0,0,1,0,0,0,0,0.0
52134_2010,0.00602379722056822,0.006262121757004651,0.7864499949991678,0.8182145980221209,0.016247500451264385,0.02287451065234097,1.0685200912345394,1.0232782336189534,0.03346303509168352,0.06633228638811325,-10.448644382606476,-10.97055784259583,0.5919670241663174,-0.4278742135451447,2.6483001966964363,2.4595888418037104,0,0,0,0,0,1,0,0,0,0,0.0
52138_2008,0.0,-0.1372438674735686,0.0,0.06977835166903412,0.0,0.8318437234597403,0.0,0.99320029317131,0.0,0.1473783325859969,0.0,-11.260013496746913,0.0,-0.060374717051846126,0.0,2.7080502011022096,0,1,0,0,0,0,0,0,0,0,0.0
52138_2009,-0.1372438674735686,-0.2509295972247721,0.06977835166903412,0.08235532672225526,0.8318437234597403,0.5632112412075311,0.99320029317131,0.8248223021814856,0.1473783325859969,0.145168416654168,-11.260013496746913,-11.652279115975409,-0.060374717051846126,-0.2714460663809973,2.7080502011022096,1.9006138741401368,0,1,0,0,0,0,0,0,0,0,0.0
52138_2010,-0.2509295972247721,-0.2420741855725301,0.08235532672225526,0.10257530565496407,0.5632112412075311,0.464348041307933,0.8248223021814856,1.0860069536132384,0.145168416654168,0.1904759303756489,-11.652279115975409,-11.5891229849088,-0.2714460663809973,0.03446294824606,1.9006138741401368,2.1983350716202463,0,1,0,0,0,0,0,0,0,0,0.0
52139_2008,0.0,-0.1405711910699442,0.0,0.06433224121585186,0.0,0.2079452033460455,0.0,3.970322621148658,0.0,0.1364012998762082,0.0,-10.418278565660604,0.0,2.7790507092962797,0.0,2.6567569067146595,0,0,0,0,1,0,0,0,0,0,0.0
52139_2009,-0.1405711910699442,-0.4049509641906778,0.06433224121585186,0.16553304428532278,0.2079452033460455,0.3742321936016532,3.970322621148658,2.841064401970716,0.1364012998762082,0.3208022560015791,-10.418278565660604,-10.618056439030383,2.7790507092962797,-0.2167318559414909,2.6567569067146595,1.7191887763932197,0,0,0,0,1,0,0,0,0,0,0.0
52139_2010,-0.4049509641906778,-0.17882214125557525,0.16553304428532278,0.056269789798954715,0.3742321936016532,0.2475870751154008,2.841064401970716,3.395952810045876,0.3208022560015791,0.29097360940967865,-10.618056439030383,-10.249243201145589,-0.2167318559414909,0.3213835926651454,1.7191887763932197,2.0068708488450007,0,0,0,0,1,0,0,0,0,0,0.0
52140_2008,0.0,0.0,0.0,0.0,0.0,0.0,0.0,0.0,0.0,0.0,0.0,0.0,0.0,0.0,0.0,0.0,0,0,0,0,0,1,0,0,0,0,0.0
52140_2009,0.0,0.0,0.0,0.0,0.0,0.0,0.0,0.0,0.0,0.0,0.0,0.0,0.0,0.0,0.0,0.0,0,0,0,0,0,1,0,0,0,0,0.0
52140_2010,0.0,0.08574433903429486,0.0,0.5072548112340843,0.0,0.07962761254154058,0.0,0.7067854461613491,0.0,0.14607136778499155,0.0,-10.671806473806381,0.0,0.7505669271784788,0.0,2.1882959465919183,0,0,0,0,0,1,0,0,0,0,0.0
52142_2008,0.0,0.00203390462061818,0.0,0.6584978049498731,0.0,0.065892045304604,0.0,1.9391254612544964,0.0,0.0515956258902732,0.0,-8.084253051510064,0.0,0.5865188999242293,0.0,2.479894107964456,0,0,0,0,0,1,0,0,0,0,0.0
52142_2009,0.00203390462061818,0.004223360279208991,0.6584978049498731,0.6931301538181297,0.065892045304604,0.010260308504338535,1.9391254612544964,1.9264436676518253,0.0515956258902732,0.037342686899542274,-8.084253051510064,-7.577572979372525,0.5865188999242293,0.4975384309905356,2.479894107964456,2.5572273113676265,0,0,0,0,0,1,0,0,0,0,0.0
52142_2010,0.004223360279208991,0.0011494079044162765,0.6931301538181297,0.7068898536019234,0.010260308504338535,0.02451692250221605,1.9264436676518253,1.8937942614665741,0.037342686899542274,0.05300823677806697,-7.577572979372525,-7.883197915457195,0.4975384309905356,-0.35431194803949845,2.5572273113676265,2.4965057856313524,0,0,0,0,0,1,0,0,0,0,0.0
52247_2008,0.0,0.02155773733452034,0.0,0.2562603833002968,0.0,0.08977873254638861,0.0,2.3189132688139,0.0,0.14995353634240935,0.0,-8.415749707963045,0.0,0.35578605986668743,0.0,2.7080502011022096,0,1,0,0,0,0,0,0,0,0,0.0
52247_2009,0.02155773733452034,0.03173417664085163,0.2562603833002968,0.45748786225833504,0.08977873254638861,0.05948482239381948,2.3189132688139,1.6450287935079484,0.14995353634240935,0.20258766859634,-8.415749707963045,-7.815312155852803,0.35578605986668743,0.6443255004508168,2.7080502011022096,2.7080502011022096,0,1,0,0,0,0,0,0,0,0,0.0
52247_2010,0.03173417664085163,0.037600564801331435,0.45748786225833504,0.4034615766255214,0.05948482239381948,0.05763632038227875,1.6450287935079484,1.622016699478651,0.20258766859634,0.10775763489439384,-7.815312155852803,-8.072700282157568,0.6443255004508168,-0.2137095847458844,2.7080502011022096,2.7080502011022096,0,1,0,0,0,0,0,0,0,0,0.0
52248_2008,0.0,-0.04122726598997591,0.0,0.024732699827808003,0.0,0.07357959899941993,0.0,2.288811826975725,0.0,0.2636580819212421,0.0,-10.7851871169209,0.0,-1.9534171686605504,0.0,1.8277699067510882,1,0,0,0,0,0,0,0,0,0,0.0
52248_2009,-0.04122726598997591,-0.2575178488281856,0.024732699827808003,0.06031416524393397,0.07357959899941993,0.05338804387190232,2.288811826975725,2.564821965200584,0.2636580819212421,0.2688311421808848,-10.7851871169209,-10.20439697655092,-1.9534171686605504,0.44016597014990294,1.8277699067510882,1.6213664832993742,1,0,0,0,0,0,0,0,0,0,0.0
52248_2010,-0.2575178488281856,0.007395596596502867,0.06031416524393397,0.02559273724585568,0.05338804387190232,0.08014390390537557,2.564821965200584,3.5664085696660113,0.2688311421808848,0.19083304741246251,-10.20439697655092,-9.099518071834217,0.44016597014990294,0.8072354352843322,1.6213664832993742,2.7080502011022096,1,0,0,0,0,0,0,0,0,0,0.0
52251_2008,0.0,0.04710562691089558,0.0,0.5582704980745324,0.0,0.020653101369428217,0.0,1.3255364491767236,0.0,0.10287622536519064,0.0,-11.175257717225538,0.0,2.3067511403161323,0.0,2.353278207309564,0,1,0,0,0,0,0,0,0,0,0.0
52251_2009,0.04710562691089558,-0.07578569347860073,0.5582704980745324,0.8402643515659884,0.020653101369428217,0.08023391694475092,1.3255364491767236,0.5255673039881967,0.10287622536519064,0.2438096223599458,-11.175257717225538,-11.836555824841678,2.3067511403161323,-0.6899074492010606,2.353278207309564,1.1537315878891892,0,1,0,0,0,0,0,0,0,0,0.0
52251_2010,-0.07578569347860073,0.03332550755883773,0.8402643515659884,0.6022609522943245,0.08023391694475092,0.03562653109639101,0.5255673039881967,1.2222849685250694,0.2438096223599458,0.17477735462591296,-11.836555824841678,-11.024523338458968,-0.6899074492010606,1.0929261363511875,1.1537315878891892,2.200552367428894,0,1,0,0,0,0,0,0,0,0,0.0
52253_2008,0.0,0.00554471563863765,0.0,0.14396103349231354,0.0,0.0016996939716621572,0.0,4.403343518913325,0.0,0.1152009513642762,0.0,-7.982902827373993,0.0,-0.12049012211190208,0.0,2.7080502011022096,0,0,0,0,0,0,0,0,0,0,0.0
52253_2009,0.00554471563863765,0.06716237571036845,0.14396103349231354,0.2651696986798047,0.0016996939716621572,0.0010942267100467883,4.403343518913325,2.9141660065377044,0.1152009513642762,0.2511381395659537,-7.982902827373993,-7.714775288307838,-0.12049012211190208,0.2355525737207688,2.7080502011022096,2.7080502011022096,0,0,0,0,0,0,0,0,0,0,0.0
52253_2010,0.06716237571036845,0.008319712153680377,0.2651696986798047,0.14982059461719127,0.0010942267100467883,0.0016586243832129068,2.9141660065377044,4.4014820039935545,0.2511381395659537,0.15072293355710026,-7.714775288307838,-7.217241858264337,0.2355525737207688,0.4332593099737349,2.7080502011022096,2.7080502011022096,0,0,0,0,0,0,0,0,0,0,0.0
5225_2008,0.07326392667561457,0.054541911219435635,0.14562097193504311,0.1562100584901888,0.20470127326150836,0.22216654138478245,1.4590319649789378,1.3051742038331264,0.07630564411682512,0.05839388671381893,-12.13561522886272,-12.147196073975715,-0.11773273480026873,-0.07220913246256369,2.3194422100604686,2.288486168614544,0,0,0,0,0,0,1,0,0,0,0.0
5225_2009,0.054541911219435635,0.04956878170169427,0.1562100584901888,0.17867505522972388,0.22216654138478245,0.3547746744331114,1.3051742038331264,0.958556316991467,0.05839388671381893,0.12482598750749548,-12.147196073975715,-12.127498468576805,-0.07220913246256369,-0.05021085784074897,2.288486168614544,1.8017098000812233,0,0,0,0,0,0,1,0,0,0,0.0
5225_2010,0.04956878170169427,0.04408298310789812,0.17867505522972388,0.1730328805504157,0.3547746744331114,0.37867378114376704,0.958556316991467,0.9675972053072086,0.12482598750749548,0.15048184187957842,-12.127498468576805,-12.133738425363704,-0.05021085784074897,-0.2316211568914269,1.8017098000812233,2.009555414215669,0,0,0,0,0,0,1,0,0,0,0.0
52268_2008,0.0,-0.4583755603939594,0.0,0.23758742363712845,0.0,0.4845596071739145,0.0,1.4392000444328334,0.0,0.15145512266513347,0.0,-11.143263907701018,0.0,-1.4144031691199692,0.0,2.137710449803812,0,0,0,0,0,1,0,0,0,0,0.0
52268_2009,-0.4583755603939594,-0.06950969094108392,0.23758742363712845,0.25822922005634685,0.4845596071739145,0.34730034572028323,1.4392000444328334,1.0720842504582675,0.15145512266513347,0.17557553318311378,-11.143263907701018,-11.176528263459897,-1.4144031691199692,0.059574155489416476,2.137710449803812,1.7137979277583428,0,0,0,0,0,1,0,0,0,0,0.0
52268_2010,-0.06950969094108392,0.0,0.25822922005634685,0.0,0.34730034572028323,0.0,1.0720842504582675,0.0,0.17557553318311378,0.0,-11.176528263459897,0.0,0.059574155489416476,0.0,1.7137979277583428,0.0,0,0,0,0,0,1,0,0,0,0,0.0
52273_2008,0.0,0.08866014496203811,0.0,0.30524251291949445,0.0,0.03785201273087531,0.0,1.9918005159721413,0.0,0.2489530983785605,0.0,-12.041118358950555,0.0,-0.2533570428161174,0.0,0.9360933591703348,0,0,0,0,0,0,1,0,0,0,0.0
52273_2009,0.08866014496203811,0.20164371041564025,0.30524251291949445,0.8140900684760334,0.03785201273087531,0.02479489321594585,1.9918005159721413,0.23349885521752656,0.2489530983785605,0.2530490777485495,-12.041118358950555,-13.533051954461707,-0.2533570428161174,-1.3523228797128024,0.9360933591703348,-1.0498221244986778,0,0,0,0,0,0,1,0,0,0,0.0
52273_2010,0.20164371041564025,-0.09021401745629903,0.8140900684760334,0.757610745214818,0.02479489321594585,0.02363017919552557,0.23349885521752656,0.4303312653092843,0.2530490777485495,0.1931681301304568,-13.533051954461707,-13.271180134561313,-1.3523228797128024,0.14444132709756458,-1.0498221244986778,-0.5533852381847867,0,0,0,0,0,0,1,0,0,0,0.0
52281_2008,0.0,0.01291246542856977,0.0,0.026758431950089583,0.0,0.7954241052015144,0.0,1.6620804176242667,0.0,0.01745150774788083,0.0,-10.595535697457086,0.0,1.5164837407042917,0.0,2.028148247292285,0,0,0,0,0,0,0,0,0,0,0.0
52281_2009,0.01291246542856977,-0.18792456362613727,0.026758431950089583,0.6696751203236024,0.7954241052015144,0.07241628515602999,1.6620804176242667,0.1829765305488861,0.01745150774788083,0.2973877725129002,-10.595535697457086,-11.45406660731112,1.5164837407042917,-1.4967173845946962,2.028148247292285,0.09531017980432492,0,0,0,0,0,0,0,0,0,0,0.0
52281_2010,-0.18792456362613727,0.011886175647526951,0.6696751203236024,0.5945387332798127,0.07241628515602999,0.06031840804048212,0.1829765305488861,0.4714842976695371,0.2973877725129002,0.21088705764891447,-11.45406660731112,-10.403135359668427,-1.4967173845946962,-0.055533958044489184,0.09531017980432492,0.4762341789963717,0,0,0,0,0,0,0,0,0,0,0.0
52287_2008,0.0,-0.01291978778660241,0.0,0.02628263103474223,0.0,0.11681701983755408,0.0,2.4386410954662,0.0,0.15120888849388536,0.0,-9.8625046651364,0.0,-0.5351642825038921,0.0,2.7080502011022096,0,0,0,0,0,0,0,0,0,0,0.0
52287_2009,-0.01291978778660241,-0.11580667425351507,0.02628263103474223,0.1399249157108702,0.11681701983755408,0.1099308822049668,2.4386410954662,1.2436597687054114,0.15120888849388536,0.2691245038580465,-9.8625046651364,-10.161084897895046,-0.5351642825038921,-0.4954230332456689,2.7080502011022096,1.7984040119467235,0,0,0,0,0,0,0,0,0,0,0.0
52287_2010,-0.11580667425351507,-0.03333041286646764,0.1399249157108702,0.07560767931750093,0.1099308822049668,0.06975738939934685,1.2436597687054114,2.6987966701585915,0.2691245038580465,0.182584333941895,-10.161084897895046,-9.284134705707373,-0.4954230332456689,0.5039048648410689,1.7984040119467235,2.7080502011022096,0,0,0,0,0,0,0,0,0,0,0.0
52292_2008,0.0,-0.13510808121384932,0.0,0.2093884806141712,0.0,0.5301237164289221,0.0,2.0579447718538444,0.0,0.6886656096947829,0.0,-10.885874091995301,0.0,1.5077865604521752,0.0,2.374905754573672,0,0,0,0,1,0,0,0,0,0,0.0
52292_2009,-0.13510808121384932,-0.1651092708299683,0.2093884806141712,0.2421994207855182,0.5301237164289221,0.5081614869777431,2.0579447718538444,2.202733537695623,0.6886656096947829,0.17446129952473236,-10.885874091995301,-10.679824829942481,1.5077865604521752,0.22295802057673472,2.374905754573672,2.0769384114617173,0,0,0,0,1,0,0,0,0,0,0.0
52292_2010,-0.1651092708299683,-0.06342182321082275,0.2421994207855182,0.13073568156005902,0.5081614869777431,0.7554604383802953,2.202733537695623,1.2220938682273357,0.17446129952473236,0.32100396056387404,-10.679824829942481,-11.610928911058195,0.22295802057673472,-1.0801028594395792,2.0769384114617173,1.3787660946990992,0,0,0,0,1,0,0,0,0,0,0.0
52293_2008,0.0,0.0,0.0,0.0,0.0,0.0,0.0,0.0,0.0,0.0,0.0,0.0,0.0,0.0,0.0,0.0,0,0,0,0,0,1,0,0,0,0,0.0
52293_2009,0.0,0.0,0.0,0.0,0.0,0.0,0.0,0.0,0.0,0.0,0.0,0.0,0.0,0.0,0.0,0.0,0,0,0,0,0,1,0,0,0,0,0.0
52293_2010,0.0,0.0,0.0,0.0,0.0,0.0,0.0,0.0,0.0,0.0,0.0,0.0,0.0,0.0,0.0,0.0,0,0,0,0,0,1,0,0,0,0,0.0
52295_2008,0.0,0.0,0.0,0.0,0.0,0.0,0.0,0.0,0.0,0.0,0.0,0.0,0.0,0.0,0.0,0.0,0,0,0,0,0,1,0,0,0,0,0.0
52295_2009,0.0,0.003771088037828851,0.0,0.9706081973030732,0.0,0.269571575874697,0.0,1.3555540523063556,0.0,0.12019593495155165,0.0,-9.289803587472527,0.0,-0.24545757671535454,0.0,2.7080502011022096,0,0,0,0,0,1,0,0,0,0,0.0
52295_2010,0.003771088037828851,0.0,0.9706081973030732,0.0,0.269571575874697,0.0,1.3555540523063556,0.0,0.12019593495155165,0.0,-9.289803587472527,0.0,-0.24545757671535454,0.0,2.7080502011022096,0.0,0,0,0,0,0,1,0,0,0,0,0.0
52299_2008,0.0,0.043629155400544205,0.0,0.35935261764194243,0.0,0.13881223033788706,0.0,2.7715460894594397,0.0,0.31958979121867703,0.0,-12.016924039912848,0.0,-2.042545816541072,0.0,1.8164520818184269,1,0,0,0,0,0,0,0,0,0,0.0
52299_2009,0.043629155400544205,-0.06716099367292651,0.35935261764194243,0.7950896290386199,0.13881223033788706,0.08645019298204537,2.7715460894594397,0.8271494449586072,0.31958979121867703,0.2310359494101172,-12.016924039912848,-13.42277584251246,-2.042545816541072,-1.4549358505797407,1.8164520818184269,-0.08338160893905101,1,0,0,0,0,0,0,0,0,0,0.0
52299_2010,-0.06716099367292651,-0.16222936426264908,0.7950896290386199,0.7725316449279402,0.08645019298204537,0.05046459874180679,0.8271494449586072,6.194838095106612,0.2310359494101172,0.27746128379784063,-13.42277584251246,-13.391637743192954,-1.4549358505797407,-0.03099284912837192,-0.08338160893905101,0.1823215567939546,1,0,0,0,0,0,0,0,0,0,0.0
52301_2008,0.0,-0.07900272323961484,0.0,0.05676084260324295,0.0,0.1395750683761125,0.0,4.3493358653788246,0.0,0.14211918543529334,0.0,-9.909994578291483,0.0,3.244541245865835,0.0,2.7080502011022096,0,0,0,0,1,0,0,0,0,0,0.0
52301_2009,-0.07900272323961484,-0.2905084986673821,0.05676084260324295,0.3285913448247685,0.1395750683761125,0.17739956525945266,4.3493358653788246,8.479123232296072,0.14211918543529334,0.3193187606902421,-9.909994578291483,-10.508165918697381,3.244541245865835,-0.5221672690864096,2.7080502011022096,2.0438143640366846,0,0,0,0,1,0,0,0,0,0,0.0
52301_2010,-0.2905084986673821,-0.1112831558244143,0.3285913448247685,0.17066575766348446,0.17739956525945266,0.1968898431508036,8.479123232296072,4.917686385704177,0.3193187606902421,0.22593537068566746,-10.508165918697381,-9.820847814538794,-0.5221672690864096,0.2902506667910165,2.0438143640366846,2.658859956911438,0,0,0,0,1,0,0,0,0,0,0.0
52302_2008,0.0,0.033993162884597174,0.0,0.015017105364593962,0.0,0.033159368323276865,0.0,4.9437962881898585,0.0,0.218591874277471,0.0,-9.708806335752008,0.0,-2.4891063139010874,0.0,2.670694414558441,1,0,0,0,0,0,0,0,0,0,0.0
52302_2009,0.033993162884597174,0.13395949260353546,0.015017105364593962,0.3616019594524508,0.033159368323276865,0.3824111035638879,4.9437962881898585,1.3499108507386652,0.218591874277471,0.15085240944494716,-9.708806335752008,-10.625081824548312,-2.4891063139010874,-0.8341798012798709,2.670694414558441,1.2584609896100056,1,0,0,0,0,0,0,0,0,0,1.0
52302_2010,0.13395949260353546,0.05339612529705278,0.3616019594524508,0.2321443056574009,0.3824111035638879,0.2680298297263313,1.3499108507386652,1.778984393141607,0.15085240944494716,0.1364018111900658,-10.625081824548312,-10.304913130623698,-0.8341798012798709,0.4279367822721344,1.2584609896100056,1.81319474994812,1,0,0,0,0,0,0,0,0,0,1.0
52303_2008,0.0,0.013035753339154672,0.0,0.030712081617927593,0.0,0.0989749868700623,0.0,2.7191467713737065,0.0,0.15929427032460453,0.0,-9.96139752556295,0.0,1.2483906149574588,0.0,2.6932749155200555,0,0,0,0,0,0,0,1,0,0,0.0
52303_2009,0.013035753339154672,0.008870544361773385,0.030712081617927593,0.09592156105489076,0.0989749868700623,0.3368845682700025,2.7191467713737065,0.9471270534518051,0.15929427032460453,0.15703794234963034,-9.96139752556295,-10.684496482398972,1.2483906149574588,-0.7050550025636362,2.6932749155200555,1.4632554022560191,0,0,0,0,0,0,0,1,0,0,0.0
52303_2010,0.008870544361773385,-0.020199124836197967,0.09592156105489076,0.06395731493775819,0.3368845682700025,0.2818243805331921,0.9471270534518051,1.1749073384994455,0.15703794234963034,0.2384427174139679,-10.684496482398972,-10.642431004380184,-0.7050550025636362,0.07815892024853105,1.4632554022560191,1.7281094421515992,0,0,0,0,0,0,0,1,0,0,0.0
52305_2008,0.0,-0.0767012853915717,0.0,0.05611409023001364,0.0,0.3676826143753113,0.0,2.062642461979581,0.0,0.4819458546542991,0.0,-11.706504781688402,0.0,-2.157226017481429,0.0,1.1216775615991057,0,0,0,0,0,0,0,1,0,0,0.0
52305_2009,-0.0767012853915717,-0.4437198564386979,0.05611409023001364,0.20834300802059216,0.3676826143753113,0.8206677856133531,2.062642461979581,0.7436651176240008,0.4819458546542991,0.21397640150493336,-11.706504781688402,-12.703817502584767,-2.157226017481429,-0.7881059783371691,1.1216775615991057,-0.3710636813908321,0,0,0,0,0,0,0,1,0,0,0.0
52305_2010,-0.4437198564386979,-0.12090618661186522,0.20834300802059216,0.057362100361246664,0.8206677856133531,0.19682826274982024,0.7436651176240008,2.272202141423712,0.21397640150493336,0.24124752865458424,-12.703817502584767,-11.902234112968971,-0.7881059783371691,0.23584127374881425,-0.3710636813908321,0.6626879730752367,0,0,0,0,0,0,0,1,0,0,0.0
52366_2008,0.0,-0.22548668995809376,0.0,0.1721869182874382,0.0,0.037756870512503087,0.0,4.764431754610034,0.0,0.18222107178720606,0.0,-12.05824276381682,0.0,3.3430840727990923,0.0,1.8229350866965048,0,0,1,0,0,0,0,0,0,0,0.0
52366_2009,-0.22548668995809376,-0.4795358071070238,0.1721869182874382,0.8759874095116769,0.037756870512503087,0.03584662665110678,4.764431754610034,2.6673,0.18222107178720606,0.4420494142677957,-12.05824276381682,-14.894481820244806,3.3430840727990923,-2.994237380824811,1.8229350866965048,-1.6094379124341005,0,0,1,0,0,0,0,0,0,0,0.0
52366_2010,-0.4795358071070238,0.0,0.8759874095116769,0.0,0.03584662665110678,0.0,2.6673,0.0,0.4420494142677957,0.0,-14.894481820244806,0.0,-2.994237380824811,0.0,-1.6094379124341005,0.0,0,0,1,0,0,0,0,0,0,0,0.0
52370_2008,0.0,0.013506885022006254,0.0,0.32780699453278866,0.0,0.004228865043575298,0.0,1.0965597385317598,0.0,0.07345868681848286,0.0,-9.676713163209492,0.0,0.2689701280950672,0.0,2.7080502011022096,0,0,0,0,0,1,0,0,0,0,0.0
52370_2009,0.013506885022006254,0.0,0.32780699453278866,0.0,0.004228865043575298,0.0,1.0965597385317598,0.0,0.07345868681848286,0.0,-9.676713163209492,0.0,0.2689701280950672,0.0,2.7080502011022096,0.0,0,0,0,0,0,1,0,0,0,0,0.0
52370_2010,0.0,0.0,0.0,0.0,0.0,0.0,0.0,0.0,0.0,0.0,0.0,0.0,0.0,0.0,0.0,0.0,0,0,0,0,0,1,0,0,0,0,0.0
52371_2008,0.0,-0.050150690001586215,0.0,0.07624385343414583,0.0,0.13797388039972505,0.0,1.4509772981143356,0.0,0.07164557297221602,0.0,-12.834855203043848,0.0,-0.258405009113422,0.0,1.3609765531356006,0,0,0,0,0,0,1,0,0,0,0.0
52371_2009,-0.050150690001586215,-0.5227290013437111,0.07624385343414583,0.30773521283878,0.13797388039972505,0.09689932307380272,1.4509772981143356,0.7697512157304953,0.07164557297221602,0.17574529635909414,-12.834855203043848,-14.06264834125144,-0.258405009113422,-1.2174035618134311,1.3609765531356006,-0.579818495252942,0,0,0,0,0,0,1,0,0,0,0.0
52371_2010,-0.5227290013437111,0.0426576023951287,0.30773521283878,0.2448591398696636,0.09689932307380272,0.1722061521492003,0.7697512157304953,0.6968628086400519,0.17574529635909414,0.2327212911024593,-14.06264834125144,-13.514198789307212,-1.2174035618134311,0.4303527173742493,-0.579818495252942,0.1823215567939546,0,0,0,0,0,0,1,0,0,0,0.0
52376_2008,0.0,-0.03472632702609564,0.0,0.14721698689784252,0.0,0.17137896059714575,0.0,3.3889649557784107,0.0,0.17338809122138404,0.0,-9.155703365481802,0.0,2.2485755565618097,0.0,2.6973262377392344,0,0,0,0,0,0,1,0,0,0,0.0
52376_2009,-0.03472632702609564,0.08328321720673072,0.14721698689784252,0.10748282696210586,0.17137896059714575,0.2493609202114239,3.3889649557784107,1.8778664182729623,0.17338809122138404,0.2277310166950796,-9.155703365481802,-9.138463072198098,2.2485755565618097,0.2915686073395708,2.6973262377392344,2.192770226986839,0,0,0,0,0,0,1,0,0,0,0.0
52376_2010,0.08328321720673072,-0.08814600924137976,0.10748282696210586,0.12560974219871898,0.2493609202114239,0.25922387714630885,1.8778664182729623,2.057725742734017,0.2277310166950796,0.14260308298729665,-9.138463072198098,-9.354739727344542,0.2915686073395708,-0.039728660277683236,2.192770226986839,2.182674796321488,0,0,0,0,0,0,1,0,0,0,0.0
52377_2008,0.0,-0.2769597667589627,0.0,0.27794729852207395,0.0,0.20924501301447165,0.0,4.223911652905324,0.0,0.14541961144521695,0.0,-10.47879527934961,0.0,0.5989659537737593,0.0,2.6878474937846906,0,0,0,0,1,0,0,0,0,0,0.0
52377_2009,-0.2769597667589627,-0.7265756517400033,0.27794729852207395,0.7799635251841379,0.20924501301447165,0.1096530556822316,4.223911652905324,55.8253,0.14541961144521695,0.2554424481556039,-10.47879527934961,-11.854034346295586,0.5989659537737593,-1.4948869997029466,2.6878474937846906,0.6575200029167941,0,0,0,0,1,0,0,0,0,0,0.0
52377_2010,-0.7265756517400033,-0.01602755726991335,0.7799635251841379,0.4225544962737571,0.1096530556822316,0.043569352947162035,55.8253,246.2894,0.2554424481556039,0.5303532986902821,-11.854034346295586,-10.595368034425467,-1.4948869997029466,1.8084538835286652,0.6575200029167941,2.064327903869788,0,0,0,0,1,0,0,0,0,0,0.0
52378_2008,0.0,-0.11266805894474376,0.0,0.12249835480254932,0.0,0.30411580955672635,0.0,2.456576893579184,0.0,0.3791087820040484,0.0,-10.026876285835355,0.0,-3.0927209168253533,0.0,1.9300710850255671,0,0,0,0,0,0,1,0,0,0,0.0
52378_2009,-0.11266805894474376,-0.2027856296058595,0.12249835480254932,0.3429577756891969,0.30411580955672635,0.5615470961240605,2.456576893579184,1.313658000054387,0.3791087820040484,0.2106492271011424,-10.026876285835355,-10.556464338129468,-3.0927209168253533,-0.6310444489024979,1.9300710850255671,0.8960880245566357,0,0,0,0,0,0,1,0,0,0,0.0
52378_2010,-0.2027856296058595,0.0952984200783856,0.3429577756891969,0.08978099936877428,0.5615470961240605,0.4216702434302405,1.313658000054387,1.5439049563085538,0.2106492271011424,0.1845678605605917,-10.556464338129468,-10.301953375021208,-0.6310444489024979,-0.04901927702329576,0.8960880245566357,1.3660916538023706,0,0,0,0,0,0,1,0,0,0,0.0
52379_2008,0.0,-0.06968261443702617,0.0,0.10039615480510844,0.0,0.8617151933216981,0.0,0.9544397776804584,0.0,0.1901301486320086,0.0,-12.484368427516902,0.0,-0.17030228467258926,0.0,1.2527629684953678,0,0,0,0,0,0,0,0,1,0,1.0
52379_2009,-0.06968261443702617,-0.7680174651506526,0.10039615480510844,0.3491463280878689,0.8617151933216981,0.3089305206641353,0.9544397776804584,0.3612718396867627,0.1901301486320086,0.5185066275967845,-12.484368427516902,-13.353602286561086,-0.17030228467258926,-0.8581685254509888,1.2527629684953678,-0.12783337150988489,0,0,0,0,0,0,0,0,1,0,1.0
52379_2010,-0.7680174651506526,0.0,0.3491463280878689,0.0,0.3089305206641353,0.0,0.3612718396867627,0.0,0.5185066275967845,0.0,-13.353602286561086,0.0,-0.8581685254509888,0.0,-0.12783337150988489,0.0,0,0,0,0,0,0,0,0,1,0,1.0
52380_2008,0.0,-0.08877465328165791,0.0,0.1635294820395155,0.0,0.29908958984107353,0.0,2.5937022990171354,0.0,0.34128026528462113,0.0,-12.50717133225804,0.0,1.3375773980534238,0.0,1.5368672195992648,0,0,0,0,1,0,0,0,0,0,0.0
52380_2009,-0.08877465328165791,-0.5051252695758673,0.1635294820395155,0.3555472722915945,0.29908958984107353,0.5082669932639314,2.5937022990171354,1.6367669035656565,0.34128026528462113,0.2340170513140004,-12.50717133225804,-13.382848744715536,1.3375773980534238,-1.0160066935372658,1.5368672195992648,0.1672079189839064,0,0,0,0,1,0,0,0,0,0,0.0
52380_2010,-0.5051252695758673,-0.3671314928939756,0.3555472722915945,0.2424616400452773,0.5082669932639314,0.27744151679034085,1.6367669035656565,7.674316748423267,0.2340170513140004,0.16133497557946772,-13.382848744715536,-12.972648986904408,-1.0160066935372658,-0.4190541068877749,0.1672079189839064,0.23111172096338664,0,0,0,0,1,0,0,0,0,0,0.0
52388_2008,0.0,0.191200616266342,0.0,0.3378443298018132,0.0,0.12159726286867015,0.0,1.287472801497687,0.0,0.10523621870566642,0.0,-8.24491173271213,0.0,3.920221934909229,0.0,2.7080502011022096,0,0,0,0,0,1,0,0,0,0,0.0
52388_2009,0.191200616266342,-0.2278063783678351,0.3378443298018132,0.6588748974091527,0.12159726286867015,0.2763885224706593,1.287472801497687,0.5226159214951567,0.10523621870566642,0.1893963121586543,-8.24491173271213,-8.910820105488382,3.920221934909229,-0.6130174036248746,2.7080502011022096,1.87640694328834,0,0,0,0,0,1,0,0,0,0,0.0
52388_2010,-0.2278063783678351,-0.10226383059223597,0.6588748974091527,0.4096739455516382,0.2763885224706593,0.14842667340180088,0.5226159214951567,1.1954048729533904,0.1893963121586543,0.19161043037183634,-8.910820105488382,-8.303090409555423,-0.6130174036248746,0.7711446151399787,1.87640694328834,2.574137783515943,0,0,0,0,0,1,0,0,0,0,0.0
52389_2008,0.0,-0.0033336970222369584,0.0,0.7436627916109281,0.0,0.056700444450482335,0.0,1.4577297941447256,0.0,0.0920816603964484,0.0,-11.017461816881386,0.0,-1.7639806675159446,0.0,2.277267285009756,1,0,0,0,0,0,0,0,0,0,0.0
52389_2009,-0.0033336970222369584,0.012329951576446478,0.7436627916109281,0.7343056035485394,0.056700444450482335,0.09542760841938827,1.4577297941447256,1.4091627354505163,0.0920816603964484,0.26557388702394497,-11.017461816881386,-10.717127395079574,-1.7639806675159446,0.16930964748012156,2.277267285009756,2.074428999856292,1,0,0,0,0,0,0,0,0,0,0.0
52389_2010,0.012329951576446478,0.0220019942233062,0.7343056035485394,0.6153068341939079,0.09542760841938827,0.08304582500456424,1.4091627354505163,1.8714146799144649,0.26557388702394497,0.1985952685284023,-10.717127395079574,-10.054827042344844,0.16930964748012156,0.523906215062637,2.074428999856292,2.7080502011022096,1,0,0,0,0,0,0,0,0,0,0.0
52404_2008,0.0,-0.09305388320288982,0.0,0.01586958157736303,0.0,0.1081144641782059,0.0,4.931716722214103,0.0,0.26520808657185085,0.0,-11.786928643139337,0.0,-2.824345189746915,0.0,1.6331544390514163,0,0,0,0,1,0,0,0,0,0,0.0
52404_2009,-0.09305388320288982,-1.6532433858791675,0.01586958157736303,0.14226383056836694,0.1081144641782059,1.3439342832885892,4.931716722214103,0.5784464069349815,0.26520808657185085,0.3190175051767096,-11.786928643139337,-14.559803864344552,-2.824345189746915,-1.830733671356604,1.6331544390514163,-1.7203694731413817,0,0,0,0,1,0,0,0,0,0,0.0
52404_2010,-1.6532433858791675,-0.2974472631025081,0.14226383056836694,0.04241274295645519,1.3439342832885892,0.2164484908398042,0.5784464069349815,2.735620874841143,0.3190175051767096,0.2941399491305499,-14.559803864344552,-13.623661588876404,-1.830733671356604,0.7842166967073315,-1.7203694731413817,-0.579818495252942,0,0,0,0,1,0,0,0,0,0,0.0
52408_2008,0.0,0.01922802680990636,0.0,0.06452367806173008,0.0,0.08113543536845337,0.0,6.2792227395559,0.0,0.1830950609288248,0.0,-10.132946187369262,0.0,2.4348526604503484,0.0,2.7080502011022096,0,0,0,0,0,0,1,0,0,0,0.0
52408_2009,0.01922802680990636,0.059598704640964485,0.06452367806173008,0.18195971533127786,0.08113543536845337,0.28798745640352263,6.2792227395559,2.727077952001832,0.1830950609288248,0.1755731581316136,-10.132946187369262,-10.860080727940511,2.4348526604503484,-0.561710391636582,2.7080502011022096,1.749199854809259,0,0,0,0,0,0,1,0,0,0,0.0
52408_2010,0.059598704640964485,0.0185873418045694,0.18195971533127786,0.10206863365852197,0.28798745640352263,0.2104352625731607,2.727077952001832,3.497812678314268,0.1755731581316136,0.16627116181512813,-10.860080727940511,-10.526298144912275,-0.561710391636582,0.24686575630288446,1.749199854809259,2.336986519711378,0,0,0,0,0,0,1,0,0,0,0.0
52416_2008,0.0,-0.1566579634464752,0.0,0.13523340084429372,0.0,0.2899392401356726,0.0,2.706362115970584,0.0,0.19443998396209,0.0,-13.334628204001286,0.0,-3.4268817592544067,0.0,0.6830968447064438,0,1,0,0,0,0,0,0,0,0,0.0
52416_2009,-0.1566579634464752,-0.11171288535821004,0.13523340084429372,0.07825595802055244,0.2899392401356726,0.1924741272502004,2.706362115970584,2.7232207741872974,0.19443998396209,0.3034112044253644,-13.334628204001286,-13.223638568099528,-3.4268817592544067,-0.15515891731619666,0.6830968447064438,0.30010459245033816,0,1,0,0,0,0,0,0,0,0,0.0
52416_2010,-0.11171288535821004,-0.31432996450292794,0.07825595802055244,0.27979380044767005,0.1924741272502004,0.22440028035904044,2.7232207741872974,1.7305702015304252,0.3034112044253644,0.190801469956058,-13.223638568099528,-13.429148210789492,-0.15515891731619666,-0.1311815763838041,0.30010459245033816,0.16551443847757333,0,1,0,0,0,0,0,0,0,0,0.0
52418_2008,0.0,-0.018516230356598298,0.0,0.4109667300807449,0.0,0.062300096362272975,0.0,1.4684370887731035,0.0,0.027524328571217813,0.0,-6.552834456691438,0.0,5.207395040912885,0.0,2.7080502011022096,0,0,0,0,0,0,1,0,0,0,0.0
52418_2009,-0.018516230356598298,0.07637284234184437,0.4109667300807449,0.4507369152127818,0.062300096362272975,0.04654371873358192,1.4684370887731035,1.139465706003384,0.027524328571217813,0.12348874050930066,-6.552834456691438,-6.964580029911221,5.207395040912885,-0.3128505137828724,2.7080502011022096,2.7080502011022096,0,0,0,0,0,0,1,0,0,0,0.0
52418_2010,0.07637284234184437,-0.16769792391669833,0.4507369152127818,0.4735303171038466,0.04654371873358192,0.07833800438491959,1.139465706003384,1.3932724311218665,0.12348874050930066,0.2000062505577915,-6.964580029911221,-6.781349068189856,-0.3128505137828724,0.2535947511135785,2.7080502011022096,2.7080502011022096,0,0,0,0,0,0,1,0,0,0,0.0
5242_2008,0.0473025980613072,0.04585337971659435,0.03580890308823629,0.03424492440293365,0.1427537183040496,0.14942389863283115,2.595576396617953,2.615809169769248,0.08608704108975583,0.070102895932938,-8.655524185676487,-8.517695118360663,-0.17573625029761086,-0.0010859116158375114,2.7080502011022096,2.7080502011022096,0,0,1,0,0,0,0,0,0,0,0.0
5242_2009,0.04585337971659435,0.04851325410106084,0.03424492440293365,0.050403370736650105,0.14942389863283115,0.2527575856264248,2.615809169769248,1.6198337973502297,0.070102895932938,0.1383475751536513,-8.517695118360663,-8.773507619676206,-0.0010859116158375114,-0.16543997400346816,2.7080502011022096,2.1781550146158692,0,0,1,0,0,0,0,0,0,0,0.0
5242_2010,0.04851325410106084,0.02528809183884416,0.050403370736650105,0.03390968132865044,0.2527575856264248,0.1381958206045856,1.6198337973502297,2.715747673175007,0.1383475751536513,0.1357743359404508,-8.773507619676206,-8.299114985900957,-0.16543997400346816,0.458266972885156,2.1781550146158692,2.7080502011022096,0,0,1,0,0,0,0,0,0,0,0.0
52520_2008,0.0,0.021605849504745776,0.0,0.30786280431860624,0.0,0.08035837816381071,0.0,3.1392861234729184,0.0,0.21073347201693965,0.0,-10.164707710186594,0.0,-2.5014576393408428,0.0,2.0781907597781832,0,0,0,0,0,0,0,1,0,0,0.0
52520_2009,0.021605849504745776,0.03713845271280483,0.30786280431860624,0.3861446193985776,0.08035837816381071,0.14907862488082851,3.1392861234729184,1.858958753182652,0.21073347201693965,0.24280498864670544,-10.164707710186594,-10.339647875349119,-2.5014576393408428,-0.026865881353263118,2.0781907597781832,1.4060969884160703,0,0,0,0,0,0,0,1,0,0,0.0
52520_2010,0.03713845271280483,0.0257794849873816,0.3861446193985776,0.2177144483016324,0.14907862488082851,0.09389801443888106,1.858958753182652,2.3434205810627,0.24280498864670544,0.20116512945550435,-10.339647875349119,-10.096466119314815,-0.026865881353263118,0.531947409954022,1.4060969884160703,1.8794650496471603,0,0,0,0,0,0,0,1,0,0,0.0
52525_2008,0.0,-0.034629832010259244,0.0,0.1661530826372207,0.0,0.05827727477995472,0.0,4.216145764589723,0.0,0.3113129401631738,0.0,-9.872966062304776,0.0,1.3618229348648483,0.0,2.48073127837752,1,0,0,0,0,0,0,0,0,0,0.0
52525_2009,-0.034629832010259244,-0.00963471612789452,0.1661530826372207,0.2424751984160672,0.05827727477995472,0.046543647459941564,4.216145764589723,1.5895645799458935,0.3113129401631738,0.3157842040811889,-9.872966062304776,-10.063247550413816,1.3618229348648483,-0.5101354790935198,2.48073127837752,1.6544112780768316,1,0,0,0,0,0,0,0,0,0,0.0
52525_2010,-0.00963471612789452,-0.007001498681655994,0.2424751984160672,0.17932930163116872,0.046543647459941564,0.10622794346132122,1.5895645799458935,2.313108862783517,0.3157842040811889,0.17188007564680471,-10.063247550413816,-9.277747997923779,-0.5101354790935198,0.3535937106223207,1.6544112780768316,2.4150205223238337,1,0,0,0,0,0,0,0,0,0,0.0
52532_2008,0.0,-0.02428156559676932,0.0,0.011021129581004131,0.0,0.08173760824532507,0.0,4.173535580881049,0.0,0.11999449381029333,0.0,-11.240097257872481,0.0,-1.4915032593161368,0.0,0.9969486348916096,0,0,0,0,1,0,0,0,0,0,0.0
52532_2009,-0.02428156559676932,-0.4458471003759826,0.011021129581004131,0.16406517033154835,0.08173760824532507,0.3449014469636549,4.173535580881049,1.041734700542094,0.11999449381029333,0.27937958929195705,-11.240097257872481,-12.967038760322795,-1.4915032593161368,-1.7029113775951323,0.9969486348916096,-1.272965675812887,0,0,0,0,1,0,0,0,0,0,0.0
52532_2010,-0.4458471003759826,-0.4830088319520865,0.16406517033154835,0.1152813188769233,0.3449014469636549,0.10125071330970466,1.041734700542094,1.4382078125226059,0.27937958929195705,0.26535353420043345,-12.967038760322795,-13.283566506128212,-1.7029113775951323,-0.6068509431652169,-1.272965675812887,-1.5141277326297755,0,0,0,0,1,0,0,0,0,0,0.0
52536_2008,0.0,0.0,0.0,0.0,0.0,0.0,0.0,0.0,0.0,0.0,0.0,0.0,0.0,0.0,0.0,0.0,0,0,0,0,0,1,0,0,0,0,0.0
52536_2009,0.0,-0.0012824126093582565,0.0,0.9865388095227354,0.0,0.6123803021106623,0.0,0.4494236740848655,0.0,0.3452237536414833,0.0,-10.373222445806682,0.0,-2.2680423462186647,0.0,0.7129498078561249,0,0,0,0,0,1,0,0,0,0,0.0
52536_2010,-0.0012824126093582565,0.0,0.9865388095227354,0.0,0.6123803021106623,0.0,0.4494236740848655,0.0,0.3452237536414833,0.0,-10.373222445806682,0.0,-2.2680423462186647,0.0,0.7129498078561249,0.0,0,0,0,0,0,1,0,0,0,0,1.0
5253_2008,0.028508332595660626,0.028634383668148064,0.09655747557526824,0.15876227757765474,0.012756302442706126,0.011869315307546318,2.976131277971158,2.0538625088589653,0.21138409753567428,0.1050847659054343,-11.58932445623154,-11.587501618442442,-0.8728336309586713,0.0205259396756936,1.7698546338400052,1.8325814637483104,0,0,0,0,0,0,1,0,0,0,0.0
5253_2009,0.028634383668148064,0.03394788935069868,0.15876227757765474,0.21031621390639949,0.011869315307546318,0.025246345899591675,2.0538625088589653,1.521677626763656,0.1050847659054343,0.1339079590234378,-11.587501618442442,-12.679921655324064,0.0205259396756936,-1.1112711433770233,1.8325814637483104,0.2468600779315258,0,0,0,0,0,0,1,0,0,0,0.0
5253_2010,0.03394788935069868,-0.2103945802406441,0.21031621390639949,0.6457267826231874,0.025246345899591675,0.0646025504564943,1.521677626763656,0.5820027104491767,0.1339079590234378,0.1613551065791853,-12.679921655324064,-12.648523173240427,-1.1112711433770233,0.09390997884303716,0.2468600779315258,0.5128236264286637,0,0,0,0,0,0,1,0,0,0,0.0
52547_2008,0.0,0.01321206891352088,0.0,0.018308495340605958,0.0,0.022849314045077826,0.0,6.9444789399395965,0.0,0.2633459773892261,0.0,-8.670824540940107,0.0,1.7271778837866054,0.0,2.7080502011022096,0,0,1,0,0,0,0,0,0,0,0.0
52547_2009,0.01321206891352088,0.07393709439597282,0.018308495340605958,0.10667655925692872,0.022849314045077826,0.10668407261662144,6.9444789399395965,2.5443898096436994,0.2633459773892261,0.2038369381938094,-8.670824540940107,-9.887642271761587,1.7271778837866054,-1.0322617223848385,2.7080502011022096,2.0706530356467567,0,0,1,0,0,0,0,0,0,0,0.0
52547_2010,0.07393709439597282,0.028218814266544687,0.10667655925692872,0.03590235373216467,0.10668407261662144,0.07726293043968592,2.5443898096436994,4.869413081880026,0.2038369381938094,0.2072025033829807,-9.887642271761587,-8.776260791735847,-1.0322617223848385,1.1909065447113916,2.0706530356467567,2.7080502011022096,0,0,1,0,0,0,0,0,0,0,0.0
52549_2008,0.0,-0.03440281792842872,0.0,0.22034059447627966,0.0,0.002302575871466607,0.0,1.988745409965824,0.0,0.16726352582769755,0.0,-10.463833935201157,0.0,-2.98322597392444,0.0,2.4790562361098245,0,0,0,0,0,0,0,0,0,0,0.0
52549_2009,-0.03440281792842872,-0.2739965037051045,0.22034059447627966,0.3948696994154456,0.002302575871466607,0.039656944355329835,1.988745409965824,0.4900116573733091,0.16726352582769755,0.3600022601589831,-10.463833935201157,-11.198622808780241,-2.98322597392444,-0.9515278484137047,2.4790562361098245,1.0784095813505905,0,0,0,0,0,0,0,0,0,0,0.0
52549_2010,-0.2739965037051045,-0.030827868712362486,0.3948696994154456,0.16095326538402374,0.039656944355329835,0.010600700003228448,0.4900116573733091,1.8458977682074216,0.3600022601589831,0.3329572890444171,-11.198622808780241,-10.01993218289325,-0.9515278484137047,1.3169172689832034,1.0784095813505905,2.4849066497880004,0,0,0,0,0,0,0,0,0,0,0.0
52662_2008,0.0,-0.07646601599435869,0.0,0.3229922912960559,0.0,0.318444797025498,0.0,1.2172067053593747,0.0,0.04521416568896276,0.0,-13.109086043405462,0.0,1.1554301939754543,0.0,1.5644405465033646,0,1,0,0,0,0,0,0,0,0,0.0
52662_2009,-0.07646601599435869,0.24378610110928206,0.3229922912960559,0.5230843508053492,0.318444797025498,0.23698033307545094,1.2172067053593747,1.0276722449025637,0.04521416568896276,0.10013827227715248,-13.109086043405462,-13.076935645414322,1.1554301939754543,-0.4133707996716898,1.5644405465033646,0.636576829071551,0,1,0,0,0,0,0,0,0,0,0.0
52662_2010,0.24378610110928206,-0.10586982172124534,0.5230843508053492,0.5864083519526024,0.23698033307545094,0.15841023121366554,1.0276722449025637,0.8841666072484134,0.10013827227715248,0.14713164406764684,-13.076935645414322,-13.665673894699681,-0.4133707996716898,-0.33436226602653074,0.636576829071551,0.26236426446749106,0,1,0,0,0,0,0,0,0,0,0.0
52663_2008,0.0,-0.022605852148758973,0.0,0.018803577710578744,0.0,0.09428765682559298,0.0,5.301519143173704,0.0,0.3943232524308355,0.0,-10.774968018050457,0.0,1.909712815956151,0.0,2.1656192379208883,0,0,0,0,0,0,1,0,0,0,0.0
52663_2009,-0.022605852148758973,-0.0481639264875923,0.018803577710578744,0.031708253861344474,0.09428765682559298,0.08788607781635388,5.301519143173704,5.443810476869963,0.3943232524308355,0.2074725781433056,-10.774968018050457,-10.600339745193947,1.909712815956151,0.4498126533773034,2.1656192379208883,1.8196988379172965,0,0,0,0,0,0,1,0,0,0,0.0
52663_2010,-0.0481639264875923,-0.21625372953372649,0.031708253861344474,0.0914737389263681,0.08788607781635388,0.19337135913197495,5.443810476869963,3.6114664112567945,0.2074725781433056,0.4594275976302253,-10.600339745193947,-11.928103100450928,0.4498126533773034,-0.14820934085411644,1.8196988379172965,0.5538851132264376,0,0,0,0,0,0,1,0,0,0,0.0
52667_2008,0.0,-0.08410940036849883,0.0,0.3368708612291807,0.0,0.15018151303427768,0.0,1.1897842680870685,0.0,0.032217952492503824,0.0,-12.260189474867587,0.0,1.4486817548905018,0.0,1.5789787049493915,0,1,0,0,0,0,0,0,0,0,0.0
52667_2009,-0.08410940036849883,-0.678060320068189,0.3368708612291807,0.7531258428400545,0.15018151303427768,0.25628514192654456,1.1897842680870685,0.600379828151044,0.032217952492503824,0.16522844258696565,-12.260189474867587,-13.392112593517625,1.4486817548905018,-1.1462152997630444,1.5789787049493915,-0.05129329438755058,0,1,0,0,0,0,0,0,0,0,0.0
52667_2010,-0.678060320068189,-0.6911325556421836,0.7531258428400545,0.7023492549169595,0.25628514192654456,0.08322423101251858,0.600379828151044,1.7789070192713463,0.16522844258696565,0.3424307742577559,-13.392112593517625,-14.033071820345588,-1.1462152997630444,-1.4005853606303311,-0.05129329438755058,-0.4620354595965587,0,1,0,0,0,0,0,0,0,0,0.0
52669_2008,0.0,0.018838236104465875,0.0,0.03809331638731716,0.0,0.04312576246818832,0.0,6.150172336565025,0.0,0.1061997872149622,0.0,-8.693491016711267,0.0,4.185698524622369,0.0,2.7080502011022096,0,0,0,0,1,0,0,0,0,0,0.0
52669_2009,0.018838236104465875,0.017897159191046386,0.03809331638731716,0.0413977262586142,0.04312576246818832,0.0823526061564389,6.150172336565025,4.641133648922153,0.1061997872149622,0.12588885843525438,-8.693491016711267,-8.437449172054015,4.185698524622369,0.2408492886119533,2.7080502011022096,2.7080502011022096,0,0,0,0,1,0,0,0,0,0,0.0
52669_2010,0.017897159191046386,0.029130194863315806,0.0413977262586142,0.036479510765086834,0.0823526061564389,0.10345794370530192,4.641133648922153,4.038959132477187,0.12588885843525438,0.09397695798922223,-8.437449172054015,-8.637422610999637,0.2408492886119533,-0.20555202934893874,2.7080502011022096,2.7080502011022096,0,0,0,0,1,0,0,0,0,0,0.0
52670_2008,0.0,0.002928123848673061,0.0,0.012935341297862423,0.0,0.02053523191840476,0.0,7.984001555217023,0.0,0.2488474078976747,0.0,-8.278464892805646,0.0,-0.7775008171976769,0.0,2.7080502011022096,0,0,1,0,0,0,0,0,0,0,0.0
52670_2009,0.002928123848673061,0.0239185143057814,0.012935341297862423,0.08050184633587865,0.02053523191840476,0.06244471577183935,7.984001555217023,4.62395477456046,0.2488474078976747,0.2869091573940616,-8.278464892805646,-9.292590438336225,-0.7775008171976769,-0.3936322622361567,2.7080502011022096,2.7080502011022096,0,0,1,0,0,0,0,0,0,0,0.0
52670_2010,0.0239185143057814,0.014089960552013843,0.08050184633587865,0.029030181001833574,0.06244471577183935,0.027316932764637883,4.62395477456046,6.900898107116086,0.2869091573940616,0.1919038624807924,-9.292590438336225,-8.375171905957009,-0.3936322622361567,1.0560438762083444,2.7080502011022096,2.7080502011022096,0,0,1,0,0,0,0,0,0,0,0.0
52673_2008,0.0,0.005751463814390974,0.0,0.4501669789275232,0.0,0.03674298732484805,0.0,1.5894560525614072,0.0,0.2637092735910437,0.0,-10.266135115846566,0.0,-3.464031461785397,0.0,2.7080502011022096,0,1,0,0,0,0,0,0,0,0,0.0
52673_2009,0.005751463814390974,0.12298625529245588,0.4501669789275232,0.7709891076625826,0.03674298732484805,0.12158813914293524,1.5894560525614072,0.4437853719717296,0.2637092735910437,0.22680580852692606,-10.266135115846566,-11.017144196501462,-3.464031461785397,-0.9453492250202444,2.7080502011022096,1.5581446180465501,0,1,0,0,0,0,0,0,0,0,0.0
52673_2010,0.12298625529245588,0.11144557358523224,0.7709891076625826,0.6047931828478443,0.12158813914293524,0.2799077607548822,0.4437853719717296,0.5367450632636017,0.22680580852692606,0.2296682787561699,-11.017144196501462,-10.720775214271644,-0.9453492250202444,-0.4397968585020509,1.5581446180465501,1.5151272329628591,0,1,0,0,0,0,0,0,0,0,0.0
52677_2008,0.0,0.0,0.0,0.0,0.0,0.0,0.0,0.0,0.0,0.0,0.0,0.0,0.0,0.0,0.0,0.0,0,0,0,0,0,0,1,0,0,0,0.0
52677_2009,0.0,0.0,0.0,0.0,0.0,0.0,0.0,0.0,0.0,0.0,0.0,0.0,0.0,0.0,0.0,0.0,0,0,0,0,0,0,1,0,0,0,0.0
52677_2010,0.0,0.043989514182257085,0.0,0.12359787730374636,0.0,0.2716331646627362,0.0,1.2868615146791034,0.0,0.1255593957313579,0.0,-10.755888603387772,0.0,-0.11437445806742265,0.0,2.2038691200548883,0,0,0,0,0,0,1,0,0,0,0.0
52681_2008,0.0,0.008855658961702614,0.0,0.005413116967700225,0.0,0.01085486214325078,0.0,1.3979357798165142,0.0,0.023997574297926,0.0,-10.210064199017078,0.0,-1.6171834504172145,0.0,2.21375387928743,0,0,0,0,0,1,0,0,0,0,0.0
52681_2009,0.008855658961702614,0.007289356536717244,0.005413116967700225,0.0009108213937739928,0.01085486214325078,0.0028494504153846927,1.3979357798165142,1.222301144205184,0.023997574297926,0.021230429695289828,-10.210064199017078,-9.706294304493051,-1.6171834504172145,0.42890093455491896,2.21375387928743,2.2235418856535927,0,0,0,0,0,1,0,0,0,0,0.0
52681_2010,0.007289356536717244,0.0,0.0009108213937739928,0.0,0.0028494504153846927,0.0,1.222301144205184,0.0,0.021230429695289828,0.0,-9.706294304493051,0.0,0.42890093455491896,0.0,2.2235418856535927,0.0,0,0,0,0,0,1,0,0,0,0,0.0
52684_2008,0.0,0.011046602418360882,0.0,0.31921501170543465,0.0,0.01325243816940897,0.0,1.829773752896088,0.0,0.12835804618539148,0.0,-9.015919374654574,0.0,0.7596238138835504,0.0,2.7080502011022096,0,0,0,0,0,0,0,0,0,0,0.0
52684_2009,0.011046602418360882,0.08135435967937564,0.31921501170543465,0.4349519640544165,0.01325243816940897,0.0051818881566270646,1.829773752896088,1.3964169667525417,0.12835804618539148,0.13697583826263393,-9.015919374654574,-8.309436840456435,0.7596238138835504,0.5436462200551743,2.7080502011022096,2.7080502011022096,0,0,0,0,0,0,0,0,0,0,0.0
52684_2010,0.08135435967937564,-0.001723199336682526,0.4349519640544165,0.32270994947731435,0.0051818881566270646,0.000568539752584298,1.3964169667525417,2.4273769640579057,0.13697583826263393,0.12287275083326925,-8.309436840456435,-7.854543727922023,0.5436462200551743,0.2801044493500577,2.7080502011022096,2.7080502011022096,0,0,0,0,0,0,0,0,0,0,0.0
52690_2008,0.0,0.003905909444728347,0.0,0.3965860166249896,0.0,0.01789256564953707,0.0,1.5799844906705596,0.0,0.044003143038967726,0.0,-7.7805011112516995,0.0,-0.0851294946773185,0.0,2.7080502011022096,0,0,0,0,0,0,0,0,0,0,0.0
52690_2009,0.003905909444728347,-0.1829552820009472,0.3965860166249896,0.7463351257633253,0.01789256564953707,0.025869655053369852,1.5799844906705596,0.6664882985665226,0.044003143038967726,0.18379978287229587,-7.7805011112516995,-8.647668708109293,-0.0851294946773185,-0.7019157218074934,2.7080502011022096,2.7080502011022096,0,0,0,0,0,0,0,0,0,0,0.0
52690_2010,-0.1829552820009472,-0.11404890198504007,0.7463351257633253,0.7215855161151494,0.025869655053369852,0.020471247214099403,0.6664882985665226,0.832985180735729,0.18379978287229587,0.15874122912765198,-8.647668708109293,-8.909646528053278,-0.7019157218074934,-0.3292602313664345,2.7080502011022096,2.7080502011022096,0,0,0,0,0,0,0,0,0,0,0.0
52697_2008,0.0,-0.05224234218987985,0.0,0.008605517007953969,0.0,0.06265019461837874,0.0,6.565813364416847,0.0,0.20175549835000647,0.0,-11.651371030010871,0.0,1.9159965473020704,0.0,1.316408233655724,0,0,0,0,1,0,0,0,0,0,0.0
52697_2009,-0.05224234218987985,-0.2080984435270672,0.008605517007953969,0.02225040411307075,0.06265019461837874,0.08625769309920868,6.565813364416847,5.950072732994447,0.20175549835000647,0.15896654761724782,-11.651371030010871,-11.906861616697647,1.9159965473020704,-0.24086023801388476,1.316408233655724,0.4989554511955033,0,0,0,0,1,0,0,0,0,0,0.0
52697_2010,-0.2080984435270672,-0.1439348487878586,0.02225040411307075,0.11142312734706576,0.08625769309920868,0.03208119458702753,5.950072732994447,33.964581851383926,0.15896654761724782,0.2577121715681292,-11.906861616697647,-11.978159695768635,-0.24086023801388476,-0.26836550823515143,0.4989554511955033,0.5822156198526637,0,0,0,0,1,0,0,0,0,0,0.0
52700_2008,0.0,0.0,0.0,0.0,0.0,0.0,0.0,0.0,0.0,0.0,0.0,0.0,0.0,0.0,0.0,0.0,1,0,0,0,0,0,0,0,0,0,0.0
52700_2009,0.0,-0.2172945652161083,0.0,0.02023156525506055,0.0,0.03777188379007804,0.0,4.744040451033365,0.0,0.26165534243472444,0.0,-12.597878918814425,0.0,-1.231792299265531,0.0,-0.7765287894989963,1,0,0,0,0,0,0,0,0,0,0.0
52700_2010,-0.2172945652161083,-0.0572092685177577,0.02023156525506055,0.0030259839583346502,0.03777188379007804,0.06403550909217323,4.744040451033365,3.4117390683670465,0.26165534243472444,0.21388173627511586,-12.597878918814425,-11.119952382731327,-1.231792299265531,0.8298901258491383,-0.7765287894989963,0.37156355643248296,1,0,0,0,0,0,0,0,0,0,0.0
52705_2008,0.0,0.006434758904049735,0.0,0.03997319299328601,0.0,0.03631786102486558,0.0,7.295341481482115,0.0,0.307367770781348,0.0,-7.5095673395947315,0.0,4.194453616795261,0.0,2.7080502011022096,0,0,0,0,0,0,1,0,0,0,0.0
52705_2009,0.006434758904049735,0.026330603559930128,0.03997319299328601,0.1605555773414526,0.03631786102486558,0.16706024823223176,7.295341481482115,3.3176500104315534,0.307367770781348,0.3023346533229263,-7.5095673395947315,-8.21582996296109,4.194453616795261,-0.4519867244234687,2.7080502011022096,2.7080502011022096,0,0,0,0,0,0,1,0,0,0,0.0
52705_2010,0.026330603559930128,0.010162801743851351,0.1605555773414526,0.11983219832351462,0.16706024823223176,0.12820733942920967,3.3176500104315534,4.087984532203378,0.3023346533229263,0.1070623483614682,-8.21582996296109,-7.743007180367678,-0.4519867244234687,0.4198468377074521,2.7080502011022096,2.7080502011022096,0,0,0,0,0,0,1,0,0,0,0.0
52707_2008,0.0,0.003024349160535405,0.0,0.4522131468821377,0.0,0.20634924518723488,0.0,1.4311795438652977,0.0,0.1644694480172894,0.0,-9.120925965948302,0.0,-2.505769371552728,0.0,2.5336968139574316,0,0,0,0,0,0,0,0,0,0,0.0
52707_2009,0.003024349160535405,-0.047695457474770886,0.4522131468821377,0.8318296429672151,0.20634924518723488,0.13030540581483518,1.4311795438652977,0.4412597294346632,0.1644694480172894,0.3491152553826767,-9.120925965948302,-9.473898582565374,-2.505769371552728,-1.002276125548632,2.5336968139574316,1.2412685890696329,0,0,0,0,0,0,0,0,0,0,0.0
52707_2010,-0.047695457474770886,0.04219747235539712,0.8318296429672151,0.675427345743271,0.13030540581483518,0.08251407057123185,0.4412597294346632,1.0793011724964845,0.3491152553826767,0.20862268281822133,-9.473898582565374,-8.786409212387968,-1.002276125548632,0.6972456512428434,1.2412685890696329,2.1633230256605382,0,0,0,0,0,0,0,0,0,0,0.0
52708_2008,0.0,0.015167536316347556,0.0,0.13163253771621894,0.0,0.07508257090856157,0.0,2.2298208630163807,0.0,0.07941948827592676,0.0,-8.291403734413317,0.0,-0.4222144826326258,0.0,2.7080502011022096,0,0,0,0,0,0,1,0,0,0,0.0
52708_2009,0.015167536316347556,0.047843149129123255,0.13163253771621894,0.325716186797675,0.07508257090856157,0.12452423897159998,2.2298208630163807,1.8883552507238783,0.07941948827592676,0.17553542638847147,-8.291403734413317,-8.401245485859206,-0.4222144826326258,0.02944626686889623,2.7080502011022096,2.1065702090680887,0,0,0,0,0,0,1,0,0,0,0.0
52708_2010,0.047843149129123255,0.03361020656596762,0.325716186797675,0.144635754161831,0.12452423897159998,0.11124151721881184,1.8883552507238783,2.3114146180368924,0.17553542638847147,0.0915104625104222,-8.401245485859206,-8.033510370479156,0.02944626686889623,0.3017513002250581,2.1065702090680887,2.7013612129514133,0,0,0,0,0,0,1,0,0,0,0.0
52749_2008,0.0,0.05563850916833436,0.0,0.13137876431420256,0.0,0.13892456364674746,0.0,3.2390501441456045,0.0,0.18115342758239836,0.0,-11.205776587737395,0.0,-1.5839256110261943,0.0,2.174751721484161,0,1,0,0,0,0,0,0,0,0,0.0
52749_2009,0.05563850916833436,0.20161318852372026,0.13137876431420256,0.3964693812572965,0.13892456364674746,0.3931262603035342,3.2390501441456045,0.6234343338370264,0.18115342758239836,0.2446049139164345,-11.205776587737395,-12.346378365085895,-1.5839256110261943,-1.1192541060350245,2.174751721484161,0.37156355643248296,0,1,0,0,0,0,0,0,0,0,0.0
52749_2010,0.20161318852372026,-0.4731544023111688,0.3964693812572965,0.2749862855027149,0.3931262603035342,0.3181423692197428,0.6234343338370264,0.9522064342631305,0.2446049139164345,0.1460416424997056,-12.346378365085895,-12.634002107028762,-1.1192541060350245,-0.3858237947573848,0.37156355643248296,0.16551443847757333,0,1,0,0,0,0,0,0,0,0,0.0
52762_2008,0.0,0.03556054983722158,0.0,0.11788322271038955,0.0,0.048006742280249134,0.0,4.662699326423069,0.0,0.10518234008357033,0.0,-7.8608375688694645,0.0,3.355815049280895,0.0,2.7080502011022096,0,0,0,0,0,0,1,0,0,0,0.0
52762_2009,0.03556054983722158,0.0774596218483229,0.11788322271038955,0.20232453226781946,0.048006742280249134,0.1369486114278349,4.662699326423069,2.6908714178685145,0.10518234008357033,0.14523066807893575,-7.8608375688694645,-8.009124471104128,3.355815049280895,-0.052828196940223233,2.7080502011022096,2.696652156149841,0,0,0,0,0,0,1,0,0,0,0.0
52762_2010,0.0774596218483229,0.04260857764348061,0.20232453226781946,0.1105474514450934,0.1369486114278349,0.1108829520564594,2.6908714178685145,3.9298445677037637,0.14523066807893575,0.08975420040009105,-8.009124471104128,-7.520230374188503,-0.052828196940223233,0.5761671476333939,2.696652156149841,2.7080502011022096,0,0,0,0,0,0,1,0,0,0,0.0
52763_2008,0.0,0.0,0.0,0.0,0.0,0.0,0.0,0.0,0.0,0.0,0.0,0.0,0.0,0.0,0.0,0.0,0,0,0,0,0,0,0,0,0,0,0.0
52763_2009,0.0,-0.18888378286024016,0.0,0.008493682271475761,0.0,0.13060632126346716,0.0,2.841420786370464,0.0,0.3274524080261309,0.0,-13.20964921700409,0.0,-1.8592178448096464,0.0,-1.1708604528757338,0,0,0,0,0,0,0,0,0,0,0.0
52763_2010,-0.18888378286024016,-0.08914872997388383,0.008493682271475761,0.005030460029628221,0.13060632126346716,0.16061163000108267,2.841420786370464,3.0672746055276203,0.3274524080261309,0.2652333751163127,-13.20964921700409,-10.738769968304288,-1.8592178448096464,1.809556784269116,-1.1708604528757338,1.3297240096314962,0,0,0,0,0,0,0,0,0,0,0.0
52764_2008,0.0,0.006378809462533434,0.0,0.026464334067742512,0.0,1.0379757675870838,0.0,1.4174584005872517,0.0,0.0029867279091125264,0.0,-10.770821051118526,0.0,2.313298029201355,0.0,2.2460147415056517,0,1,0,0,0,0,0,0,0,0,0.0
52764_2009,0.006378809462533434,-0.08722017825257503,0.026464334067742512,0.6725566078999639,1.0379757675870838,0.07510724932345393,1.4174584005872517,0.9207326442786778,0.0029867279091125264,0.1764132517898953,-10.770821051118526,-10.338309498324863,2.313298029201355,-0.1502586624983569,2.2460147415056517,1.6808279085207734,0,1,0,0,0,0,0,0,0,0,0.0
52764_2010,-0.08722017825257503,0.07346416336364761,0.6725566078999639,0.7618081199754956,0.07510724932345393,0.15549164911059274,0.9207326442786778,0.4936432986249835,0.1764132517898953,0.14005318357144564,-10.338309498324863,-11.53161813394026,-0.1502586624983569,-0.8291295015958288,1.6808279085207734,1.075002423028976,0,1,0,0,0,0,0,0,0,0,0.0
52773_2008,0.0,-0.0037710292382549335,0.0,0.7871474539636745,0.0,0.010958133908453151,0.0,0.7474735723325736,0.0,0.08113952603030558,0.0,-10.954704399635077,0.0,2.8748069165067,0.0,2.2864557110641623,0,0,0,0,0,1,0,0,0,0,0.0
52773_2009,-0.0037710292382549335,0.004040899452189309,0.7871474539636745,0.8275449905593837,0.010958133908453151,0.0049912912546784685,0.7474735723325736,0.7077840421722366,0.08113952603030558,0.08345771556945639,-10.954704399635077,-10.583575989847107,2.8748069165067,0.3772441948183605,2.2864557110641623,2.234306252240751,0,0,0,0,0,1,0,0,0,0,0.0
52773_2010,0.004040899452189309,-0.033639980970288835,0.8275449905593837,0.8981159280285548,0.0049912912546784685,0.08674434515208852,0.7077840421722366,0.5655682759146486,0.08345771556945639,0.11107594145141443,-10.583575989847107,-11.296281112716418,0.3772441948183605,-0.5759456877885607,2.234306252240751,1.8794650496471603,0,0,0,0,0,1,0,0,0,0,0.0
52778_2008,0.0,0.013739778846247285,0.0,0.3222990402130125,0.0,0.2261475819608851,0.0,1.0804094707276353,0.0,0.0062543788766242425,0.0,-11.537700923114233,0.0,-0.08123908410764244,0.0,2.639771360348916,0,0,0,0,0,1,0,0,0,0,0.0
52778_2009,0.013739778846247285,0.07377091210371918,0.3222990402130125,0.393163742548018,0.2261475819608851,0.23867258237324546,1.0804094707276353,0.8168085884295515,0.0062543788766242425,0.09410974885936764,-11.537700923114233,-11.377088710842381,-0.08123908410764244,0.09535162302723832,2.639771360348916,2.2793164660546914,0,0,0,0,0,1,0,0,0,0,0.0
52778_2010,0.07377091210371918,0.04949433481120867,0.393163742548018,0.2764910189060411,0.23867258237324546,0.12675782301097438,0.8168085884295515,1.3026109160453838,0.09410974885936764,0.0741987668308953,-11.377088710842381,-10.947337470788991,0.09535162302723832,0.15608701663268765,2.2793164660546914,2.7080502011022096,0,0,0,0,0,1,0,0,0,0,0.0
52782_2008,0.0,0.01843342214740482,0.0,0.4158858706006467,0.0,0.10623388053038207,0.0,1.767791480536983,0.0,0.7606851392864656,0.0,-10.575201689956831,0.0,-1.2188555625868012,0.0,2.561867690924129,0,0,0,0,0,0,0,1,0,0,0.0
52782_2009,0.01843342214740482,0.037339305123496126,0.4158858706006467,0.7044572917057083,0.10623388053038207,0.10581617068325774,1.767791480536983,0.5833612396484139,0.7606851392864656,0.1297599056802358,-10.575201689956831,-11.261805673426748,-1.2188555625868012,-0.691718405718984,2.561867690924129,1.3812818192963463,0,0,0,0,0,0,0,1,0,0,0.0
52782_2010,0.037339305123496126,0.04143896811445336,0.7044572917057083,0.4187076177829459,0.10581617068325774,0.2920989757670869,0.5833612396484139,1.995125062204979,0.1297599056802358,0.1308919701858067,-11.261805673426748,-9.809879459022854,-0.691718405718984,1.01655821676228,1.3812818192963463,2.7080502011022096,0,0,0,0,0,0,0,1,0,0,0.0
52785_2008,0.0,0.008836011020643419,0.0,0.8525719216118671,0.0,0.026340118840720208,0.0,1.4374305683755375,0.0,0.006300551331342765,0.0,-10.411537753282651,0.0,2.1796353873858667,0.0,2.7080502011022096,0,0,0,0,0,1,0,0,0,0,0.0
52785_2009,0.008836011020643419,0.007191623044339181,0.8525719216118671,0.8168325153341178,0.026340118840720208,0.02701207806814717,1.4374305683755375,1.3972516487116096,0.006300551331342765,0.11654079891343955,-10.411537753282651,-9.465149156031666,2.1796353873858667,0.8188361382414016,2.7080502011022096,2.7080502011022096,0,0,0,0,0,1,0,0,0,0,0.0
52785_2010,0.007191623044339181,0.007727655908468559,0.8168325153341178,0.9074068335766028,0.02701207806814717,0.01869146085502893,1.3972516487116096,0.7271652144236522,0.11654079891343955,0.15546542912635622,-9.465149156031666,-10.340545114141056,0.8188361382414016,-0.8756922543464626,2.7080502011022096,2.457877977400081,0,0,0,0,0,1,0,0,0,0,0.0
52786_2008,0.0,-0.025971414789565533,0.0,0.010346779099445659,0.0,0.2843956218317342,0.0,2.6750335186719525,0.0,0.06677591804842703,0.0,-10.580800271821632,0.0,-0.5411829070576348,0.0,2.7080502011022096,0,0,0,0,1,0,0,0,0,0,0.0
52786_2009,-0.025971414789565533,-0.11135151388380483,0.010346779099445659,0.03206217643675156,0.2843956218317342,0.5050593526120378,2.6750335186719525,1.612440967688895,0.06677591804842703,0.2160324587296517,-10.580800271821632,-10.87851484221916,-0.5411829070576348,-0.2846621836504715,2.7080502011022096,1.9754689512968575,0,0,0,0,1,0,0,0,0,0,0.0
52786_2010,-0.11135151388380483,-0.2720281081638924,0.03206217643675156,0.043520275452500624,0.5050593526120378,0.6479490000070364,1.612440967688895,1.2189820164895178,0.2160324587296517,0.16603697440916565,-10.87851484221916,-11.709491647376275,-0.2846621836504715,-0.7555618996966571,1.9754689512968575,1.3737155789130306,0,0,0,0,1,0,0,0,0,0,0.0
52788_2008,0.0,0.022516849642547788,0.0,0.22922126273177426,0.0,0.0033675288452975558,0.0,3.1299820006998766,0.0,0.08617410403769098,0.0,-9.48851436788916,0.0,2.5860130083895623,0.0,2.7080502011022096,0,0,1,0,0,0,0,0,0,0,0.0
52788_2009,0.022516849642547788,0.038250758944831285,0.22922126273177426,0.4904174794524032,0.0033675288452975558,0.005507213117037211,3.1299820006998766,1.3245953054145296,0.08617410403769098,0.17957901681296828,-9.48851436788916,-9.707663206379818,2.5860130083895623,-0.18987535427396698,2.7080502011022096,2.113842968397168,0,0,1,0,0,0,0,0,0,0,0.0
52788_2010,0.038250758944831285,0.028323743351592105,0.4904174794524032,0.18785602591310172,0.005507213117037211,0.0028909563228820385,1.3245953054145296,2.999716689528033,0.17957901681296828,0.19126568406080025,-9.707663206379818,-9.149369807228606,-0.18987535427396698,0.8395083579493688,2.113842968397168,2.7080502011022096,0,0,1,0,0,0,0,0,0,0,0.0
52793_2008,0.0,-0.01892263973874679,0.0,0.3987906167012487,0.0,0.00853782743928282,0.0,3.5552067316630875,0.0,0.11266418160765974,0.0,-8.697784081630925,0.0,-2.3344380198642987,0.0,2.7080502011022096,0,0,0,0,0,0,0,0,0,0,0.0
52793_2009,-0.01892263973874679,0.12006442106003258,0.3987906167012487,0.747342887610298,0.00853782743928282,0.03184653198495377,3.5552067316630875,0.6204404570428399,0.11266418160765974,0.27604051848213146,-8.697784081630925,-10.033911121787792,-2.3344380198642987,-1.4710224315936784,2.7080502011022096,1.3862943611198906,0,0,0,0,0,0,0,0,0,0,0.0
52793_2010,0.12006442106003258,0.04496782343908084,0.747342887610298,0.6160132757328847,0.03184653198495377,0.02392850483056894,0.6204404570428399,0.914411214795116,0.27604051848213146,0.22408183084455205,-10.033911121787792,-9.726778929444778,-1.4710224315936784,-0.002187977339196623,1.3862943611198906,1.925707441737794,0,0,0,0,0,0,0,0,0,0,0.0
52799_2008,0.0,0.032541659447601484,0.0,0.55572146104012,0.0,0.0756093689100474,0.0,3.892130069965273,0.0,0.03535963537136714,0.0,-10.646090902325863,0.0,-1.537253471755014,0.0,2.179286876649552,0,1,0,0,0,0,0,0,0,0,0.0
52799_2009,0.032541659447601484,-0.012669156566900227,0.55572146104012,0.8407424143648813,0.0756093689100474,0.16288995499451067,3.892130069965273,1.9610653278820533,0.03535963537136714,0.30073082708781634,-10.646090902325863,-10.917984032035825,-1.537253471755014,-0.38336577058695337,2.179286876649552,1.3711807233098423,0,1,0,0,0,0,0,0,0,0,0.0
52799_2010,-0.012669156566900227,-0.019578480981635442,0.8407424143648813,0.8234494733416536,0.16288995499451067,0.21262940767882235,1.9610653278820533,2.125107753812156,0.30073082708781634,0.3083338150151337,-10.917984032035825,-10.685077971849834,-0.38336577058695337,0.1719479948683187,1.3711807233098423,1.483874689458755,0,1,0,0,0,0,0,0,0,0,0.0
52807_2008,0.0,0.0,0.0,0.0,0.0,0.0,0.0,0.0,0.0,0.0,0.0,0.0,0.0,0.0,0.0,0.0,0,0,0,0,0,0,0,0,0,1,0.0
52807_2009,0.0,0.0,0.0,0.0,0.0,0.0,0.0,0.0,0.0,0.0,0.0,0.0,0.0,0.0,0.0,0.0,0,0,0,0,0,0,0,0,0,1,0.0
52807_2010,0.0,0.0,0.0,0.0,0.0,0.0,0.0,0.0,0.0,0.0,0.0,0.0,0.0,0.0,0.0,0.0,0,0,0,0,0,0,0,0,0,1,0.0
52809_2008,0.0,-0.06030002613001133,0.0,0.10722237979636458,0.0,0.24960860816373026,0.0,3.8284788311269153,0.0,0.004111978301121046,0.0,-11.989497384057193,0.0,-1.5641174953456598,0.0,1.3241529645820411,0,0,0,0,1,0,0,0,0,0,0.0
52809_2009,-0.06030002613001133,-0.28445821822720196,0.10722237979636458,0.23222223780342446,0.24960860816373026,0.4241631725820701,3.8284788311269153,2.488529112986249,0.004111978301121046,0.16491886073029285,-11.989497384057193,-12.78984796080851,-1.5641174953456598,-0.8519758267651045,1.3241529645820411,0.01980262729617973,0,0,0,0,1,0,0,0,0,0,0.0
52809_2010,-0.28445821822720196,0.05178452109398402,0.23222223780342446,0.08022088584748432,0.4241631725820701,0.2168152807538997,2.488529112986249,2.8512417846271787,0.16491886073029285,0.3249638950230404,-12.78984796080851,-12.241685549936644,-0.8519758267651045,-0.03192108007135391,0.01980262729617973,0.7227059828014898,0,0,0,0,1,0,0,0,0,0,0.0
52811_2008,0.0,0.0,0.0,0.0,0.0,0.0,0.0,0.0,0.0,0.0,0.0,0.0,0.0,0.0,0.0,0.0,0,0,0,0,0,1,0,0,0,0,0.0
52811_2009,0.0,0.0,0.0,0.0,0.0,0.0,0.0,0.0,0.0,0.0,0.0,0.0,0.0,0.0,0.0,0.0,0,0,0,0,0,1,0,0,0,0,0.0
52811_2010,0.0,0.0,0.0,0.0,0.0,0.0,0.0,0.0,0.0,0.0,0.0,0.0,0.0,0.0,0.0,0.0,0,0,0,0,0,1,0,0,0,0,0.0
52821_2008,0.0,0.0495295867696247,0.0,0.4937097322329589,0.0,0.05083172566634341,0.0,1.5979244514004256,0.0,0.10496300194473056,0.0,-9.831089235130142,0.0,0.505162128154703,0.0,2.676215477582192,0,1,0,0,0,0,0,0,0,0,0.0
52821_2009,0.0495295867696247,0.06555119185033832,0.4937097322329589,0.6119474950648776,0.05083172566634341,0.05497653365611251,1.5979244514004256,1.1087729675546143,0.10496300194473056,0.1974304181351691,-9.831089235130142,-9.652468823436443,0.505162128154703,0.4015130945752125,2.676215477582192,2.360854001118021,0,1,0,0,0,0,0,0,0,0,0.0
52821_2010,0.06555119185033832,0.056951454681916376,0.6119474950648776,0.4935997684700269,0.05497653365611251,0.03564735947355916,1.1087729675546143,1.520083351006037,0.1974304181351691,0.17879655929505944,-9.652468823436443,-9.417302659887993,0.4015130945752125,0.3684446677903497,2.360854001118021,2.7080502011022096,0,1,0,0,0,0,0,0,0,0,0.0
5286_2008,0.03812395400417337,0.08006121746833343,0.3770893374539376,0.417350485824676,0.20955627578192712,0.4226892185281707,1.5935284465002542,1.1444626383835497,0.08593433025302959,0.10014099243339326,-12.941032824044713,-13.139640111401052,0.14820628808490838,-0.2622856735604186,2.101692150614656,1.9006138741401368,0,0,0,0,0,0,1,0,0,0,0.0
5286_2009,0.08006121746833343,-0.008871799231401373,0.417350485824676,0.5682965055574084,0.4226892185281707,0.4031328132322776,1.1444626383835497,0.8415474509500643,0.10014099243339326,0.13653509500453376,-13.139640111401052,-13.493006325606466,-0.2622856735604186,-0.5103809661708842,1.9006138741401368,1.0681874448541318,0,0,0,0,0,0,1,0,0,0,0.0
5286_2010,-0.008871799231401373,-0.10920900692840646,0.5682965055574084,0.6290704387990762,0.4031328132322776,0.5457274826789839,0.8415474509500643,0.7094818446859263,0.13653509500453376,0.06961684665032228,-13.493006325606466,-13.5360463427422,-0.5103809661708842,-0.16238367725378336,1.0681874448541318,1.297463147413275,0,0,0,0,0,0,1,0,0,0,0.0
52942_2008,0.0,0.0,0.0,0.0,0.0,0.0,0.0,0.0,0.0,0.0,0.0,0.0,0.0,0.0,0.0,0.0,0,0,0,0,0,0,0,0,1,0,0.0
52942_2009,0.0,0.06476683937823835,0.0,0.0,0.0,0.0,0.0,0.5009606225854073,0.0,0.10112401571727644,0.0,-10.310135373149024,0.0,-0.2060196404797328,0.0,2.4159137783010487,0,0,0,0,0,0,0,0,1,0,0.0
52942_2010,0.06476683937823835,0.02662572473664845,0.0,0.0,0.0,0.0,0.5009606225854073,0.9874356915838571,0.10112401571727644,0.10093738865472472,-10.310135373149024,-9.145626256710859,-0.2060196404797328,-0.057321268618585074,2.4159137783010487,2.7080502011022096,0,0,0,0,0,0,0,0,1,0,0.0
52958_2008,0.0,0.0,0.0,0.0,0.0,0.0,0.0,0.0,0.0,0.0,0.0,0.0,0.0,0.0,0.0,0.0,0,0,0,0,0,0,0,1,0,0,0.0
52958_2009,0.0,0.0,0.0,0.0,0.0,0.0,0.0,0.0,0.0,0.0,0.0,0.0,0.0,0.0,0.0,0.0,0,0,0,0,0,0,0,1,0,0,0.0
52958_2010,0.0,-0.0592573985196922,0.0,0.2430573167723933,0.0,0.19749514038340715,0.0,0.9078639404560928,0.0,0.09015021472622843,0.0,-9.775609322689256,0.0,-0.43813503842704105,0.0,2.0831845279586703,0,0,0,0,0,0,0,1,0,0,0.0
52967_2008,0.0,0.0,0.0,0.0,0.0,0.0,0.0,0.0,0.0,0.0,0.0,0.0,0.0,0.0,0.0,0.0,0,0,0,0,1,0,0,0,0,0,0.0
52967_2009,0.0,0.01548713995343932,0.0,0.02634075644878283,0.0,0.09787098514193576,0.0,2.9988587706530097,0.0,0.1682401659909819,0.0,-9.51546250332005,0.0,0.4206109894107451,0.0,2.7080502011022096,0,0,0,0,1,0,0,0,0,0,0.0
52967_2010,0.01548713995343932,-0.12692697979371576,0.02634075644878283,0.11758536236115424,0.09787098514193576,0.3046842601494783,2.9988587706530097,0.9576139478197904,0.1682401659909819,0.26501428713885233,-9.51546250332005,-11.14553635685759,0.4206109894107451,-1.636470360346375,2.7080502011022096,1.7817091333745536,0,0,0,0,1,0,0,0,0,0,0.0
52968_2008,0.0,0.0,0.0,0.0,0.0,0.0,0.0,0.0,0.0,0.0,0.0,0.0,0.0,0.0,0.0,0.0,0,1,0,0,0,0,0,0,0,0,0.0
52968_2009,0.0,-0.006013712455232079,0.0,0.07785078252689052,0.0,0.0024337672931446647,0.0,2.488425470311924,0.0,0.13241072437761126,0.0,-11.057350965065112,0.0,-0.9639316353925044,0.0,2.4510050981123186,0,1,0,0,0,0,0,0,0,0,0.0
52968_2010,-0.006013712455232079,0.014688570358907391,0.07785078252689052,0.08242966812678537,0.0024337672931446647,0.0089294711049688,2.488425470311924,2.207745362147412,0.13241072437761126,0.15544432846468906,-11.057350965065112,-11.392276104410735,-0.9639316353925044,-0.41596509261269504,2.4510050981123186,2.347558458636777,0,1,0,0,0,0,0,0,0,0,0.0
52969_2008,0.0,0.0,0.0,0.0,0.0,0.0,0.0,0.0,0.0,0.0,0.0,0.0,0.0,0.0,0.0,0.0,0,0,1,0,0,0,0,0,0,0,0.0
52969_2009,0.0,0.0736623445039091,0.0,0.7657920572776361,0.0,0.18994767908240845,0.0,0.8621337443821432,0.0,0.24606572144583685,0.0,-13.125826511095106,0.0,-3.268993053246951,0.0,-0.2433462586317292,0,0,1,0,0,0,0,0,0,0,0.0
52969_2010,0.0736623445039091,0.007696487477045226,0.7657920572776361,0.3240298192710811,0.18994767908240845,0.04558629532653888,0.8621337443821432,3.0755751531862527,0.24606572144583685,0.3065873991053005,-13.125826511095106,-11.63544077795266,-3.268993053246951,1.4462732901972457,-0.2433462586317292,1.4816045409242156,0,0,1,0,0,0,0,0,0,0,0.0
52970_2008,0.0,0.0,0.0,0.0,0.0,0.0,0.0,0.0,0.0,0.0,0.0,0.0,0.0,0.0,0.0,0.0,0,0,0,0,0,1,0,0,0,0,0.0
52970_2009,0.0,-0.016779732771722608,0.0,0.9418156173663472,0.0,0.022493668318611614,0.0,0.6768913624876882,0.0,0.0803889945628453,0.0,-11.431614885512367,0.0,1.1588147822240675,0.0,2.2925347571405443,0,0,0,0,0,1,0,0,0,0,0.0
52970_2010,-0.016779732771722608,0.0030244562512643344,0.9418156173663472,0.948409526330639,0.022493668318611614,0.018924631222472326,0.6768913624876882,0.5768396366681198,0.0803889945628453,0.14564380026292684,-11.431614885512367,-11.790572069374676,1.1588147822240675,-0.26885198869020405,2.2925347571405443,2.1679101896674444,0,0,0,0,0,1,0,0,0,0,0.0
52975_2008,0.0,0.0,0.0,0.0,0.0,0.0,0.0,0.0,0.0,0.0,0.0,0.0,0.0,0.0,0.0,0.0,0,1,0,0,0,0,0,0,0,0,0.0
52975_2009,0.0,0.06176946997553081,0.0,0.17026369996474106,0.0,0.0097426095347672,0.0,3.2538642913282683,0.0,0.11528054713998273,0.0,-8.93762919555695,0.0,1.7758006018184491,0.0,2.7080502011022096,0,1,0,0,0,0,0,0,0,0,0.0
52975_2010,0.06176946997553081,0.06739117116369335,0.17026369996474106,0.1693672542149126,0.0097426095347672,0.04301704278581794,3.2538642913282683,3.1547000264955143,0.11528054713998273,0.07858780151093282,-8.93762919555695,-9.049452488929976,1.7758006018184491,-0.2779437911121938,2.7080502011022096,2.7080502011022096,0,1,0,0,0,0,0,0,0,0,0.0
52977_2008,0.0,0.0,0.0,0.0,0.0,0.0,0.0,0.0,0.0,0.0,0.0,0.0,0.0,0.0,0.0,0.0,0,0,0,0,0,0,0,0,0,0,0.0
52977_2009,0.0,0.023109387699147103,0.0,0.13132203323443298,0.0,0.007647640590268599,0.0,1.6615939029438265,0.0,0.2915933338809665,0.0,-11.391686424604632,0.0,-2.130140979590787,0.0,0.9555114450274363,0,0,0,0,0,0,0,0,0,0,0.0
52977_2010,0.023109387699147103,0.005261849877674679,0.13132203323443298,0.02262651844504911,0.007647640590268599,0.05853455507008092,1.6615939029438265,3.1858223465952,0.2915933338809665,0.21128245976531512,-11.391686424604632,-9.870935414933973,-2.130140979590787,1.0242155869956613,0.9555114450274363,2.4714836294558595,0,0,0,0,0,0,0,0,0,0,0.0
52978_2008,0.0,0.0,0.0,0.0,0.0,0.0,0.0,0.0,0.0,0.0,0.0,0.0,0.0,0.0,0.0,0.0,0,0,0,1,0,0,0,0,0,0,0.0
52978_2009,0.0,0.06107722147266505,0.0,0.2257995624603373,0.0,0.01357173092520322,0.0,5.640549078436584,0.0,0.978917596936508,0.0,-4.490916181810328,0.0,3.343045094950344,0.0,2.7080502011022096,0,0,0,1,0,0,0,0,0,0,0.0
52978_2010,0.06107722147266505,0.05313806080769447,0.2257995624603373,0.2380152780454394,0.01357173092520322,0.012903281873833094,5.640549078436584,6.387016555632084,0.978917596936508,0.08326676280541317,-4.490916181810328,-4.683602238495821,3.343045094950344,-0.0365082553729042,2.7080502011022096,2.7080502011022096,0,0,0,1,0,0,0,0,0,0,0.0
52985_2008,0.0,0.0,0.0,0.0,0.0,0.0,0.0,0.0,0.0,0.0,0.0,0.0,0.0,0.0,0.0,0.0,0,0,0,0,0,0,0,0,1,0,0.0
52985_2009,0.0,-0.04865541087588585,0.0,0.7108695247668794,0.0,0.0008651066302772608,0.0,0.8298308079605634,0.0,0.09313726419102357,0.0,-7.762395049044187,0.0,-1.7769128625978174,0.0,2.7080502011022096,0,0,0,0,0,0,0,0,1,0,0.0
52985_2010,-0.04865541087588585,-0.018797951950146042,0.7108695247668794,0.6840778453722861,0.0008651066302772608,0.00510808822371334,0.8298308079605634,0.9802960203893524,0.09313726419102357,0.07638278334786001,-7.762395049044187,-7.838820757487283,-1.7769128625978174,-0.24024606722180225,2.7080502011022096,2.7080502011022096,0,0,0,0,0,0,0,0,1,0,0.0
52991_2008,0.0,0.0,0.0,0.0,0.0,0.0,0.0,0.0,0.0,0.0,0.0,0.0,0.0,0.0,0.0,0.0,0,0,0,0,0,0,0,0,0,0,0.0
52991_2009,0.0,0.024771667327736484,0.0,0.29595157468518,0.0,0.18635842889324256,0.0,0.8566455922245284,0.0,0.28627073680589804,0.0,-10.094888908795564,0.0,-3.361139454198665,0.0,1.029619417181158,0,0,0,0,0,0,0,0,0,0,0.0
52991_2010,0.024771667327736484,0.008076732492722047,0.29595157468518,0.1896690938191184,0.18635842889324256,0.15782448595777698,0.8566455922245284,1.599135532888944,0.28627073680589804,0.1063555344036242,-10.094888908795564,-8.988628770461583,-3.361139454198665,0.4087428042101247,1.029619417181158,1.7457155307266483,0,0,0,0,0,0,0,0,0,0,0.0
52993_2008,0.0,0.0,0.0,0.0,0.0,0.0,0.0,0.0,0.0,0.0,0.0,0.0,0.0,0.0,0.0,0.0,1,0,0,0,0,0,0,0,0,0,0.0
52993_2009,0.0,0.08872235456330901,0.0,0.03325642445739567,0.0,0.07249338360207908,0.0,2.0954035733726237,0.0,0.2352029198667631,0.0,-8.527358398285848,0.0,3.199072647101805,0.0,2.7080502011022096,1,0,0,0,0,0,0,0,0,0,0.0
52993_2010,0.08872235456330901,0.0246117879799998,0.03325642445739567,0.02658012619689617,0.07249338360207908,0.044893320827166336,2.0954035733726237,2.553515398052874,0.2352029198667631,0.15859087485560047,-8.527358398285848,-8.419770215619353,3.199072647101805,0.061890741223674,2.7080502011022096,2.7080502011022096,1,0,0,0,0,0,0,0,0,0,0.0
53000_2008,0.0,0.0,0.0,0.0,0.0,0.0,0.0,0.0,0.0,0.0,0.0,0.0,0.0,0.0,0.0,0.0,0,1,0,0,0,0,0,0,0,0,0.0
53000_2009,0.0,0.045147534460065496,0.0,0.2783020476548242,0.0,0.14104132446157813,0.0,0.6538790343320552,0.0,0.1914366067192506,0.0,-10.007179438640966,0.0,1.6607696889460863,0.0,2.2375130962503307,0,1,0,0,0,0,0,0,0,0,0.0
53000_2010,0.045147534460065496,-0.20132921249556676,0.2783020476548242,0.17780695358330048,0.14104132446157813,0.18156652046944652,0.6538790343320552,1.2833100616044668,0.1914366067192506,0.11777931639143445,-10.007179438640966,-9.646329040306222,1.6607696889460863,0.3958620640615015,2.2375130962503307,2.7080502011022096,0,1,0,0,0,0,0,0,0,0,0.0
53006_2008,0.0,0.0,0.0,0.0,0.0,0.0,0.0,0.0,0.0,0.0,0.0,0.0,0.0,0.0,0.0,0.0,0,1,0,0,0,0,0,0,0,0,0.0
53006_2009,0.0,-0.1195669479382264,0.0,0.4012630685135064,0.0,0.0099241097489784,0.0,2.034809270448192,0.0,0.804297646184874,0.0,-12.762509340925364,0.0,-2.9798218789266,0.0,-0.5621189181535413,0,1,0,0,0,0,0,0,0,0,0.0
53006_2010,-0.1195669479382264,-0.4247452571416651,0.4012630685135064,0.5138661465775283,0.0099241097489784,0.0,2.034809270448192,18.6444,0.804297646184874,0.22863405256044064,-12.762509340925364,-13.208723007933754,-2.9798218789266,-1.0386333595907546,-0.5621189181535413,-0.916290731874155,0,1,0,0,0,0,0,0,0,0,0.0
53008_2008,0.0,0.0,0.0,0.0,0.0,0.0,0.0,0.0,0.0,0.0,0.0,0.0,0.0,0.0,0.0,0.0,0,1,0,0,0,0,0,0,0,0,0.0
53008_2009,0.0,-0.0004777813674136205,0.0,0.6243330619769454,0.0,0.024066458300438798,0.0,2.3007881809297017,0.0,0.2981074193314236,0.0,-9.751090828923036,0.0,4.634452490967067,0.0,2.340843805111136,0,1,0,0,0,0,0,0,0,0,0.0
53008_2010,-0.0004777813674136205,0.018262493043261774,0.6243330619769454,0.6005710281053759,0.024066458300438798,0.038343023907235714,2.3007881809297017,2.105573594295114,0.2981074193314236,0.13535240847449054,-9.751090828923036,-9.856079682497155,4.634452490967067,-0.01893137906694248,2.340843805111136,2.488234439880675,0,1,0,0,0,0,0,0,0,0,0.0
53015_2008,0.0,0.0,0.0,0.0,0.0,0.0,0.0,0.0,0.0,0.0,0.0,0.0,0.0,0.0,0.0,0.0,0,0,0,0,1,0,0,0,0,0,0.0
53015_2009,0.0,-0.0958025904926851,0.0,0.027480832655576812,0.0,0.06570825068604562,0.0,6.719360824492205,0.0,0.33136403653695484,0.0,-11.966978569845901,0.0,-3.2903477617585626,0.0,-0.11653381625595152,0,0,0,0,1,0,0,0,0,0,0.0
53015_2010,-0.0958025904926851,-0.12573502922399418,0.027480832655576812,0.03718701584533037,0.06570825068604562,0.14711411827006554,6.719360824492205,4.015186157265145,0.33136403653695484,0.2497756379232066,-11.966978569845901,-12.220878163548214,-3.2903477617585626,-0.25157557958090776,-0.11653381625595152,-0.3856624808119846,0,0,0,0,1,0,0,0,0,0,0.0
53017_2008,0.0,0.0,0.0,0.0,0.0,0.0,0.0,0.0,0.0,0.0,0.0,0.0,0.0,0.0,0.0,0.0,1,0,0,0,0,0,0,0,0,0,0.0
53017_2009,0.0,-0.03695537497005971,0.0,0.9684665819319238,0.0,0.07031673884491894,0.0,53.6084,0.0,0.18899917427296214,0.0,-11.894554663538274,0.0,-2.4422730073863166,0.0,0.029558802241544432,1,0,0,0,0,0,0,0,0,0,0.0
53017_2010,-0.03695537497005971,0.06691513784633285,0.9684665819319238,0.9137079229321028,0.07031673884491894,0.09601229890676384,53.6084,1.0812060069074405,0.18899917427296214,0.2866933163757917,-11.894554663538274,-11.193046089128716,-2.4422730073863166,1.0631317730703498,0.029558802241544432,0.9593502213346021,1,0,0,0,0,0,0,0,0,0,0.0
53020_2008,0.0,0.0,0.0,0.0,0.0,0.0,0.0,0.0,0.0,0.0,0.0,0.0,0.0,0.0,0.0,0.0,0,1,0,0,0,0,0,0,0,0,0.0
53020_2009,0.0,0.1351761555842841,0.0,0.5871762095590431,0.0,0.09253382805660136,0.0,82.43946677777335,0.0,0.3936054458776975,0.0,-9.978923584618848,0.0,1.5773858704065422,0.0,1.8991179875485544,0,1,0,0,0,0,0,0,0,0,0.0
53020_2010,0.1351761555842841,0.16392826877140218,0.5871762095590431,0.526743815327635,0.09253382805660136,0.0819730537643296,82.43946677777335,3.5307369311564045,0.3936054458776975,0.278962485353276,-9.978923584618848,-9.94219057842229,1.5773858704065422,0.03295025668943563,1.8991179875485544,2.1701959049483,0,1,0,0,0,0,0,0,0,0,0.0
53023_2008,0.0,0.0,0.0,0.0,0.0,0.0,0.0,0.0,0.0,0.0,0.0,0.0,0.0,0.0,0.0,0.0,0,0,0,0,0,0,1,0,0,0,0.0
53023_2009,0.0,0.12116059904383622,0.0,0.1296974117565562,0.0,0.07844597409821003,0.0,1.4822286833204772,0.0,0.101156793202062,0.0,-10.70765794127048,0.0,-1.171294984160068,0.0,1.2809338454620642,0,0,0,0,0,0,1,0,0,0,0.0
53023_2010,0.12116059904383622,0.07710581238704428,0.1296974117565562,0.21247333514728636,0.07844597409821003,0.04954807462213156,1.4822286833204772,1.829361020059672,0.101156793202062,0.1724896182705908,-10.70765794127048,-10.382627713021645,-1.171294984160068,0.4029658467197616,1.2809338454620642,1.8180767775454283,0,0,0,0,0,0,1,0,0,0,0.0
53026_2008,0.0,0.0,0.0,0.0,0.0,0.0,0.0,0.0,0.0,0.0,0.0,0.0,0.0,0.0,0.0,0.0,0,0,0,0,0,1,0,0,0,0,0.0
53026_2009,0.0,0.002304723492703693,0.0,0.905815061812462,0.0,0.020510769264956697,0.0,0.8740737249055955,0.0,0.019115202200752385,0.0,-11.840117370478772,0.0,2.9270907840941405,0.0,2.2192034840549946,0,0,0,0,0,1,0,0,0,0,0.0
53026_2010,0.002304723492703693,0.0014861744574580353,0.905815061812462,0.9149478544055214,0.020510769264956697,0.037264720925866086,0.8740737249055955,0.8421175933070234,0.019115202200752385,0.053060645427088236,-11.840117370478772,-12.041334773830958,2.9270907840941405,-0.24316046173846084,2.2192034840549946,2.2607104613123044,0,0,0,0,0,1,0,0,0,0,0.0
53029_2008,0.0,0.0,0.0,0.0,0.0,0.0,0.0,0.0,0.0,0.0,0.0,0.0,0.0,0.0,0.0,0.0,0,1,0,0,0,0,0,0,0,0,0.0
53029_2009,0.0,0.004583907747146176,0.0,0.08298925518340762,0.0,0.328501985789886,0.0,2.3488955502183138,0.0,0.21869925809553184,0.0,-13.574105621774585,0.0,-1.5252719273066044,0.0,1.1939224684724346,0,1,0,0,0,0,0,0,0,0,0.0
53029_2010,0.004583907747146176,-0.12257644572189187,0.08298925518340762,0.3273580972859117,0.328501985789886,0.5309695679838514,2.3488955502183138,1.142183326068247,0.21869925809553184,0.1604524923716999,-13.574105621774585,-13.846755877739911,-1.5252719273066044,-0.05525927049984231,1.1939224684724346,1.1969481893889715,0,1,0,0,0,0,0,0,0,0,0.0
53033_2008,0.0,0.0,0.0,0.0,0.0,0.0,0.0,0.0,0.0,0.0,0.0,0.0,0.0,0.0,0.0,0.0,0,0,0,0,0,1,0,0,0,0,0.0
53033_2009,0.0,0.0,0.0,0.0,0.0,0.0,0.0,0.0,0.0,0.0,0.0,0.0,0.0,0.0,0.0,0.0,0,0,0,0,0,1,0,0,0,0,0.0
53033_2010,0.0,0.014770530954564045,0.0,0.01271257677087196,0.0,0.2699544650809529,0.0,1.007581732049832,0.0,0.10845812742129762,0.0,-10.102453730810717,0.0,0.22882426131474096,0.0,2.3739750890807185,0,0,0,0,0,1,0,0,0,0,0.0
53042_2008,0.0,0.0,0.0,0.0,0.0,0.0,0.0,0.0,0.0,0.0,0.0,0.0,0.0,0.0,0.0,0.0,0,0,0,0,0,0,0,0,0,0,0.0
53042_2009,0.0,0.00376425752986329,0.0,0.03354395678474164,0.0,7.190558796300458e-06,0.0,1.7314207005293534,0.0,0.03853301785726912,0.0,-10.282246511748165,0.0,0.8628226013268221,0.0,2.1400661634962708,0,0,0,0,0,0,0,0,0,0,0.0
53042_2010,0.00376425752986329,-0.00202354684042522,0.03354395678474164,0.029216518887374008,7.190558796300458e-06,0.0002716798998719045,1.7314207005293534,1.9566667220546317,0.03853301785726912,0.01411020767005519,-10.282246511748165,-10.371438807498858,0.8628226013268221,-0.20625696301641055,2.1400661634962708,2.2854389341590755,0,0,0,0,0,0,0,0,0,0,0.0
53043_2008,0.0,0.0,0.0,0.0,0.0,0.0,0.0,0.0,0.0,0.0,0.0,0.0,0.0,0.0,0.0,0.0,0,0,0,0,0,1,0,0,0,0,0.0
53043_2009,0.0,0.00975121583731183,0.0,0.8725053603826488,0.0,0.03219015650980025,0.0,1.846253156998652,0.0,0.09792172781979178,0.0,-11.13652457892272,0.0,1.1979097961753733,0.0,2.7080502011022096,0,0,0,0,0,1,0,0,0,0,0.0
53043_2010,0.00975121583731183,0.00888817753716238,0.8725053603826488,0.8473355347370223,0.03219015650980025,0.03463478242171445,1.846253156998652,2.1282861907661297,0.09792172781979178,0.09650735938422918,-11.13652457892272,-11.096766662275439,1.1979097961753733,-0.05348981908839054,2.7080502011022096,2.7080502011022096,0,0,0,0,0,1,0,0,0,0,0.0
53050_2008,0.0,0.0,0.0,0.0,0.0,0.0,0.0,0.0,0.0,0.0,0.0,0.0,0.0,0.0,0.0,0.0,0,1,0,0,0,0,0,0,0,0,0.0
53050_2009,0.0,0.05356914746762157,0.0,0.7273041944642468,0.0,0.052841964470323535,0.0,15.432031703312305,0.0,0.2025459941247925,0.0,-10.460043293590537,0.0,-0.9917664240188606,0.0,2.1004689088719117,0,1,0,0,0,0,0,0,0,0,0.0
53050_2010,0.05356914746762157,0.034857902504359634,0.7273041944642468,0.5008698003141675,0.052841964470323535,0.015303469392157888,15.432031703312305,4.578223936507707,0.2025459941247925,0.1307287165622265,-10.460043293590537,-9.958810038250352,-0.9917664240188606,0.26497950603705606,2.1004689088719117,2.7080502011022096,0,1,0,0,0,0,0,0,0,0,0.0
53059_2008,0.0,0.0,0.0,0.0,0.0,0.0,0.0,0.0,0.0,0.0,0.0,0.0,0.0,0.0,0.0,0.0,0,1,0,0,0,0,0,0,0,0,0.0
53059_2009,0.0,0.02205817011653935,0.0,0.03466211125435186,0.0,0.2025109596997257,0.0,2.8248105616795267,0.0,0.27929319279307896,0.0,-9.938404468398774,0.0,2.975896779523451,0.0,2.0255131996542803,0,1,0,0,0,0,0,0,0,0,0.0
53059_2010,0.02205817011653935,0.009845976972808168,0.03466211125435186,0.05876600472104713,0.2025109596997257,0.17198672636224271,2.8248105616795267,2.44514089398205,0.27929319279307896,0.1431966827191356,-9.938404468398774,-10.24615505353286,2.975896779523451,-0.20065882666443524,2.0255131996542803,1.928618651945252,0,1,0,0,0,0,0,0,0,0,0.0
53060_2008,0.0,0.0,0.0,0.0,0.0,0.0,0.0,0.0,0.0,0.0,0.0,0.0,0.0,0.0,0.0,0.0,0,0,0,0,0,1,0,0,0,0,0.0
53060_2009,0.0,0.0,0.0,0.0,0.0,0.0,0.0,0.0,0.0,0.0,0.0,0.0,0.0,0.0,0.0,0.0,0,0,0,0,0,1,0,0,0,0,0.0
53060_2010,0.0,0.07635853094865151,0.0,0.6475007453880427,0.0,0.4792950098895145,0.0,1.0978262148988178,0.0,0.1204224502698816,0.0,-12.185784488876296,0.0,0.1537424588895181,0.0,2.0598763861849956,0,0,0,0,0,1,0,0,0,0,0.0
53062_2008,0.0,0.0,0.0,0.0,0.0,0.0,0.0,0.0,0.0,0.0,0.0,0.0,0.0,0.0,0.0,0.0,0,0,0,0,0,0,1,0,0,0,0.0
53062_2009,0.0,0.05479654459348505,0.0,0.4083316810525661,0.0,0.06674404510847963,0.0,5.630396428845162,0.0,0.3353155052920857,0.0,-9.853124990818943,0.0,-2.3395418773292715,0.0,1.0612565021243408,0,0,0,0,0,0,1,0,0,0,0.0
53062_2010,0.05479654459348505,0.06685015677103386,0.4083316810525661,0.4237472203547604,0.06674404510847963,0.1920823445361895,5.630396428845162,3.183004930329812,0.3353155052920857,0.19233325703616325,-9.853124990818943,-9.427861717843607,-2.3395418773292715,0.12966944512435413,1.0612565021243408,1.715598108262491,0,0,0,0,0,0,1,0,0,0,0.0
53063_2008,0.0,0.0,0.0,0.0,0.0,0.0,0.0,0.0,0.0,0.0,0.0,0.0,0.0,0.0,0.0,0.0,0,0,1,0,0,0,0,0,0,0,0.0
53063_2009,0.0,0.20476376103231486,0.0,0.7831419232960509,0.0,0.17286875168670726,0.0,0.29314125663236146,0.0,0.11015971208523956,0.0,-12.810882890232413,0.0,-1.2566966103134116,0.0,0.6523251860396901,0,0,1,0,0,0,0,0,0,0,0.0
53063_2010,0.20476376103231486,-0.06632224798145335,0.7831419232960509,0.39496062834758977,0.17286875168670726,0.10584878887201214,0.29314125663236146,1.3360275645672184,0.11015971208523956,0.1877746041964521,-12.810882890232413,-11.314250327190532,-1.2566966103134116,1.2430085595580478,0.6523251860396901,2.19722457733622,0,0,1,0,0,0,0,0,0,0,0.0
53064_2008,0.0,0.0,0.0,0.0,0.0,0.0,0.0,0.0,0.0,0.0,0.0,0.0,0.0,0.0,0.0,0.0,0,0,0,0,1,0,0,0,0,0,0.0
53064_2009,0.0,0.09144630474362132,0.0,0.3481789171756298,0.0,0.09060251607587304,0.0,1.20223816017134,0.0,0.3952999471739471,0.0,-11.13044670890254,0.0,0.024102809407051614,0.0,1.5368672195992648,0,0,0,0,1,0,0,0,0,0,0.0
53064_2010,0.09144630474362132,0.06601010199504652,0.3481789171756298,0.5550480722351152,0.09060251607587304,0.06370887532421944,1.20223816017134,0.5814385531594337,0.3952999471739471,0.1741450384546419,-11.13044670890254,-12.067082295532801,0.024102809407051614,-0.95828230143812,1.5368672195992648,0.8108857707842007,0,0,0,0,1,0,0,0,0,0,0.0
53066_2008,0.0,0.0,0.0,0.0,0.0,0.0,0.0,0.0,0.0,0.0,0.0,0.0,0.0,0.0,0.0,0.0,0,0,0,0,0,0,0,0,0,0,0.0
53066_2009,0.0,0.0,0.0,0.0,0.0,0.0,0.0,0.0,0.0,0.0,0.0,0.0,0.0,0.0,0.0,0.0,0,0,0,0,0,0,0,0,0,0,0.0
53066_2010,0.0,-0.2586843587003417,0.0,0.2940663367691564,0.0,0.0007416948458476058,0.0,67.5767,0.0,0.18732466582836135,0.0,-11.54267484067616,0.0,-0.565749267479665,0.0,0.3987761199573678,0,0,0,0,0,0,0,0,0,0,0.0
53071_2008,0.0,0.0,0.0,0.0,0.0,0.0,0.0,0.0,0.0,0.0,0.0,0.0,0.0,0.0,0.0,0.0,0,0,0,0,0,0,1,0,0,0,0.0
53071_2009,0.0,-0.0009861576340106043,0.0,0.02366778321625451,0.0,0.0007396182255079534,0.0,1.6182922364079382,0.0,0.04140210937639167,0.0,-11.791930032948295,0.0,3.7629590133794464,0.0,1.8687205103641835,0,0,0,0,0,0,1,0,0,0,0.0
53071_2010,-0.0009861576340106043,-0.005258718355044664,0.02366778321625451,0.03478753954332678,0.0007396182255079534,0.0002705828236376449,1.6182922364079382,2.1267902937441368,0.04140210937639167,0.03755786405641812,-11.791930032948295,-11.703562077439218,3.7629590133794464,-0.016065372629486097,1.8687205103641835,2.191653532286764,0,0,0,0,0,0,1,0,0,0,0.0
53073_2008,0.0,0.0,0.0,0.0,0.0,0.0,0.0,0.0,0.0,0.0,0.0,0.0,0.0,0.0,0.0,0.0,0,0,0,0,0,0,1,0,0,0,0.0
53073_2009,0.0,0.0,0.0,0.0,0.0,0.0,0.0,0.0,0.0,0.0,0.0,0.0,0.0,0.0,0.0,0.0,0,0,0,0,0,0,1,0,0,0,0.0
53073_2010,0.0,-0.03154446970856381,0.0,0.3403026775108041,0.0,0.3060526392502387,0.0,1.5644871747648188,0.0,0.17057106677402986,0.0,-9.714203697479851,0.0,1.2929555966738793,0.0,2.485739636091892,0,0,0,0,0,0,1,0,0,0,0.0
53076_2008,0.0,0.0,0.0,0.0,0.0,0.0,0.0,0.0,0.0,0.0,0.0,0.0,0.0,0.0,0.0,0.0,0,1,0,0,0,0,0,0,0,0,0.0
53076_2009,0.0,0.10357254640978544,0.0,0.5594162662314496,0.0,0.2819084776089362,0.0,2.370281245990104,0.0,0.09593568400449327,0.0,-10.83295751281548,0.0,-0.7348129889942967,0.0,1.6428726885203375,0,1,0,0,0,0,0,0,0,0,0.0
53076_2010,0.10357254640978544,0.043716591907672825,0.5594162662314496,0.5602377756096442,0.2819084776089362,0.2141070364783512,2.370281245990104,1.6748736851662405,0.09593568400449327,0.13480399508440333,-10.83295751281548,-10.547613224490322,-0.7348129889942967,0.25293217444569704,1.6428726885203375,2.075684492802124,0,1,0,0,0,0,0,0,0,0,0.0
53077_2008,0.0,0.0,0.0,0.0,0.0,0.0,0.0,0.0,0.0,0.0,0.0,0.0,0.0,0.0,0.0,0.0,0,0,0,0,0,1,0,0,0,0,0.0
53077_2009,0.0,0.0,0.0,0.0,0.0,0.0,0.0,0.0,0.0,0.0,0.0,0.0,0.0,0.0,0.0,0.0,0,0,0,0,0,1,0,0,0,0,0.0
53077_2010,0.0,0.0,0.0,0.0,0.0,0.0,0.0,0.0,0.0,0.0,0.0,0.0,0.0,0.0,0.0,0.0,0,0,0,0,0,1,0,0,0,0,0.0
53078_2008,0.0,0.0,0.0,0.0,0.0,0.0,0.0,0.0,0.0,0.0,0.0,0.0,0.0,0.0,0.0,0.0,0,1,0,0,0,0,0,0,0,0,0.0
53078_2009,0.0,0.0,0.0,0.0,0.0,0.0,0.0,0.0,0.0,0.0,0.0,0.0,0.0,0.0,0.0,0.0,0,1,0,0,0,0,0,0,0,0,0.0
53078_2010,0.0,0.0,0.0,0.0,0.0,0.0,0.0,0.0,0.0,0.0,0.0,0.0,0.0,0.0,0.0,0.0,0,1,0,0,0,0,0,0,0,0,0.0
53082_2008,0.0,0.0,0.0,0.0,0.0,0.0,0.0,0.0,0.0,0.0,0.0,0.0,0.0,0.0,0.0,0.0,0,1,0,0,0,0,0,0,0,0,0.0
53082_2009,0.0,0.06495544671471055,0.0,0.4581869753788816,0.0,0.11564614631947535,0.0,1.2356450985074852,0.0,0.1884759252666383,0.0,-10.592397212714234,0.0,1.8599003654343709,0.0,2.302585092994046,0,1,0,0,0,0,0,0,0,0,0.0
53082_2010,0.06495544671471055,0.032800675235252305,0.4581869753788816,0.3188412140912538,0.11564614631947535,0.07151251364315872,1.2356450985074852,1.8593364234609,0.1884759252666383,0.16368929729124526,-10.592397212714234,-10.230537173526354,1.8599003654343709,-0.06967111683919516,2.302585092994046,2.7080502011022096,0,1,0,0,0,0,0,0,0,0,0.0
53085_2008,0.0,0.0,0.0,0.0,0.0,0.0,0.0,0.0,0.0,0.0,0.0,0.0,0.0,0.0,0.0,0.0,0,1,0,0,0,0,0,0,0,0,0.0
53085_2009,0.0,0.2537701657936262,0.0,0.3814478301281821,0.0,0.3142225136360034,0.0,0.9209895324299416,0.0,0.13160943134456404,0.0,-13.726283732687335,0.0,-2.196699777578722,0.0,0.8671004876833833,0,1,0,0,0,0,0,0,0,0,0.0
53085_2010,0.2537701657936262,0.06626694621799313,0.3814478301281821,0.19249195973701935,0.3142225136360034,0.3374064341077917,0.9209895324299416,1.4391071540281033,0.13160943134456404,0.21482182023048904,-13.726283732687335,-13.280109577789231,-2.196699777578722,0.6249280629881402,0.8671004876833833,1.5475625087160132,0,1,0,0,0,0,0,0,0,0,0.0
53095_2008,0.0,0.0,0.0,0.0,0.0,0.0,0.0,0.0,0.0,0.0,0.0,0.0,0.0,0.0,0.0,0.0,0,0,0,1,0,0,0,0,0,0,0.0
53095_2009,0.0,0.0995423455042176,0.0,0.27622789000339,0.0,0.3530819390990487,0.0,1.9786192459495409,0.0,0.4662665208380651,0.0,-10.789716791365407,0.0,0.2646021234331094,0.0,2.2486356425662897,0,0,0,1,0,0,0,0,0,0,0.0
53095_2010,0.0995423455042176,0.03277735965883729,0.27622789000339,0.16077831147582533,0.3530819390990487,0.32588630102008226,1.9786192459495409,2.218103762270467,0.4662665208380651,0.1804595668839938,-10.789716791365407,-10.264202248618608,0.2646021234331094,0.3080402083545149,2.2486356425662897,2.7080502011022096,0,0,0,1,0,0,0,0,0,0,0.0
53096_2008,0.0,0.0,0.0,0.0,0.0,0.0,0.0,0.0,0.0,0.0,0.0,0.0,0.0,0.0,0.0,0.0,0,0,0,0,0,0,1,0,0,0,0.0
53096_2009,0.0,0.019369774318095605,0.0,0.05248416381294852,0.0,0.5218276960491376,0.0,1.435472843049306,0.0,0.15041507141352564,0.0,-11.586684036499278,0.0,0.04995025634798733,0.0,2.3045830956567186,0,0,0,0,0,0,1,0,0,0,0.0
53096_2010,0.019369774318095605,-0.024650868771006217,0.05248416381294852,0.03419112157429372,0.5218276960491376,0.3825578785768125,1.435472843049306,2.047736971584206,0.15041507141352564,0.08024523111420935,-11.586684036499278,-11.428528364265214,0.04995025634798733,0.15519381179293384,2.3045830956567186,2.7073833121145063,0,0,0,0,0,0,1,0,0,0,0.0
53097_2008,0.0,0.0,0.0,0.0,0.0,0.0,0.0,0.0,0.0,0.0,0.0,0.0,0.0,0.0,0.0,0.0,0,0,0,0,0,1,0,0,0,0,0.0
53097_2009,0.0,0.0,0.0,0.0,0.0,0.0,0.0,0.0,0.0,0.0,0.0,0.0,0.0,0.0,0.0,0.0,0,0,0,0,0,1,0,0,0,0,0.0
53097_2010,0.0,7.281434504379231e-05,0.0,0.9442343615748552,0.0,0.0229563771465338,0.0,0.5042915885821555,0.0,0.03895861403888398,0.0,-12.896982506365495,0.0,-0.2570868767663315,0.0,2.33214389523559,0,0,0,0,0,1,0,0,0,0,0.0
53098_2008,0.0,0.0,0.0,0.0,0.0,0.0,0.0,0.0,0.0,0.0,0.0,0.0,0.0,0.0,0.0,0.0,0,0,0,0,0,1,0,0,0,0,0.0
53098_2009,0.0,0.005558145262279969,0.0,0.8218152800066657,0.0,0.09433288233539547,0.0,0.7077980390911547,0.0,0.032255956878977594,0.0,-11.409912945085141,0.0,-1.5087115313805148,0.0,2.277267285009756,0,0,0,0,0,1,0,0,0,0,0.0
53098_2010,0.005558145262279969,0.009381496761679714,0.8218152800066657,0.7855740644111918,0.09433288233539547,0.058612304233921615,0.7077980390911547,0.8217455477544393,0.032255956878977594,0.05501889745503053,-11.409912945085141,-11.438302975860509,-1.5087115313805148,0.0044755945572705355,2.277267285009756,2.5006159434931803,0,0,0,0,0,1,0,0,0,0,0.0
53126_2008,0.0,0.0,0.0,0.0,0.0,0.0,0.0,0.0,0.0,0.0,0.0,0.0,0.0,0.0,0.0,0.0,1,0,0,0,0,0,0,0,0,0,0.0
53126_2009,0.0,0.0,0.0,0.0,0.0,0.0,0.0,0.0,0.0,0.0,0.0,0.0,0.0,0.0,0.0,0.0,1,0,0,0,0,0,0,0,0,0,0.0
53126_2010,0.0,0.1341502549633925,0.0,0.07844599394914087,0.0,0.16582359018877865,0.0,2.5274412764823078,0.0,0.2297871187167329,0.0,-10.246467220830498,0.0,-1.2772701332882268,0.0,2.6878474937846906,1,0,0,0,0,0,0,0,0,0,0.0
53137_2008,0.0,0.0,0.0,0.0,0.0,0.0,0.0,0.0,0.0,0.0,0.0,0.0,0.0,0.0,0.0,0.0,0,0,0,0,0,0,1,0,0,0,0.0
53137_2009,0.0,0.0,0.0,0.0,0.0,0.0,0.0,0.0,0.0,0.0,0.0,0.0,0.0,0.0,0.0,0.0,0,0,0,0,0,0,1,0,0,0,0.0
53137_2010,0.0,0.03065576215000975,0.0,0.15830742937107856,0.0,0.2184833851412578,0.0,2.06724877494136,0.0,0.16545137926721262,0.0,-10.209466937731245,0.0,1.8681881172714203,0.0,2.7080502011022096,0,0,0,0,0,0,1,0,0,0,0.0
53139_2008,0.0,0.0,0.0,0.0,0.0,0.0,0.0,0.0,0.0,0.0,0.0,0.0,0.0,0.0,0.0,0.0,0,1,0,0,0,0,0,0,0,0,0.0
53139_2009,0.0,0.0,0.0,0.0,0.0,0.0,0.0,0.0,0.0,0.0,0.0,0.0,0.0,0.0,0.0,0.0,0,1,0,0,0,0,0,0,0,0,0.0
53139_2010,0.0,-0.12853076169874575,0.0,0.08688744387086998,0.0,0.007982472409463601,0.0,3.5841996171562838,0.0,0.2253243477249858,0.0,-9.448573213967807,0.0,-1.1041867284779676,0.0,2.0906287310704004,0,1,0,0,0,0,0,0,0,0,0.0
53141_2008,0.0,0.0,0.0,0.0,0.0,0.0,0.0,0.0,0.0,0.0,0.0,0.0,0.0,0.0,0.0,0.0,0,0,0,0,0,1,0,0,0,0,0.0
53141_2009,0.0,0.0,0.0,0.0,0.0,0.0,0.0,0.0,0.0,0.0,0.0,0.0,0.0,0.0,0.0,0.0,0,0,0,0,0,1,0,0,0,0,0.0
53141_2010,0.0,0.010206232601971886,0.0,0.8284853792073711,0.0,0.022078524111451784,0.0,1.8379875191562844,0.0,0.1230603240934986,0.0,-10.695917819508336,0.0,2.74839998181095,0.0,2.7080502011022096,0,0,0,0,0,1,0,0,0,0,0.0
53155_2008,0.0,0.0,0.0,0.0,0.0,0.0,0.0,0.0,0.0,0.0,0.0,0.0,0.0,0.0,0.0,0.0,0,0,0,0,1,0,0,0,0,0,0.0
53155_2009,0.0,0.0,0.0,0.0,0.0,0.0,0.0,0.0,0.0,0.0,0.0,0.0,0.0,0.0,0.0,0.0,0,0,0,0,1,0,0,0,0,0,0.0
53155_2010,0.0,0.04666501369262911,0.0,0.062464628764639124,0.0,0.05328061606268256,0.0,4.94693193171758,0.0,0.1391865581003396,0.0,-11.170029338200115,0.0,-1.1537673870755614,0.0,2.26176309847379,0,0,0,0,1,0,0,0,0,0,0.0
53156_2008,0.0,0.0,0.0,0.0,0.0,0.0,0.0,0.0,0.0,0.0,0.0,0.0,0.0,0.0,0.0,0.0,0,0,1,0,0,0,0,0,0,0,0.0
53156_2009,0.0,0.0,0.0,0.0,0.0,0.0,0.0,0.0,0.0,0.0,0.0,0.0,0.0,0.0,0.0,0.0,0,0,1,0,0,0,0,0,0,0,0.0
53156_2010,0.0,0.04870064331540008,0.0,0.20572928094364626,0.0,0.05749466829323949,0.0,2.644420419016451,0.0,0.2814525616445183,0.0,-11.60547583799974,0.0,-0.12709323047519747,0.0,1.6094379124341005,0,0,1,0,0,0,0,0,0,0,0.0
53158_2008,0.0,0.0,0.0,0.0,0.0,0.0,0.0,0.0,0.0,0.0,0.0,0.0,0.0,0.0,0.0,0.0,0,0,0,0,0,0,0,0,1,0,0.0
53158_2009,0.0,0.0,0.0,0.0,0.0,0.0,0.0,0.0,0.0,0.0,0.0,0.0,0.0,0.0,0.0,0.0,0,0,0,0,0,0,0,0,1,0,0.0
53158_2010,0.0,0.06514381905163523,0.0,0.1850844143646428,0.0,0.16666660901012598,0.0,1.5370527053312804,0.0,0.16658049524037774,0.0,-10.648834220128586,0.0,0.8853369826656333,0.0,2.4087452888224363,0,0,0,0,0,0,0,0,1,0,0.0
53179_2008,0.0,0.0,0.0,0.0,0.0,0.0,0.0,0.0,0.0,0.0,0.0,0.0,0.0,0.0,0.0,0.0,0,0,0,0,0,1,0,0,0,0,0.0
53179_2009,0.0,0.0,0.0,0.0,0.0,0.0,0.0,0.0,0.0,0.0,0.0,0.0,0.0,0.0,0.0,0.0,0,0,0,0,0,1,0,0,0,0,0.0
53179_2010,0.0,0.0,0.0,0.0,0.0,0.0,0.0,0.0,0.0,0.0,0.0,0.0,0.0,0.0,0.0,0.0,0,0,0,0,0,1,0,0,0,0,0.0
53182_2008,0.0,0.0,0.0,0.0,0.0,0.0,0.0,0.0,0.0,0.0,0.0,0.0,0.0,0.0,0.0,0.0,0,0,0,0,0,0,0,0,0,1,0.0
53182_2009,0.0,0.0,0.0,0.0,0.0,0.0,0.0,0.0,0.0,0.0,0.0,0.0,0.0,0.0,0.0,0.0,0,0,0,0,0,0,0,0,0,1,0.0
53182_2010,0.0,0.04800451598450015,0.0,0.0632296978475138,0.0,0.05629454155881315,0.0,3.9472665139902654,0.0,0.11418399379826535,0.0,-9.882702235547573,0.0,-0.3567880284266134,0.0,2.7080502011022096,0,0,0,0,0,0,0,0,0,1,0.0
53183_2008,0.0,0.0,0.0,0.0,0.0,0.0,0.0,0.0,0.0,0.0,0.0,0.0,0.0,0.0,0.0,0.0,0,0,1,0,0,0,0,0,0,0,0.0
53183_2009,0.0,0.0,0.0,0.0,0.0,0.0,0.0,0.0,0.0,0.0,0.0,0.0,0.0,0.0,0.0,0.0,0,0,1,0,0,0,0,0,0,0,0.0
53183_2010,0.0,0.031462962911146954,0.0,0.06120384433706095,0.0,0.20189306866017734,0.0,2.7258668711453904,0.0,0.4344330970086656,0.0,-10.227812763137834,0.0,-0.8326670179535877,0.0,2.425687290128029,0,0,1,0,0,0,0,0,0,0,0.0
53186_2008,0.0,0.0,0.0,0.0,0.0,0.0,0.0,0.0,0.0,0.0,0.0,0.0,0.0,0.0,0.0,0.0,0,0,0,0,0,0,0,0,0,0,0.0
53186_2009,0.0,0.0,0.0,0.0,0.0,0.0,0.0,0.0,0.0,0.0,0.0,0.0,0.0,0.0,0.0,0.0,0,0,0,0,0,0,0,0,0,0,0.0
53186_2010,0.0,0.0,0.0,0.0,0.0,0.0,0.0,0.0,0.0,0.0,0.0,0.0,0.0,0.0,0.0,0.0,0,0,0,0,0,0,0,0,0,0,0.0
53187_2008,0.0,0.0,0.0,0.0,0.0,0.0,0.0,0.0,0.0,0.0,0.0,0.0,0.0,0.0,0.0,0.0,0,0,0,0,0,1,0,0,0,0,0.0
53187_2009,0.0,0.0,0.0,0.0,0.0,0.0,0.0,0.0,0.0,0.0,0.0,0.0,0.0,0.0,0.0,0.0,0,0,0,0,0,1,0,0,0,0,0.0
53187_2010,0.0,0.006305859514707923,0.0,0.8515101092447948,0.0,0.0989497366808733,0.0,0.9354138280216456,0.0,0.033818428707538005,0.0,-10.713542785861954,0.0,1.7635405469824086,0.0,2.7080502011022096,0,0,0,0,0,1,0,0,0,0,0.0
53190_2008,0.0,0.0,0.0,0.0,0.0,0.0,0.0,0.0,0.0,0.0,0.0,0.0,0.0,0.0,0.0,0.0,0,0,0,1,0,0,0,0,0,0,0.0
53190_2009,0.0,0.0,0.0,0.0,0.0,0.0,0.0,0.0,0.0,0.0,0.0,0.0,0.0,0.0,0.0,0.0,0,0,0,1,0,0,0,0,0,0,0.0
53190_2010,0.0,0.08251057867879964,0.0,0.04558930421781796,0.0,0.04046780166868071,0.0,2.3824738292143484,0.0,0.16818771895383425,0.0,-10.999947129774467,0.0,-1.7553595196669662,0.0,1.9733863403393312,0,0,0,1,0,0,0,0,0,0,0.0
53194_2008,0.0,0.0,0.0,0.0,0.0,0.0,0.0,0.0,0.0,0.0,0.0,0.0,0.0,0.0,0.0,0.0,0,0,0,0,0,1,0,0,0,0,0.0
53194_2009,0.0,0.0,0.0,0.0,0.0,0.0,0.0,0.0,0.0,0.0,0.0,0.0,0.0,0.0,0.0,0.0,0,0,0,0,0,1,0,0,0,0,0.0
53194_2010,0.0,0.0,0.0,0.0,0.0,0.0,0.0,0.0,0.0,0.0,0.0,0.0,0.0,0.0,0.0,0.0,0,0,0,0,0,1,0,0,0,0,0.0
53196_2008,0.0,0.0,0.0,0.0,0.0,0.0,0.0,0.0,0.0,0.0,0.0,0.0,0.0,0.0,0.0,0.0,0,0,0,0,0,0,1,0,0,0,0.0
53196_2009,0.0,0.0,0.0,0.0,0.0,0.0,0.0,0.0,0.0,0.0,0.0,0.0,0.0,0.0,0.0,0.0,0,0,0,0,0,0,1,0,0,0,0.0
53196_2010,0.0,-0.00986349151907857,0.0,0.2084783434714334,0.0,0.10580836356829737,0.0,2.7390611745732163,0.0,0.12144095947872878,0.0,-7.741114110195383,0.0,-0.6036016385411681,0.0,2.7080502011022096,0,0,0,0,0,0,1,0,0,0,0.0
53198_2008,0.0,0.0,0.0,0.0,0.0,0.0,0.0,0.0,0.0,0.0,0.0,0.0,0.0,0.0,0.0,0.0,0,0,0,0,1,0,0,0,0,0,0.0
53198_2009,0.0,0.0,0.0,0.0,0.0,0.0,0.0,0.0,0.0,0.0,0.0,0.0,0.0,0.0,0.0,0.0,0,0,0,0,1,0,0,0,0,0,0.0
53198_2010,0.0,0.0101738138998457,0.0,0.09733749545782493,0.0,0.2590422198465404,0.0,2.966323941989257,0.0,0.20251386846732855,0.0,-10.496799445617103,0.0,-3.4431672577781107,0.0,2.6093342281630525,0,0,0,0,1,0,0,0,0,0,0.0
53203_2008,0.0,0.0,0.0,0.0,0.0,0.0,0.0,0.0,0.0,0.0,0.0,0.0,0.0,0.0,0.0,0.0,0,0,0,1,0,0,0,0,0,0,0.0
53203_2009,0.0,0.0,0.0,0.0,0.0,0.0,0.0,0.0,0.0,0.0,0.0,0.0,0.0,0.0,0.0,0.0,0,0,0,1,0,0,0,0,0,0,0.0
53203_2010,0.0,0.10343070042569688,0.0,0.3378942003287845,0.0,0.14882879519888587,0.0,1.035507143867591,0.0,0.12277855529170385,0.0,-11.586518546774967,0.0,-0.820551138917702,0.0,1.1151415906193205,0,0,0,1,0,0,0,0,0,0,0.0
53205_2008,0.0,0.0,0.0,0.0,0.0,0.0,0.0,0.0,0.0,0.0,0.0,0.0,0.0,0.0,0.0,0.0,0,0,0,0,0,1,0,0,0,0,0.0
53205_2009,0.0,0.0,0.0,0.0,0.0,0.0,0.0,0.0,0.0,0.0,0.0,0.0,0.0,0.0,0.0,0.0,0,0,0,0,0,1,0,0,0,0,0.0
53205_2010,0.0,0.0,0.0,0.0,0.0,0.0,0.0,0.0,0.0,0.0,0.0,0.0,0.0,0.0,0.0,0.0,0,0,0,0,0,1,0,0,0,0,0.0
53207_2008,0.0,0.0,0.0,0.0,0.0,0.0,0.0,0.0,0.0,0.0,0.0,0.0,0.0,0.0,0.0,0.0,0,0,0,0,1,0,0,0,0,0,0.0
53207_2009,0.0,0.0,0.0,0.0,0.0,0.0,0.0,0.0,0.0,0.0,0.0,0.0,0.0,0.0,0.0,0.0,0,0,0,0,1,0,0,0,0,0,0.0
53207_2010,0.0,0.11666324551348435,0.0,0.06080234883307925,0.0,0.02095936823217099,0.0,1.6681431037212562,0.0,0.8714048687207948,0.0,-11.018462031528445,0.0,-1.8549773289644589,0.0,1.3480731482996928,0,0,0,0,1,0,0,0,0,0,0.0
53212_2008,0.0,0.0,0.0,0.0,0.0,0.0,0.0,0.0,0.0,0.0,0.0,0.0,0.0,0.0,0.0,0.0,1,0,0,0,0,0,0,0,0,0,0.0
53212_2009,0.0,0.0,0.0,0.0,0.0,0.0,0.0,0.0,0.0,0.0,0.0,0.0,0.0,0.0,0.0,0.0,1,0,0,0,0,0,0,0,0,0,0.0
53212_2010,0.0,0.03817245788563167,0.0,0.18972707493529972,0.0,0.13871903232366567,0.0,1.3342504858515307,0.0,0.3130019785260577,0.0,-11.366485474619504,0.0,3.1385436743356543,0.0,1.9947003132247447,1,0,0,0,0,0,0,0,0,0,0.0
53214_2008,0.0,0.0,0.0,0.0,0.0,0.0,0.0,0.0,0.0,0.0,0.0,0.0,0.0,0.0,0.0,0.0,0,0,0,0,1,0,0,0,0,0,0.0
53214_2009,0.0,0.0,0.0,0.0,0.0,0.0,0.0,0.0,0.0,0.0,0.0,0.0,0.0,0.0,0.0,0.0,0,0,0,0,1,0,0,0,0,0,0.0
53214_2010,0.0,0.021316223724020904,0.0,0.5189258290440104,0.0,0.023694131415558428,0.0,2.0347551396544112,0.0,0.12422047125739327,0.0,-8.674695695970183,0.0,-0.4492311854519812,0.0,2.362739015813793,0,0,0,0,1,0,0,0,0,0,0.0
53217_2008,0.0,0.0,0.0,0.0,0.0,0.0,0.0,0.0,0.0,0.0,0.0,0.0,0.0,0.0,0.0,0.0,0,1,0,0,0,0,0,0,0,0,0.0
53217_2009,0.0,0.0,0.0,0.0,0.0,0.0,0.0,0.0,0.0,0.0,0.0,0.0,0.0,0.0,0.0,0.0,0,1,0,0,0,0,0,0,0,0,0.0
53217_2010,0.0,-0.03585720922653785,0.0,0.03752134088965875,0.0,0.19181364266925546,0.0,3.2629378708464323,0.0,0.2761938282811261,0.0,-8.369084197492153,0.0,-0.3360195610652917,0.0,2.7080502011022096,0,1,0,0,0,0,0,0,0,0,0.0
53227_2008,0.0,0.0,0.0,0.0,0.0,0.0,0.0,0.0,0.0,0.0,0.0,0.0,0.0,0.0,0.0,0.0,0,0,0,0,0,0,1,0,0,0,0.0
53227_2009,0.0,0.0,0.0,0.0,0.0,0.0,0.0,0.0,0.0,0.0,0.0,0.0,0.0,0.0,0.0,0.0,0,0,0,0,0,0,1,0,0,0,0.0
53227_2010,0.0,0.09749813221968928,0.0,0.022489990613206643,0.0,0.13053389781804947,0.0,1.918041475433868,0.0,0.0042152048932393256,0.0,-11.485323603745613,0.0,1.0987727225345545,0.0,2.1701959049483,0,0,0,0,0,0,1,0,0,0,0.0
53234_2008,0.0,0.0,0.0,0.0,0.0,0.0,0.0,0.0,0.0,0.0,0.0,0.0,0.0,0.0,0.0,0.0,0,1,0,0,0,0,0,0,0,0,0.0
53234_2009,0.0,0.0,0.0,0.0,0.0,0.0,0.0,0.0,0.0,0.0,0.0,0.0,0.0,0.0,0.0,0.0,0,1,0,0,0,0,0,0,0,0,0.0
53234_2010,0.0,0.02770382593847408,0.0,0.1542796819306451,0.0,0.0426010409986872,0.0,2.1353490430413733,0.0,0.11197827742783313,0.0,-10.123187101256168,0.0,1.4370200847167625,0.0,2.7080502011022096,0,1,0,0,0,0,0,0,0,0,0.0
53237_2008,0.0,0.0,0.0,0.0,0.0,0.0,0.0,0.0,0.0,0.0,0.0,0.0,0.0,0.0,0.0,0.0,0,0,1,0,0,0,0,0,0,0,0.0
53237_2009,0.0,0.0,0.0,0.0,0.0,0.0,0.0,0.0,0.0,0.0,0.0,0.0,0.0,0.0,0.0,0.0,0,0,1,0,0,0,0,0,0,0,0.0
53237_2010,0.0,0.1625876146965759,0.0,0.20824145475720507,0.0,0.15419544339352004,0.0,1.1797750837622063,0.0,0.07851855791190072,0.0,-11.830032542040216,0.0,-1.5390022829886876,0.0,1.4158531633614349,0,0,1,0,0,0,0,0,0,0,0.0
53238_2008,0.0,0.0,0.0,0.0,0.0,0.0,0.0,0.0,0.0,0.0,0.0,0.0,0.0,0.0,0.0,0.0,0,0,0,0,0,1,0,0,0,0,0.0
53238_2009,0.0,0.0,0.0,0.0,0.0,0.0,0.0,0.0,0.0,0.0,0.0,0.0,0.0,0.0,0.0,0.0,0,0,0,0,0,1,0,0,0,0,0.0
53238_2010,0.0,0.0,0.0,0.0,0.0,0.0,0.0,0.0,0.0,0.0,0.0,0.0,0.0,0.0,0.0,0.0,0,0,0,0,0,1,0,0,0,0,0.0
53242_2008,0.0,0.0,0.0,0.0,0.0,0.0,0.0,0.0,0.0,0.0,0.0,0.0,0.0,0.0,0.0,0.0,0,0,0,0,1,0,0,0,0,0,0.0
53242_2009,0.0,0.0,0.0,0.0,0.0,0.0,0.0,0.0,0.0,0.0,0.0,0.0,0.0,0.0,0.0,0.0,0,0,0,0,1,0,0,0,0,0,0.0
53242_2010,0.0,0.02031140393416444,0.0,0.4553318281165769,0.0,0.002920962586867623,0.0,1.1755084436562624,0.0,0.15028208490138614,0.0,-11.54034219011782,0.0,-0.7598829851280153,0.0,2.2192034840549946,0,0,0,0,1,0,0,0,0,0,0.0
53244_2008,0.0,0.0,0.0,0.0,0.0,0.0,0.0,0.0,0.0,0.0,0.0,0.0,0.0,0.0,0.0,0.0,0,0,0,0,0,1,0,0,0,0,0.0
53244_2009,0.0,0.0,0.0,0.0,0.0,0.0,0.0,0.0,0.0,0.0,0.0,0.0,0.0,0.0,0.0,0.0,0,0,0,0,0,1,0,0,0,0,0.0
53244_2010,0.0,0.08077056727380483,0.0,0.4201684598131557,0.0,0.10949309444685944,0.0,2.125730906870145,0.0,0.10681697653090558,0.0,-10.45443654424582,0.0,-1.7835395175032116,0.0,2.7080502011022096,0,0,0,0,0,1,0,0,0,0,0.0
53247_2008,0.0,0.0,0.0,0.0,0.0,0.0,0.0,0.0,0.0,0.0,0.0,0.0,0.0,0.0,0.0,0.0,0,1,0,0,0,0,0,0,0,0,0.0
53247_2009,0.0,0.0,0.0,0.0,0.0,0.0,0.0,0.0,0.0,0.0,0.0,0.0,0.0,0.0,0.0,0.0,0,1,0,0,0,0,0,0,0,0,0.0
53247_2010,0.0,0.016488244985618798,0.0,0.1233921105207442,0.0,0.15169439247354138,0.0,2.4657158877523675,0.0,0.0208953712954445,0.0,-10.489524467560523,0.0,-1.0798380344537892,0.0,2.5408142817262958,0,1,0,0,0,0,0,0,0,0,0.0
53248_2008,0.0,0.0,0.0,0.0,0.0,0.0,0.0,0.0,0.0,0.0,0.0,0.0,0.0,0.0,0.0,0.0,0,0,1,0,0,0,0,0,0,0,0.0
53248_2009,0.0,0.0,0.0,0.0,0.0,0.0,0.0,0.0,0.0,0.0,0.0,0.0,0.0,0.0,0.0,0.0,0,0,1,0,0,0,0,0,0,0,0.0
53248_2010,0.0,0.0,0.0,0.0,0.0,0.0,0.0,0.0,0.0,0.0,0.0,0.0,0.0,0.0,0.0,0.0,0,0,1,0,0,0,0,0,0,0,0.0
53250_2008,0.0,0.0,0.0,0.0,0.0,0.0,0.0,0.0,0.0,0.0,0.0,0.0,0.0,0.0,0.0,0.0,0,0,0,0,1,0,0,0,0,0,0.0
53250_2009,0.0,0.0,0.0,0.0,0.0,0.0,0.0,0.0,0.0,0.0,0.0,0.0,0.0,0.0,0.0,0.0,0,0,0,0,1,0,0,0,0,0,0.0
53250_2010,0.0,-0.059342106112333724,0.0,0.20810072991758574,0.0,0.2586334858566367,0.0,3.705457444495447,0.0,0.2748646040097804,0.0,-13.276735082497568,0.0,-1.7878700068017437,0.0,0.44468582126144574,0,0,0,0,1,0,0,0,0,0,0.0
53251_2008,0.0,0.0,0.0,0.0,0.0,0.0,0.0,0.0,0.0,0.0,0.0,0.0,0.0,0.0,0.0,0.0,0,1,0,0,0,0,0,0,0,0,0.0
53251_2009,0.0,0.0,0.0,0.0,0.0,0.0,0.0,0.0,0.0,0.0,0.0,0.0,0.0,0.0,0.0,0.0,0,1,0,0,0,0,0,0,0,0,0.0
53251_2010,0.0,-0.1146851904998232,0.0,0.03428029612340906,0.0,0.058365296036202025,0.0,5.7636958786739765,0.0,0.012326366212660944,0.0,-12.001488742691107,0.0,2.602058021787592,0.0,1.790091412127358,0,1,0,0,0,0,0,0,0,0,0.0
53252_2008,0.0,0.0,0.0,0.0,0.0,0.0,0.0,0.0,0.0,0.0,0.0,0.0,0.0,0.0,0.0,0.0,0,0,0,0,1,0,0,0,0,0,0.0
53252_2009,0.0,0.0,0.0,0.0,0.0,0.0,0.0,0.0,0.0,0.0,0.0,0.0,0.0,0.0,0.0,0.0,0,0,0,0,1,0,0,0,0,0,0.0
53252_2010,0.0,-0.12527272910878692,0.0,0.11237063002280442,0.0,0.35822333581039384,0.0,2.7788471855998336,0.0,0.14256833202516112,0.0,-11.104012891049047,0.0,0.14798980640006815,0.0,1.94876321803772,0,0,0,0,1,0,0,0,0,0,0.0
53254_2008,0.0,0.0,0.0,0.0,0.0,0.0,0.0,0.0,0.0,0.0,0.0,0.0,0.0,0.0,0.0,0.0,0,0,0,1,0,0,0,0,0,0,0.0
53254_2009,0.0,0.0,0.0,0.0,0.0,0.0,0.0,0.0,0.0,0.0,0.0,0.0,0.0,0.0,0.0,0.0,0,0,0,1,0,0,0,0,0,0,0.0
53254_2010,0.0,-0.08484911504607599,0.0,0.32001851028050515,0.0,0.15871119417477064,0.0,3.126030063448426,0.0,0.1322595562998295,0.0,-10.825141789403947,0.0,-1.040053814375046,0.0,1.9021075263969205,0,0,0,1,0,0,0,0,0,0,0.0
53256_2008,0.0,0.0,0.0,0.0,0.0,0.0,0.0,0.0,0.0,0.0,0.0,0.0,0.0,0.0,0.0,0.0,0,1,0,0,0,0,0,0,0,0,0.0
53256_2009,0.0,0.0,0.0,0.0,0.0,0.0,0.0,0.0,0.0,0.0,0.0,0.0,0.0,0.0,0.0,0.0,0,1,0,0,0,0,0,0,0,0,0.0
53256_2010,0.0,0.022359007170655483,0.0,0.1822255375978465,0.0,0.0142709214342978,0.0,10.728723108988774,0.0,0.09696470723348492,0.0,-7.865517737947947,0.0,3.608087735522651,0.0,2.7080502011022096,0,1,0,0,0,0,0,0,0,0,0.0
53257_2008,0.0,0.0,0.0,0.0,0.0,0.0,0.0,0.0,0.0,0.0,0.0,0.0,0.0,0.0,0.0,0.0,0,0,0,1,0,0,0,0,0,0,0.0
53257_2009,0.0,0.0,0.0,0.0,0.0,0.0,0.0,0.0,0.0,0.0,0.0,0.0,0.0,0.0,0.0,0.0,0,0,0,1,0,0,0,0,0,0,0.0
53257_2010,0.0,0.07522125714863577,0.0,0.12647801186348698,0.0,0.08258816626284872,0.0,2.3004887185039946,0.0,1.9611639886557604,0.0,-11.109749941828403,0.0,-3.056906858963281,0.0,2.2460147415056517,0,0,0,1,0,0,0,0,0,0,0.0
53353_2008,0.0,0.0,0.0,0.0,0.0,0.0,0.0,0.0,0.0,0.0,0.0,0.0,0.0,0.0,0.0,0.0,0,0,0,0,0,0,1,0,0,0,0.0
53353_2009,0.0,0.0,0.0,0.0,0.0,0.0,0.0,0.0,0.0,0.0,0.0,0.0,0.0,0.0,0.0,0.0,0,0,0,0,0,0,1,0,0,0,0.0
53353_2010,0.0,0.0,0.0,0.0,0.0,0.0,0.0,0.0,0.0,0.0,0.0,0.0,0.0,0.0,0.0,0.0,0,0,0,0,0,0,1,0,0,0,0.0
53354_2008,0.0,0.0,0.0,0.0,0.0,0.0,0.0,0.0,0.0,0.0,0.0,0.0,0.0,0.0,0.0,0.0,1,0,0,0,0,0,0,0,0,0,0.0
53354_2009,0.0,0.0,0.0,0.0,0.0,0.0,0.0,0.0,0.0,0.0,0.0,0.0,0.0,0.0,0.0,0.0,1,0,0,0,0,0,0,0,0,0,0.0
53354_2010,0.0,0.0,0.0,0.0,0.0,0.0,0.0,0.0,0.0,0.0,0.0,0.0,0.0,0.0,0.0,0.0,1,0,0,0,0,0,0,0,0,0,0.0
53355_2008,0.0,0.0,0.0,0.0,0.0,0.0,0.0,0.0,0.0,0.0,0.0,0.0,0.0,0.0,0.0,0.0,0,0,0,0,0,0,0,1,0,0,0.0
53355_2009,0.0,0.0,0.0,0.0,0.0,0.0,0.0,0.0,0.0,0.0,0.0,0.0,0.0,0.0,0.0,0.0,0,0,0,0,0,0,0,1,0,0,0.0
53355_2010,0.0,0.0,0.0,0.0,0.0,0.0,0.0,0.0,0.0,0.0,0.0,0.0,0.0,0.0,0.0,0.0,0,0,0,0,0,0,0,1,0,0,0.0
53357_2008,0.0,0.0,0.0,0.0,0.0,0.0,0.0,0.0,0.0,0.0,0.0,0.0,0.0,0.0,0.0,0.0,0,0,0,0,1,0,0,0,0,0,0.0
53357_2009,0.0,0.0,0.0,0.0,0.0,0.0,0.0,0.0,0.0,0.0,0.0,0.0,0.0,0.0,0.0,0.0,0,0,0,0,1,0,0,0,0,0,0.0
53357_2010,0.0,0.0,0.0,0.0,0.0,0.0,0.0,0.0,0.0,0.0,0.0,0.0,0.0,0.0,0.0,0.0,0,0,0,0,1,0,0,0,0,0,0.0
53358_2008,0.0,0.0,0.0,0.0,0.0,0.0,0.0,0.0,0.0,0.0,0.0,0.0,0.0,0.0,0.0,0.0,1,0,0,0,0,0,0,0,0,0,0.0
53358_2009,0.0,0.0,0.0,0.0,0.0,0.0,0.0,0.0,0.0,0.0,0.0,0.0,0.0,0.0,0.0,0.0,1,0,0,0,0,0,0,0,0,0,0.0
53358_2010,0.0,0.0,0.0,0.0,0.0,0.0,0.0,0.0,0.0,0.0,0.0,0.0,0.0,0.0,0.0,0.0,1,0,0,0,0,0,0,0,0,0,0.0
53359_2008,0.0,0.0,0.0,0.0,0.0,0.0,0.0,0.0,0.0,0.0,0.0,0.0,0.0,0.0,0.0,0.0,0,0,0,0,0,0,1,0,0,0,0.0
53359_2009,0.0,0.0,0.0,0.0,0.0,0.0,0.0,0.0,0.0,0.0,0.0,0.0,0.0,0.0,0.0,0.0,0,0,0,0,0,0,1,0,0,0,0.0
53359_2010,0.0,0.0,0.0,0.0,0.0,0.0,0.0,0.0,0.0,0.0,0.0,0.0,0.0,0.0,0.0,0.0,0,0,0,0,0,0,1,0,0,0,0.0
53361_2008,0.0,0.0,0.0,0.0,0.0,0.0,0.0,0.0,0.0,0.0,0.0,0.0,0.0,0.0,0.0,0.0,0,1,0,0,0,0,0,0,0,0,0.0
53361_2009,0.0,0.0,0.0,0.0,0.0,0.0,0.0,0.0,0.0,0.0,0.0,0.0,0.0,0.0,0.0,0.0,0,1,0,0,0,0,0,0,0,0,0.0
53361_2010,0.0,0.0,0.0,0.0,0.0,0.0,0.0,0.0,0.0,0.0,0.0,0.0,0.0,0.0,0.0,0.0,0,1,0,0,0,0,0,0,0,0,0.0
53364_2008,0.0,0.0,0.0,0.0,0.0,0.0,0.0,0.0,0.0,0.0,0.0,0.0,0.0,0.0,0.0,0.0,0,0,0,0,0,0,0,0,0,0,0.0
53364_2009,0.0,0.0,0.0,0.0,0.0,0.0,0.0,0.0,0.0,0.0,0.0,0.0,0.0,0.0,0.0,0.0,0,0,0,0,0,0,0,0,0,0,0.0
53364_2010,0.0,0.0,0.0,0.0,0.0,0.0,0.0,0.0,0.0,0.0,0.0,0.0,0.0,0.0,0.0,0.0,0,0,0,0,0,0,0,0,0,0,0.0
53365_2008,0.0,0.0,0.0,0.0,0.0,0.0,0.0,0.0,0.0,0.0,0.0,0.0,0.0,0.0,0.0,0.0,0,0,0,0,1,0,0,0,0,0,0.0
53365_2009,0.0,0.0,0.0,0.0,0.0,0.0,0.0,0.0,0.0,0.0,0.0,0.0,0.0,0.0,0.0,0.0,0,0,0,0,1,0,0,0,0,0,0.0
53365_2010,0.0,0.0,0.0,0.0,0.0,0.0,0.0,0.0,0.0,0.0,0.0,0.0,0.0,0.0,0.0,0.0,0,0,0,0,1,0,0,0,0,0,0.0
53366_2008,0.0,0.0,0.0,0.0,0.0,0.0,0.0,0.0,0.0,0.0,0.0,0.0,0.0,0.0,0.0,0.0,0,0,0,0,1,0,0,0,0,0,0.0
53366_2009,0.0,0.0,0.0,0.0,0.0,0.0,0.0,0.0,0.0,0.0,0.0,0.0,0.0,0.0,0.0,0.0,0,0,0,0,1,0,0,0,0,0,0.0
53366_2010,0.0,0.0,0.0,0.0,0.0,0.0,0.0,0.0,0.0,0.0,0.0,0.0,0.0,0.0,0.0,0.0,0,0,0,0,1,0,0,0,0,0,0.0
53367_2008,0.0,0.0,0.0,0.0,0.0,0.0,0.0,0.0,0.0,0.0,0.0,0.0,0.0,0.0,0.0,0.0,0,1,0,0,0,0,0,0,0,0,0.0
53367_2009,0.0,0.0,0.0,0.0,0.0,0.0,0.0,0.0,0.0,0.0,0.0,0.0,0.0,0.0,0.0,0.0,0,1,0,0,0,0,0,0,0,0,0.0
53367_2010,0.0,0.0,0.0,0.0,0.0,0.0,0.0,0.0,0.0,0.0,0.0,0.0,0.0,0.0,0.0,0.0,0,1,0,0,0,0,0,0,0,0,0.0
53368_2008,0.0,0.0,0.0,0.0,0.0,0.0,0.0,0.0,0.0,0.0,0.0,0.0,0.0,0.0,0.0,0.0,0,0,0,0,0,1,0,0,0,0,0.0
53368_2009,0.0,0.0,0.0,0.0,0.0,0.0,0.0,0.0,0.0,0.0,0.0,0.0,0.0,0.0,0.0,0.0,0,0,0,0,0,1,0,0,0,0,0.0
53368_2010,0.0,0.0,0.0,0.0,0.0,0.0,0.0,0.0,0.0,0.0,0.0,0.0,0.0,0.0,0.0,0.0,0,0,0,0,0,1,0,0,0,0,0.0
53372_2008,0.0,0.0,0.0,0.0,0.0,0.0,0.0,0.0,0.0,0.0,0.0,0.0,0.0,0.0,0.0,0.0,0,0,0,0,0,0,0,0,0,0,0.0
53372_2009,0.0,0.0,0.0,0.0,0.0,0.0,0.0,0.0,0.0,0.0,0.0,0.0,0.0,0.0,0.0,0.0,0,0,0,0,0,0,0,0,0,0,0.0
53372_2010,0.0,0.0,0.0,0.0,0.0,0.0,0.0,0.0,0.0,0.0,0.0,0.0,0.0,0.0,0.0,0.0,0,0,0,0,0,0,0,0,0,0,0.0
53374_2008,0.0,0.0,0.0,0.0,0.0,0.0,0.0,0.0,0.0,0.0,0.0,0.0,0.0,0.0,0.0,0.0,0,0,0,0,0,0,1,0,0,0,0.0
53374_2009,0.0,0.0,0.0,0.0,0.0,0.0,0.0,0.0,0.0,0.0,0.0,0.0,0.0,0.0,0.0,0.0,0,0,0,0,0,0,1,0,0,0,0.0
53374_2010,0.0,0.0,0.0,0.0,0.0,0.0,0.0,0.0,0.0,0.0,0.0,0.0,0.0,0.0,0.0,0.0,0,0,0,0,0,0,1,0,0,0,0.0
53375_2008,0.0,0.0,0.0,0.0,0.0,0.0,0.0,0.0,0.0,0.0,0.0,0.0,0.0,0.0,0.0,0.0,0,0,0,0,1,0,0,0,0,0,0.0
53375_2009,0.0,0.0,0.0,0.0,0.0,0.0,0.0,0.0,0.0,0.0,0.0,0.0,0.0,0.0,0.0,0.0,0,0,0,0,1,0,0,0,0,0,0.0
53375_2010,0.0,0.0,0.0,0.0,0.0,0.0,0.0,0.0,0.0,0.0,0.0,0.0,0.0,0.0,0.0,0.0,0,0,0,0,1,0,0,0,0,0,0.0
53378_2008,0.0,0.0,0.0,0.0,0.0,0.0,0.0,0.0,0.0,0.0,0.0,0.0,0.0,0.0,0.0,0.0,0,0,0,0,0,0,0,0,0,0,0.0
53378_2009,0.0,0.0,0.0,0.0,0.0,0.0,0.0,0.0,0.0,0.0,0.0,0.0,0.0,0.0,0.0,0.0,0,0,0,0,0,0,0,0,0,0,0.0
53378_2010,0.0,0.0,0.0,0.0,0.0,0.0,0.0,0.0,0.0,0.0,0.0,0.0,0.0,0.0,0.0,0.0,0,0,0,0,0,0,0,0,0,0,0.0
53385_2008,0.0,0.0,0.0,0.0,0.0,0.0,0.0,0.0,0.0,0.0,0.0,0.0,0.0,0.0,0.0,0.0,0,0,0,0,0,0,0,0,0,0,0.0
53385_2009,0.0,0.0,0.0,0.0,0.0,0.0,0.0,0.0,0.0,0.0,0.0,0.0,0.0,0.0,0.0,0.0,0,0,0,0,0,0,0,0,0,0,0.0
53385_2010,0.0,0.0,0.0,0.0,0.0,0.0,0.0,0.0,0.0,0.0,0.0,0.0,0.0,0.0,0.0,0.0,0,0,0,0,0,0,0,0,0,0,0.0
53386_2008,0.0,0.0,0.0,0.0,0.0,0.0,0.0,0.0,0.0,0.0,0.0,0.0,0.0,0.0,0.0,0.0,0,0,0,0,1,0,0,0,0,0,0.0
53386_2009,0.0,0.0,0.0,0.0,0.0,0.0,0.0,0.0,0.0,0.0,0.0,0.0,0.0,0.0,0.0,0.0,0,0,0,0,1,0,0,0,0,0,0.0
53386_2010,0.0,0.0,0.0,0.0,0.0,0.0,0.0,0.0,0.0,0.0,0.0,0.0,0.0,0.0,0.0,0.0,0,0,0,0,1,0,0,0,0,0,0.0
53387_2008,0.0,0.0,0.0,0.0,0.0,0.0,0.0,0.0,0.0,0.0,0.0,0.0,0.0,0.0,0.0,0.0,0,0,0,0,0,0,1,0,0,0,0.0
53387_2009,0.0,0.0,0.0,0.0,0.0,0.0,0.0,0.0,0.0,0.0,0.0,0.0,0.0,0.0,0.0,0.0,0,0,0,0,0,0,1,0,0,0,0.0
53387_2010,0.0,0.0,0.0,0.0,0.0,0.0,0.0,0.0,0.0,0.0,0.0,0.0,0.0,0.0,0.0,0.0,0,0,0,0,0,0,1,0,0,0,0.0
53388_2008,0.0,0.0,0.0,0.0,0.0,0.0,0.0,0.0,0.0,0.0,0.0,0.0,0.0,0.0,0.0,0.0,0,0,0,0,1,0,0,0,0,0,0.0
53388_2009,0.0,0.0,0.0,0.0,0.0,0.0,0.0,0.0,0.0,0.0,0.0,0.0,0.0,0.0,0.0,0.0,0,0,0,0,1,0,0,0,0,0,0.0
53388_2010,0.0,0.0,0.0,0.0,0.0,0.0,0.0,0.0,0.0,0.0,0.0,0.0,0.0,0.0,0.0,0.0,0,0,0,0,1,0,0,0,0,0,0.0
53389_2008,0.0,0.0,0.0,0.0,0.0,0.0,0.0,0.0,0.0,0.0,0.0,0.0,0.0,0.0,0.0,0.0,0,0,0,0,1,0,0,0,0,0,0.0
53389_2009,0.0,0.0,0.0,0.0,0.0,0.0,0.0,0.0,0.0,0.0,0.0,0.0,0.0,0.0,0.0,0.0,0,0,0,0,1,0,0,0,0,0,0.0
53389_2010,0.0,0.0,0.0,0.0,0.0,0.0,0.0,0.0,0.0,0.0,0.0,0.0,0.0,0.0,0.0,0.0,0,0,0,0,1,0,0,0,0,0,0.0
53391_2008,0.0,0.0,0.0,0.0,0.0,0.0,0.0,0.0,0.0,0.0,0.0,0.0,0.0,0.0,0.0,0.0,0,0,0,1,0,0,0,0,0,0,0.0
53391_2009,0.0,0.0,0.0,0.0,0.0,0.0,0.0,0.0,0.0,0.0,0.0,0.0,0.0,0.0,0.0,0.0,0,0,0,1,0,0,0,0,0,0,0.0
53391_2010,0.0,0.0,0.0,0.0,0.0,0.0,0.0,0.0,0.0,0.0,0.0,0.0,0.0,0.0,0.0,0.0,0,0,0,1,0,0,0,0,0,0,0.0
53393_2008,0.0,0.0,0.0,0.0,0.0,0.0,0.0,0.0,0.0,0.0,0.0,0.0,0.0,0.0,0.0,0.0,0,0,0,0,1,0,0,0,0,0,0.0
53393_2009,0.0,0.0,0.0,0.0,0.0,0.0,0.0,0.0,0.0,0.0,0.0,0.0,0.0,0.0,0.0,0.0,0,0,0,0,1,0,0,0,0,0,0.0
53393_2010,0.0,0.0,0.0,0.0,0.0,0.0,0.0,0.0,0.0,0.0,0.0,0.0,0.0,0.0,0.0,0.0,0,0,0,0,1,0,0,0,0,0,0.0
53394_2008,0.0,0.0,0.0,0.0,0.0,0.0,0.0,0.0,0.0,0.0,0.0,0.0,0.0,0.0,0.0,0.0,0,0,0,0,1,0,0,0,0,0,0.0
53394_2009,0.0,0.0,0.0,0.0,0.0,0.0,0.0,0.0,0.0,0.0,0.0,0.0,0.0,0.0,0.0,0.0,0,0,0,0,1,0,0,0,0,0,0.0
53394_2010,0.0,0.0,0.0,0.0,0.0,0.0,0.0,0.0,0.0,0.0,0.0,0.0,0.0,0.0,0.0,0.0,0,0,0,0,1,0,0,0,0,0,0.0
53395_2008,0.0,0.0,0.0,0.0,0.0,0.0,0.0,0.0,0.0,0.0,0.0,0.0,0.0,0.0,0.0,0.0,0,0,0,0,0,1,0,0,0,0,0.0
53395_2009,0.0,0.0,0.0,0.0,0.0,0.0,0.0,0.0,0.0,0.0,0.0,0.0,0.0,0.0,0.0,0.0,0,0,0,0,0,1,0,0,0,0,0.0
53395_2010,0.0,0.0,0.0,0.0,0.0,0.0,0.0,0.0,0.0,0.0,0.0,0.0,0.0,0.0,0.0,0.0,0,0,0,0,0,1,0,0,0,0,0.0
53396_2008,0.0,0.0,0.0,0.0,0.0,0.0,0.0,0.0,0.0,0.0,0.0,0.0,0.0,0.0,0.0,0.0,0,1,0,0,0,0,0,0,0,0,0.0
53396_2009,0.0,0.0,0.0,0.0,0.0,0.0,0.0,0.0,0.0,0.0,0.0,0.0,0.0,0.0,0.0,0.0,0,1,0,0,0,0,0,0,0,0,0.0
53396_2010,0.0,0.0,0.0,0.0,0.0,0.0,0.0,0.0,0.0,0.0,0.0,0.0,0.0,0.0,0.0,0.0,0,1,0,0,0,0,0,0,0,0,0.0
53399_2008,0.0,0.0,0.0,0.0,0.0,0.0,0.0,0.0,0.0,0.0,0.0,0.0,0.0,0.0,0.0,0.0,0,0,0,0,0,0,1,0,0,0,0.0
53399_2009,0.0,0.0,0.0,0.0,0.0,0.0,0.0,0.0,0.0,0.0,0.0,0.0,0.0,0.0,0.0,0.0,0,0,0,0,0,0,1,0,0,0,0.0
53399_2010,0.0,0.0,0.0,0.0,0.0,0.0,0.0,0.0,0.0,0.0,0.0,0.0,0.0,0.0,0.0,0.0,0,0,0,0,0,0,1,0,0,0,0.0
53401_2008,0.0,0.0,0.0,0.0,0.0,0.0,0.0,0.0,0.0,0.0,0.0,0.0,0.0,0.0,0.0,0.0,0,0,0,0,1,0,0,0,0,0,0.0
53401_2009,0.0,0.0,0.0,0.0,0.0,0.0,0.0,0.0,0.0,0.0,0.0,0.0,0.0,0.0,0.0,0.0,0,0,0,0,1,0,0,0,0,0,0.0
53401_2010,0.0,0.0,0.0,0.0,0.0,0.0,0.0,0.0,0.0,0.0,0.0,0.0,0.0,0.0,0.0,0.0,0,0,0,0,1,0,0,0,0,0,0.0
53402_2008,0.0,0.0,0.0,0.0,0.0,0.0,0.0,0.0,0.0,0.0,0.0,0.0,0.0,0.0,0.0,0.0,0,0,0,0,0,1,0,0,0,0,0.0
53402_2009,0.0,0.0,0.0,0.0,0.0,0.0,0.0,0.0,0.0,0.0,0.0,0.0,0.0,0.0,0.0,0.0,0,0,0,0,0,1,0,0,0,0,0.0
53402_2010,0.0,0.0,0.0,0.0,0.0,0.0,0.0,0.0,0.0,0.0,0.0,0.0,0.0,0.0,0.0,0.0,0,0,0,0,0,1,0,0,0,0,0.0
53405_2008,0.0,0.0,0.0,0.0,0.0,0.0,0.0,0.0,0.0,0.0,0.0,0.0,0.0,0.0,0.0,0.0,0,1,0,0,0,0,0,0,0,0,0.0
53405_2009,0.0,0.0,0.0,0.0,0.0,0.0,0.0,0.0,0.0,0.0,0.0,0.0,0.0,0.0,0.0,0.0,0,1,0,0,0,0,0,0,0,0,0.0
53405_2010,0.0,0.0,0.0,0.0,0.0,0.0,0.0,0.0,0.0,0.0,0.0,0.0,0.0,0.0,0.0,0.0,0,1,0,0,0,0,0,0,0,0,0.0
53406_2008,0.0,0.0,0.0,0.0,0.0,0.0,0.0,0.0,0.0,0.0,0.0,0.0,0.0,0.0,0.0,0.0,0,0,1,0,0,0,0,0,0,0,0.0
53406_2009,0.0,0.0,0.0,0.0,0.0,0.0,0.0,0.0,0.0,0.0,0.0,0.0,0.0,0.0,0.0,0.0,0,0,1,0,0,0,0,0,0,0,0.0
53406_2010,0.0,0.0,0.0,0.0,0.0,0.0,0.0,0.0,0.0,0.0,0.0,0.0,0.0,0.0,0.0,0.0,0,0,1,0,0,0,0,0,0,0,0.0
53407_2008,0.0,0.0,0.0,0.0,0.0,0.0,0.0,0.0,0.0,0.0,0.0,0.0,0.0,0.0,0.0,0.0,0,0,0,0,0,1,0,0,0,0,0.0
53407_2009,0.0,0.0,0.0,0.0,0.0,0.0,0.0,0.0,0.0,0.0,0.0,0.0,0.0,0.0,0.0,0.0,0,0,0,0,0,1,0,0,0,0,0.0
53407_2010,0.0,0.0,0.0,0.0,0.0,0.0,0.0,0.0,0.0,0.0,0.0,0.0,0.0,0.0,0.0,0.0,0,0,0,0,0,1,0,0,0,0,0.0
53411_2008,0.0,0.0,0.0,0.0,0.0,0.0,0.0,0.0,0.0,0.0,0.0,0.0,0.0,0.0,0.0,0.0,1,0,0,0,0,0,0,0,0,0,0.0
53411_2009,0.0,0.0,0.0,0.0,0.0,0.0,0.0,0.0,0.0,0.0,0.0,0.0,0.0,0.0,0.0,0.0,1,0,0,0,0,0,0,0,0,0,0.0
53411_2010,0.0,0.0,0.0,0.0,0.0,0.0,0.0,0.0,0.0,0.0,0.0,0.0,0.0,0.0,0.0,0.0,1,0,0,0,0,0,0,0,0,0,0.0
53413_2008,0.0,0.0,0.0,0.0,0.0,0.0,0.0,0.0,0.0,0.0,0.0,0.0,0.0,0.0,0.0,0.0,0,1,0,0,0,0,0,0,0,0,0.0
53413_2009,0.0,0.0,0.0,0.0,0.0,0.0,0.0,0.0,0.0,0.0,0.0,0.0,0.0,0.0,0.0,0.0,0,1,0,0,0,0,0,0,0,0,0.0
53413_2010,0.0,0.0,0.0,0.0,0.0,0.0,0.0,0.0,0.0,0.0,0.0,0.0,0.0,0.0,0.0,0.0,0,1,0,0,0,0,0,0,0,0,0.0
53415_2008,0.0,0.0,0.0,0.0,0.0,0.0,0.0,0.0,0.0,0.0,0.0,0.0,0.0,0.0,0.0,0.0,0,1,0,0,0,0,0,0,0,0,0.0
53415_2009,0.0,0.0,0.0,0.0,0.0,0.0,0.0,0.0,0.0,0.0,0.0,0.0,0.0,0.0,0.0,0.0,0,1,0,0,0,0,0,0,0,0,0.0
53415_2010,0.0,0.0,0.0,0.0,0.0,0.0,0.0,0.0,0.0,0.0,0.0,0.0,0.0,0.0,0.0,0.0,0,1,0,0,0,0,0,0,0,0,0.0
53417_2008,0.0,0.0,0.0,0.0,0.0,0.0,0.0,0.0,0.0,0.0,0.0,0.0,0.0,0.0,0.0,0.0,0,1,0,0,0,0,0,0,0,0,0.0
53417_2009,0.0,0.0,0.0,0.0,0.0,0.0,0.0,0.0,0.0,0.0,0.0,0.0,0.0,0.0,0.0,0.0,0,1,0,0,0,0,0,0,0,0,0.0
53417_2010,0.0,0.0,0.0,0.0,0.0,0.0,0.0,0.0,0.0,0.0,0.0,0.0,0.0,0.0,0.0,0.0,0,1,0,0,0,0,0,0,0,0,0.0
53419_2008,0.0,0.0,0.0,0.0,0.0,0.0,0.0,0.0,0.0,0.0,0.0,0.0,0.0,0.0,0.0,0.0,0,0,0,0,1,0,0,0,0,0,0.0
53419_2009,0.0,0.0,0.0,0.0,0.0,0.0,0.0,0.0,0.0,0.0,0.0,0.0,0.0,0.0,0.0,0.0,0,0,0,0,1,0,0,0,0,0,0.0
53419_2010,0.0,0.0,0.0,0.0,0.0,0.0,0.0,0.0,0.0,0.0,0.0,0.0,0.0,0.0,0.0,0.0,0,0,0,0,1,0,0,0,0,0,0.0
53421_2008,0.0,0.0,0.0,0.0,0.0,0.0,0.0,0.0,0.0,0.0,0.0,0.0,0.0,0.0,0.0,0.0,0,0,0,0,0,0,1,0,0,0,0.0
53421_2009,0.0,0.0,0.0,0.0,0.0,0.0,0.0,0.0,0.0,0.0,0.0,0.0,0.0,0.0,0.0,0.0,0,0,0,0,0,0,1,0,0,0,0.0
53421_2010,0.0,0.0,0.0,0.0,0.0,0.0,0.0,0.0,0.0,0.0,0.0,0.0,0.0,0.0,0.0,0.0,0,0,0,0,0,0,1,0,0,0,0.0
53423_2008,0.0,0.0,0.0,0.0,0.0,0.0,0.0,0.0,0.0,0.0,0.0,0.0,0.0,0.0,0.0,0.0,0,0,0,1,0,0,0,0,0,0,0.0
53423_2009,0.0,0.0,0.0,0.0,0.0,0.0,0.0,0.0,0.0,0.0,0.0,0.0,0.0,0.0,0.0,0.0,0,0,0,1,0,0,0,0,0,0,0.0
53423_2010,0.0,0.0,0.0,0.0,0.0,0.0,0.0,0.0,0.0,0.0,0.0,0.0,0.0,0.0,0.0,0.0,0,0,0,1,0,0,0,0,0,0,0.0
53424_2008,0.0,0.0,0.0,0.0,0.0,0.0,0.0,0.0,0.0,0.0,0.0,0.0,0.0,0.0,0.0,0.0,0,0,0,0,0,0,0,0,0,0,0.0
53424_2009,0.0,0.0,0.0,0.0,0.0,0.0,0.0,0.0,0.0,0.0,0.0,0.0,0.0,0.0,0.0,0.0,0,0,0,0,0,0,0,0,0,0,0.0
53424_2010,0.0,0.0,0.0,0.0,0.0,0.0,0.0,0.0,0.0,0.0,0.0,0.0,0.0,0.0,0.0,0.0,0,0,0,0,0,0,0,0,0,0,0.0
53427_2008,0.0,0.0,0.0,0.0,0.0,0.0,0.0,0.0,0.0,0.0,0.0,0.0,0.0,0.0,0.0,0.0,0,0,0,1,0,0,0,0,0,0,0.0
53427_2009,0.0,0.0,0.0,0.0,0.0,0.0,0.0,0.0,0.0,0.0,0.0,0.0,0.0,0.0,0.0,0.0,0,0,0,1,0,0,0,0,0,0,0.0
53427_2010,0.0,0.0,0.0,0.0,0.0,0.0,0.0,0.0,0.0,0.0,0.0,0.0,0.0,0.0,0.0,0.0,0,0,0,1,0,0,0,0,0,0,0.0
53428_2008,0.0,0.0,0.0,0.0,0.0,0.0,0.0,0.0,0.0,0.0,0.0,0.0,0.0,0.0,0.0,0.0,0,0,0,0,0,0,1,0,0,0,0.0
53428_2009,0.0,0.0,0.0,0.0,0.0,0.0,0.0,0.0,0.0,0.0,0.0,0.0,0.0,0.0,0.0,0.0,0,0,0,0,0,0,1,0,0,0,0.0
53428_2010,0.0,0.0,0.0,0.0,0.0,0.0,0.0,0.0,0.0,0.0,0.0,0.0,0.0,0.0,0.0,0.0,0,0,0,0,0,0,1,0,0,0,0.0
5342_2008,0.0,0.0,0.0,0.0,0.0,0.0,0.0,0.0,0.0,0.0,0.0,0.0,0.0,0.0,0.0,0.0,0,0,0,0,0,1,0,0,0,0,0.0
5342_2009,0.0,0.0,0.0,0.0,0.0,0.0,0.0,0.0,0.0,0.0,0.0,0.0,0.0,0.0,0.0,0.0,0,0,0,0,0,1,0,0,0,0,0.0
5342_2010,0.0,0.0,0.0,0.0,0.0,0.0,0.0,0.0,0.0,0.0,0.0,0.0,0.0,0.0,0.0,0.0,0,0,0,0,0,1,0,0,0,0,0.0
53437_2008,0.0,0.0,0.0,0.0,0.0,0.0,0.0,0.0,0.0,0.0,0.0,0.0,0.0,0.0,0.0,0.0,0,0,0,0,0,0,0,0,0,1,0.0
53437_2009,0.0,0.0,0.0,0.0,0.0,0.0,0.0,0.0,0.0,0.0,0.0,0.0,0.0,0.0,0.0,0.0,0,0,0,0,0,0,0,0,0,1,0.0
53437_2010,0.0,0.0,0.0,0.0,0.0,0.0,0.0,0.0,0.0,0.0,0.0,0.0,0.0,0.0,0.0,0.0,0,0,0,0,0,0,0,0,0,1,0.0
53438_2008,0.0,0.0,0.0,0.0,0.0,0.0,0.0,0.0,0.0,0.0,0.0,0.0,0.0,0.0,0.0,0.0,0,0,0,0,0,0,0,0,0,0,0.0
53438_2009,0.0,0.0,0.0,0.0,0.0,0.0,0.0,0.0,0.0,0.0,0.0,0.0,0.0,0.0,0.0,0.0,0,0,0,0,0,0,0,0,0,0,0.0
53438_2010,0.0,0.0,0.0,0.0,0.0,0.0,0.0,0.0,0.0,0.0,0.0,0.0,0.0,0.0,0.0,0.0,0,0,0,0,0,0,0,0,0,0,0.0
53439_2008,0.0,0.0,0.0,0.0,0.0,0.0,0.0,0.0,0.0,0.0,0.0,0.0,0.0,0.0,0.0,0.0,0,0,0,0,0,0,0,0,0,0,0.0
53439_2009,0.0,0.0,0.0,0.0,0.0,0.0,0.0,0.0,0.0,0.0,0.0,0.0,0.0,0.0,0.0,0.0,0,0,0,0,0,0,0,0,0,0,0.0
53439_2010,0.0,0.0,0.0,0.0,0.0,0.0,0.0,0.0,0.0,0.0,0.0,0.0,0.0,0.0,0.0,0.0,0,0,0,0,0,0,0,0,0,0,0.0
53440_2008,0.0,0.0,0.0,0.0,0.0,0.0,0.0,0.0,0.0,0.0,0.0,0.0,0.0,0.0,0.0,0.0,0,0,1,0,0,0,0,0,0,0,0.0
53440_2009,0.0,0.0,0.0,0.0,0.0,0.0,0.0,0.0,0.0,0.0,0.0,0.0,0.0,0.0,0.0,0.0,0,0,1,0,0,0,0,0,0,0,0.0
53440_2010,0.0,0.0,0.0,0.0,0.0,0.0,0.0,0.0,0.0,0.0,0.0,0.0,0.0,0.0,0.0,0.0,0,0,1,0,0,0,0,0,0,0,0.0
53443_2008,0.0,0.0,0.0,0.0,0.0,0.0,0.0,0.0,0.0,0.0,0.0,0.0,0.0,0.0,0.0,0.0,0,0,0,0,0,0,1,0,0,0,0.0
53443_2009,0.0,0.0,0.0,0.0,0.0,0.0,0.0,0.0,0.0,0.0,0.0,0.0,0.0,0.0,0.0,0.0,0,0,0,0,0,0,1,0,0,0,0.0
53443_2010,0.0,0.0,0.0,0.0,0.0,0.0,0.0,0.0,0.0,0.0,0.0,0.0,0.0,0.0,0.0,0.0,0,0,0,0,0,0,1,0,0,0,0.0
53445_2008,0.0,0.0,0.0,0.0,0.0,0.0,0.0,0.0,0.0,0.0,0.0,0.0,0.0,0.0,0.0,0.0,0,0,0,0,0,0,1,0,0,0,0.0
53445_2009,0.0,0.0,0.0,0.0,0.0,0.0,0.0,0.0,0.0,0.0,0.0,0.0,0.0,0.0,0.0,0.0,0,0,0,0,0,0,1,0,0,0,0.0
53445_2010,0.0,0.0,0.0,0.0,0.0,0.0,0.0,0.0,0.0,0.0,0.0,0.0,0.0,0.0,0.0,0.0,0,0,0,0,0,0,1,0,0,0,0.0
53453_2008,0.0,0.0,0.0,0.0,0.0,0.0,0.0,0.0,0.0,0.0,0.0,0.0,0.0,0.0,0.0,0.0,0,0,1,0,0,0,0,0,0,0,0.0
53453_2009,0.0,0.0,0.0,0.0,0.0,0.0,0.0,0.0,0.0,0.0,0.0,0.0,0.0,0.0,0.0,0.0,0,0,1,0,0,0,0,0,0,0,0.0
53453_2010,0.0,0.0,0.0,0.0,0.0,0.0,0.0,0.0,0.0,0.0,0.0,0.0,0.0,0.0,0.0,0.0,0,0,1,0,0,0,0,0,0,0,0.0
53454_2008,0.0,0.0,0.0,0.0,0.0,0.0,0.0,0.0,0.0,0.0,0.0,0.0,0.0,0.0,0.0,0.0,0,1,0,0,0,0,0,0,0,0,0.0
53454_2009,0.0,0.0,0.0,0.0,0.0,0.0,0.0,0.0,0.0,0.0,0.0,0.0,0.0,0.0,0.0,0.0,0,1,0,0,0,0,0,0,0,0,0.0
53454_2010,0.0,0.0,0.0,0.0,0.0,0.0,0.0,0.0,0.0,0.0,0.0,0.0,0.0,0.0,0.0,0.0,0,1,0,0,0,0,0,0,0,0,0.0
53455_2008,0.0,0.0,0.0,0.0,0.0,0.0,0.0,0.0,0.0,0.0,0.0,0.0,0.0,0.0,0.0,0.0,0,0,0,0,0,0,0,0,1,0,0.0
53455_2009,0.0,0.0,0.0,0.0,0.0,0.0,0.0,0.0,0.0,0.0,0.0,0.0,0.0,0.0,0.0,0.0,0,0,0,0,0,0,0,0,1,0,0.0
53455_2010,0.0,0.0,0.0,0.0,0.0,0.0,0.0,0.0,0.0,0.0,0.0,0.0,0.0,0.0,0.0,0.0,0,0,0,0,0,0,0,0,1,0,0.0
53456_2008,0.0,0.0,0.0,0.0,0.0,0.0,0.0,0.0,0.0,0.0,0.0,0.0,0.0,0.0,0.0,0.0,0,1,0,0,0,0,0,0,0,0,0.0
53456_2009,0.0,0.0,0.0,0.0,0.0,0.0,0.0,0.0,0.0,0.0,0.0,0.0,0.0,0.0,0.0,0.0,0,1,0,0,0,0,0,0,0,0,0.0
53456_2010,0.0,0.0,0.0,0.0,0.0,0.0,0.0,0.0,0.0,0.0,0.0,0.0,0.0,0.0,0.0,0.0,0,1,0,0,0,0,0,0,0,0,0.0
53461_2008,0.0,0.0,0.0,0.0,0.0,0.0,0.0,0.0,0.0,0.0,0.0,0.0,0.0,0.0,0.0,0.0,0,0,0,0,0,0,1,0,0,0,0.0
53461_2009,0.0,0.0,0.0,0.0,0.0,0.0,0.0,0.0,0.0,0.0,0.0,0.0,0.0,0.0,0.0,0.0,0,0,0,0,0,0,1,0,0,0,0.0
53461_2010,0.0,0.0,0.0,0.0,0.0,0.0,0.0,0.0,0.0,0.0,0.0,0.0,0.0,0.0,0.0,0.0,0,0,0,0,0,0,1,0,0,0,0.0
53462_2008,0.0,0.0,0.0,0.0,0.0,0.0,0.0,0.0,0.0,0.0,0.0,0.0,0.0,0.0,0.0,0.0,0,0,0,0,0,1,0,0,0,0,0.0
53462_2009,0.0,0.0,0.0,0.0,0.0,0.0,0.0,0.0,0.0,0.0,0.0,0.0,0.0,0.0,0.0,0.0,0,0,0,0,0,1,0,0,0,0,0.0
53462_2010,0.0,0.0,0.0,0.0,0.0,0.0,0.0,0.0,0.0,0.0,0.0,0.0,0.0,0.0,0.0,0.0,0,0,0,0,0,1,0,0,0,0,0.0
53463_2008,0.0,0.0,0.0,0.0,0.0,0.0,0.0,0.0,0.0,0.0,0.0,0.0,0.0,0.0,0.0,0.0,0,0,0,0,0,1,0,0,0,0,0.0
53463_2009,0.0,0.0,0.0,0.0,0.0,0.0,0.0,0.0,0.0,0.0,0.0,0.0,0.0,0.0,0.0,0.0,0,0,0,0,0,1,0,0,0,0,0.0
53463_2010,0.0,0.0,0.0,0.0,0.0,0.0,0.0,0.0,0.0,0.0,0.0,0.0,0.0,0.0,0.0,0.0,0,0,0,0,0,1,0,0,0,0,0.0
53466_2008,0.0,0.0,0.0,0.0,0.0,0.0,0.0,0.0,0.0,0.0,0.0,0.0,0.0,0.0,0.0,0.0,0,0,0,0,0,0,0,0,0,0,0.0
53466_2009,0.0,0.0,0.0,0.0,0.0,0.0,0.0,0.0,0.0,0.0,0.0,0.0,0.0,0.0,0.0,0.0,0,0,0,0,0,0,0,0,0,0,0.0
53466_2010,0.0,0.0,0.0,0.0,0.0,0.0,0.0,0.0,0.0,0.0,0.0,0.0,0.0,0.0,0.0,0.0,0,0,0,0,0,0,0,0,0,0,0.0
53467_2008,0.0,0.0,0.0,0.0,0.0,0.0,0.0,0.0,0.0,0.0,0.0,0.0,0.0,0.0,0.0,0.0,0,1,0,0,0,0,0,0,0,0,0.0
53467_2009,0.0,0.0,0.0,0.0,0.0,0.0,0.0,0.0,0.0,0.0,0.0,0.0,0.0,0.0,0.0,0.0,0,1,0,0,0,0,0,0,0,0,0.0
53467_2010,0.0,0.0,0.0,0.0,0.0,0.0,0.0,0.0,0.0,0.0,0.0,0.0,0.0,0.0,0.0,0.0,0,1,0,0,0,0,0,0,0,0,0.0
53472_2008,0.0,0.0,0.0,0.0,0.0,0.0,0.0,0.0,0.0,0.0,0.0,0.0,0.0,0.0,0.0,0.0,0,0,1,0,0,0,0,0,0,0,0.0
53472_2009,0.0,0.0,0.0,0.0,0.0,0.0,0.0,0.0,0.0,0.0,0.0,0.0,0.0,0.0,0.0,0.0,0,0,1,0,0,0,0,0,0,0,0.0
53472_2010,0.0,0.0,0.0,0.0,0.0,0.0,0.0,0.0,0.0,0.0,0.0,0.0,0.0,0.0,0.0,0.0,0,0,1,0,0,0,0,0,0,0,0.0
53474_2008,0.0,0.0,0.0,0.0,0.0,0.0,0.0,0.0,0.0,0.0,0.0,0.0,0.0,0.0,0.0,0.0,0,0,0,1,0,0,0,0,0,0,0.0
53474_2009,0.0,0.0,0.0,0.0,0.0,0.0,0.0,0.0,0.0,0.0,0.0,0.0,0.0,0.0,0.0,0.0,0,0,0,1,0,0,0,0,0,0,0.0
53474_2010,0.0,0.0,0.0,0.0,0.0,0.0,0.0,0.0,0.0,0.0,0.0,0.0,0.0,0.0,0.0,0.0,0,0,0,1,0,0,0,0,0,0,0.0
53483_2008,0.0,0.0,0.0,0.0,0.0,0.0,0.0,0.0,0.0,0.0,0.0,0.0,0.0,0.0,0.0,0.0,1,0,0,0,0,0,0,0,0,0,0.0
53483_2009,0.0,0.0,0.0,0.0,0.0,0.0,0.0,0.0,0.0,0.0,0.0,0.0,0.0,0.0,0.0,0.0,1,0,0,0,0,0,0,0,0,0,0.0
53483_2010,0.0,0.0,0.0,0.0,0.0,0.0,0.0,0.0,0.0,0.0,0.0,0.0,0.0,0.0,0.0,0.0,1,0,0,0,0,0,0,0,0,0,0.0
53488_2008,0.0,0.0,0.0,0.0,0.0,0.0,0.0,0.0,0.0,0.0,0.0,0.0,0.0,0.0,0.0,0.0,0,0,0,0,0,0,0,0,0,1,0.0
53488_2009,0.0,0.0,0.0,0.0,0.0,0.0,0.0,0.0,0.0,0.0,0.0,0.0,0.0,0.0,0.0,0.0,0,0,0,0,0,0,0,0,0,1,0.0
53488_2010,0.0,0.0,0.0,0.0,0.0,0.0,0.0,0.0,0.0,0.0,0.0,0.0,0.0,0.0,0.0,0.0,0,0,0,0,0,0,0,0,0,1,0.0
53489_2008,0.0,0.0,0.0,0.0,0.0,0.0,0.0,0.0,0.0,0.0,0.0,0.0,0.0,0.0,0.0,0.0,0,0,0,1,0,0,0,0,0,0,0.0
53489_2009,0.0,0.0,0.0,0.0,0.0,0.0,0.0,0.0,0.0,0.0,0.0,0.0,0.0,0.0,0.0,0.0,0,0,0,1,0,0,0,0,0,0,0.0
53489_2010,0.0,0.0,0.0,0.0,0.0,0.0,0.0,0.0,0.0,0.0,0.0,0.0,0.0,0.0,0.0,0.0,0,0,0,1,0,0,0,0,0,0,0.0
5348_2008,-0.08963787105025445,-0.08554996996947582,0.3690826483977426,0.2035329060497108,0.025824829399611844,0.010136330352221024,3.2488912223496413,3.5505617153315465,0.31739560441586057,0.2173437896587664,-13.28234710617248,-12.931790128433931,0.7422668107620566,-0.2560426381382908,0.3364722366212129,0.3148107398400336,0,0,0,0,0,0,0,0,1,0,0.0
5348_2009,-0.08554996996947582,-0.1315510023362047,0.2035329060497108,0.20808060446146698,0.010136330352221024,0.013084906101849885,3.5505617153315465,2.381666894011732,0.2173437896587664,0.2588482820209069,-12.931790128433931,-12.743238459369755,-0.2560426381382908,-0.03946600032591885,0.3148107398400336,-0.3286429655068798,0,0,0,0,0,0,0,0,1,0,0.0
5348_2010,-0.1315510023362047,-0.22665069421913864,0.20808060446146698,0.446770986714584,0.013084906101849885,0.01722029499114028,2.381666894011732,1.0909800807793135,0.2588482820209069,0.270445427425904,-12.743238459369755,-13.694923517614793,-0.03946600032591885,-0.770480366947019,-0.3286429655068798,-1.1086626245216111,0,0,0,0,0,0,0,0,1,0,0.0
53490_2008,0.0,0.0,0.0,0.0,0.0,0.0,0.0,0.0,0.0,0.0,0.0,0.0,0.0,0.0,0.0,0.0,0,0,0,0,1,0,0,0,0,0,0.0
53490_2009,0.0,0.0,0.0,0.0,0.0,0.0,0.0,0.0,0.0,0.0,0.0,0.0,0.0,0.0,0.0,0.0,0,0,0,0,1,0,0,0,0,0,0.0
53490_2010,0.0,0.0,0.0,0.0,0.0,0.0,0.0,0.0,0.0,0.0,0.0,0.0,0.0,0.0,0.0,0.0,0,0,0,0,1,0,0,0,0,0,0.0
53493_2008,0.0,0.0,0.0,0.0,0.0,0.0,0.0,0.0,0.0,0.0,0.0,0.0,0.0,0.0,0.0,0.0,0,0,1,0,0,0,0,0,0,0,0.0
53493_2009,0.0,0.0,0.0,0.0,0.0,0.0,0.0,0.0,0.0,0.0,0.0,0.0,0.0,0.0,0.0,0.0,0,0,1,0,0,0,0,0,0,0,0.0
53493_2010,0.0,0.0,0.0,0.0,0.0,0.0,0.0,0.0,0.0,0.0,0.0,0.0,0.0,0.0,0.0,0.0,0,0,1,0,0,0,0,0,0,0,0.0
53494_2008,0.0,0.0,0.0,0.0,0.0,0.0,0.0,0.0,0.0,0.0,0.0,0.0,0.0,0.0,0.0,0.0,0,0,0,0,0,0,1,0,0,0,0.0
53494_2009,0.0,0.0,0.0,0.0,0.0,0.0,0.0,0.0,0.0,0.0,0.0,0.0,0.0,0.0,0.0,0.0,0,0,0,0,0,0,1,0,0,0,0.0
53494_2010,0.0,0.0,0.0,0.0,0.0,0.0,0.0,0.0,0.0,0.0,0.0,0.0,0.0,0.0,0.0,0.0,0,0,0,0,0,0,1,0,0,0,0.0
53497_2008,0.0,0.0,0.0,0.0,0.0,0.0,0.0,0.0,0.0,0.0,0.0,0.0,0.0,0.0,0.0,0.0,0,0,0,0,0,0,1,0,0,0,0.0
53497_2009,0.0,0.0,0.0,0.0,0.0,0.0,0.0,0.0,0.0,0.0,0.0,0.0,0.0,0.0,0.0,0.0,0,0,0,0,0,0,1,0,0,0,0.0
53497_2010,0.0,0.0,0.0,0.0,0.0,0.0,0.0,0.0,0.0,0.0,0.0,0.0,0.0,0.0,0.0,0.0,0,0,0,0,0,0,1,0,0,0,0.0
53500_2008,0.0,0.0,0.0,0.0,0.0,0.0,0.0,0.0,0.0,0.0,0.0,0.0,0.0,0.0,0.0,0.0,0,0,0,0,0,0,0,0,0,1,0.0
53500_2009,0.0,0.0,0.0,0.0,0.0,0.0,0.0,0.0,0.0,0.0,0.0,0.0,0.0,0.0,0.0,0.0,0,0,0,0,0,0,0,0,0,1,0.0
53500_2010,0.0,0.0,0.0,0.0,0.0,0.0,0.0,0.0,0.0,0.0,0.0,0.0,0.0,0.0,0.0,0.0,0,0,0,0,0,0,0,0,0,1,0.0
53510_2008,0.0,0.0,0.0,0.0,0.0,0.0,0.0,0.0,0.0,0.0,0.0,0.0,0.0,0.0,0.0,0.0,1,0,0,0,0,0,0,0,0,0,0.0
53510_2009,0.0,0.0,0.0,0.0,0.0,0.0,0.0,0.0,0.0,0.0,0.0,0.0,0.0,0.0,0.0,0.0,1,0,0,0,0,0,0,0,0,0,0.0
53510_2010,0.0,0.0,0.0,0.0,0.0,0.0,0.0,0.0,0.0,0.0,0.0,0.0,0.0,0.0,0.0,0.0,1,0,0,0,0,0,0,0,0,0,0.0
53512_2008,0.0,0.0,0.0,0.0,0.0,0.0,0.0,0.0,0.0,0.0,0.0,0.0,0.0,0.0,0.0,0.0,0,0,0,0,0,0,0,0,0,1,0.0
53512_2009,0.0,0.0,0.0,0.0,0.0,0.0,0.0,0.0,0.0,0.0,0.0,0.0,0.0,0.0,0.0,0.0,0,0,0,0,0,0,0,0,0,1,0.0
53512_2010,0.0,0.0,0.0,0.0,0.0,0.0,0.0,0.0,0.0,0.0,0.0,0.0,0.0,0.0,0.0,0.0,0,0,0,0,0,0,0,0,0,1,0.0
53520_2008,0.0,0.0,0.0,0.0,0.0,0.0,0.0,0.0,0.0,0.0,0.0,0.0,0.0,0.0,0.0,0.0,0,0,0,0,0,1,0,0,0,0,0.0
53520_2009,0.0,0.0,0.0,0.0,0.0,0.0,0.0,0.0,0.0,0.0,0.0,0.0,0.0,0.0,0.0,0.0,0,0,0,0,0,1,0,0,0,0,0.0
53520_2010,0.0,0.0,0.0,0.0,0.0,0.0,0.0,0.0,0.0,0.0,0.0,0.0,0.0,0.0,0.0,0.0,0,0,0,0,0,1,0,0,0,0,0.0
53539_2008,0.0,0.0,0.0,0.0,0.0,0.0,0.0,0.0,0.0,0.0,0.0,0.0,0.0,0.0,0.0,0.0,0,0,0,0,0,1,0,0,0,0,0.0
53539_2009,0.0,0.0,0.0,0.0,0.0,0.0,0.0,0.0,0.0,0.0,0.0,0.0,0.0,0.0,0.0,0.0,0,0,0,0,0,1,0,0,0,0,0.0
53539_2010,0.0,0.0,0.0,0.0,0.0,0.0,0.0,0.0,0.0,0.0,0.0,0.0,0.0,0.0,0.0,0.0,0,0,0,0,0,1,0,0,0,0,0.0
53542_2008,0.0,0.0,0.0,0.0,0.0,0.0,0.0,0.0,0.0,0.0,0.0,0.0,0.0,0.0,0.0,0.0,0,0,0,1,0,0,0,0,0,0,0.0
53542_2009,0.0,0.0,0.0,0.0,0.0,0.0,0.0,0.0,0.0,0.0,0.0,0.0,0.0,0.0,0.0,0.0,0,0,0,1,0,0,0,0,0,0,0.0
53542_2010,0.0,0.0,0.0,0.0,0.0,0.0,0.0,0.0,0.0,0.0,0.0,0.0,0.0,0.0,0.0,0.0,0,0,0,1,0,0,0,0,0,0,0.0
53544_2008,0.0,0.0,0.0,0.0,0.0,0.0,0.0,0.0,0.0,0.0,0.0,0.0,0.0,0.0,0.0,0.0,0,0,0,0,1,0,0,0,0,0,0.0
53544_2009,0.0,0.0,0.0,0.0,0.0,0.0,0.0,0.0,0.0,0.0,0.0,0.0,0.0,0.0,0.0,0.0,0,0,0,0,1,0,0,0,0,0,0.0
53544_2010,0.0,0.0,0.0,0.0,0.0,0.0,0.0,0.0,0.0,0.0,0.0,0.0,0.0,0.0,0.0,0.0,0,0,0,0,1,0,0,0,0,0,0.0
53546_2008,0.0,0.0,0.0,0.0,0.0,0.0,0.0,0.0,0.0,0.0,0.0,0.0,0.0,0.0,0.0,0.0,0,0,1,0,0,0,0,0,0,0,0.0
53546_2009,0.0,0.0,0.0,0.0,0.0,0.0,0.0,0.0,0.0,0.0,0.0,0.0,0.0,0.0,0.0,0.0,0,0,1,0,0,0,0,0,0,0,0.0
53546_2010,0.0,0.0,0.0,0.0,0.0,0.0,0.0,0.0,0.0,0.0,0.0,0.0,0.0,0.0,0.0,0.0,0,0,1,0,0,0,0,0,0,0,0.0
53688_2008,0.0,0.0,0.0,0.0,0.0,0.0,0.0,0.0,0.0,0.0,0.0,0.0,0.0,0.0,0.0,0.0,0,0,0,0,0,1,0,0,0,0,0.0
53688_2009,0.0,0.0,0.0,0.0,0.0,0.0,0.0,0.0,0.0,0.0,0.0,0.0,0.0,0.0,0.0,0.0,0,0,0,0,0,1,0,0,0,0,0.0
53688_2010,0.0,0.0,0.0,0.0,0.0,0.0,0.0,0.0,0.0,0.0,0.0,0.0,0.0,0.0,0.0,0.0,0,0,0,0,0,1,0,0,0,0,0.0
53689_2008,0.0,0.0,0.0,0.0,0.0,0.0,0.0,0.0,0.0,0.0,0.0,0.0,0.0,0.0,0.0,0.0,0,0,0,0,1,0,0,0,0,0,0.0
53689_2009,0.0,0.0,0.0,0.0,0.0,0.0,0.0,0.0,0.0,0.0,0.0,0.0,0.0,0.0,0.0,0.0,0,0,0,0,1,0,0,0,0,0,0.0
53689_2010,0.0,0.0,0.0,0.0,0.0,0.0,0.0,0.0,0.0,0.0,0.0,0.0,0.0,0.0,0.0,0.0,0,0,0,0,1,0,0,0,0,0,0.0
53694_2008,0.0,0.0,0.0,0.0,0.0,0.0,0.0,0.0,0.0,0.0,0.0,0.0,0.0,0.0,0.0,0.0,1,0,0,0,0,0,0,0,0,0,0.0
53694_2009,0.0,0.0,0.0,0.0,0.0,0.0,0.0,0.0,0.0,0.0,0.0,0.0,0.0,0.0,0.0,0.0,1,0,0,0,0,0,0,0,0,0,0.0
53694_2010,0.0,0.0,0.0,0.0,0.0,0.0,0.0,0.0,0.0,0.0,0.0,0.0,0.0,0.0,0.0,0.0,1,0,0,0,0,0,0,0,0,0,0.0
53696_2008,0.0,0.0,0.0,0.0,0.0,0.0,0.0,0.0,0.0,0.0,0.0,0.0,0.0,0.0,0.0,0.0,0,0,0,0,1,0,0,0,0,0,0.0
53696_2009,0.0,0.0,0.0,0.0,0.0,0.0,0.0,0.0,0.0,0.0,0.0,0.0,0.0,0.0,0.0,0.0,0,0,0,0,1,0,0,0,0,0,0.0
53696_2010,0.0,0.0,0.0,0.0,0.0,0.0,0.0,0.0,0.0,0.0,0.0,0.0,0.0,0.0,0.0,0.0,0,0,0,0,1,0,0,0,0,0,0.0
53697_2008,0.0,0.0,0.0,0.0,0.0,0.0,0.0,0.0,0.0,0.0,0.0,0.0,0.0,0.0,0.0,0.0,0,1,0,0,0,0,0,0,0,0,0.0
53697_2009,0.0,0.0,0.0,0.0,0.0,0.0,0.0,0.0,0.0,0.0,0.0,0.0,0.0,0.0,0.0,0.0,0,1,0,0,0,0,0,0,0,0,0.0
53697_2010,0.0,0.0,0.0,0.0,0.0,0.0,0.0,0.0,0.0,0.0,0.0,0.0,0.0,0.0,0.0,0.0,0,1,0,0,0,0,0,0,0,0,0.0
53698_2008,0.0,0.0,0.0,0.0,0.0,0.0,0.0,0.0,0.0,0.0,0.0,0.0,0.0,0.0,0.0,0.0,0,0,0,0,0,0,1,0,0,0,0.0
53698_2009,0.0,0.0,0.0,0.0,0.0,0.0,0.0,0.0,0.0,0.0,0.0,0.0,0.0,0.0,0.0,0.0,0,0,0,0,0,0,1,0,0,0,0.0
53698_2010,0.0,0.0,0.0,0.0,0.0,0.0,0.0,0.0,0.0,0.0,0.0,0.0,0.0,0.0,0.0,0.0,0,0,0,0,0,0,1,0,0,0,0.0
53701_2008,0.0,0.0,0.0,0.0,0.0,0.0,0.0,0.0,0.0,0.0,0.0,0.0,0.0,0.0,0.0,0.0,0,0,0,0,0,0,0,0,0,0,0.0
53701_2009,0.0,0.0,0.0,0.0,0.0,0.0,0.0,0.0,0.0,0.0,0.0,0.0,0.0,0.0,0.0,0.0,0,0,0,0,0,0,0,0,0,0,0.0
53701_2010,0.0,0.0,0.0,0.0,0.0,0.0,0.0,0.0,0.0,0.0,0.0,0.0,0.0,0.0,0.0,0.0,0,0,0,0,0,0,0,0,0,0,0.0
53702_2008,0.0,0.0,0.0,0.0,0.0,0.0,0.0,0.0,0.0,0.0,0.0,0.0,0.0,0.0,0.0,0.0,0,0,0,0,0,0,1,0,0,0,0.0
53702_2009,0.0,0.0,0.0,0.0,0.0,0.0,0.0,0.0,0.0,0.0,0.0,0.0,0.0,0.0,0.0,0.0,0,0,0,0,0,0,1,0,0,0,0.0
53702_2010,0.0,0.0,0.0,0.0,0.0,0.0,0.0,0.0,0.0,0.0,0.0,0.0,0.0,0.0,0.0,0.0,0,0,0,0,0,0,1,0,0,0,0.0
53703_2008,0.0,0.0,0.0,0.0,0.0,0.0,0.0,0.0,0.0,0.0,0.0,0.0,0.0,0.0,0.0,0.0,0,0,0,0,0,0,0,0,0,1,0.0
53703_2009,0.0,0.0,0.0,0.0,0.0,0.0,0.0,0.0,0.0,0.0,0.0,0.0,0.0,0.0,0.0,0.0,0,0,0,0,0,0,0,0,0,1,0.0
53703_2010,0.0,0.0,0.0,0.0,0.0,0.0,0.0,0.0,0.0,0.0,0.0,0.0,0.0,0.0,0.0,0.0,0,0,0,0,0,0,0,0,0,1,0.0
53704_2008,0.0,0.0,0.0,0.0,0.0,0.0,0.0,0.0,0.0,0.0,0.0,0.0,0.0,0.0,0.0,0.0,0,0,0,0,0,0,1,0,0,0,0.0
53704_2009,0.0,0.0,0.0,0.0,0.0,0.0,0.0,0.0,0.0,0.0,0.0,0.0,0.0,0.0,0.0,0.0,0,0,0,0,0,0,1,0,0,0,0.0
53704_2010,0.0,0.0,0.0,0.0,0.0,0.0,0.0,0.0,0.0,0.0,0.0,0.0,0.0,0.0,0.0,0.0,0,0,0,0,0,0,1,0,0,0,0.0
53705_2008,0.0,0.0,0.0,0.0,0.0,0.0,0.0,0.0,0.0,0.0,0.0,0.0,0.0,0.0,0.0,0.0,0,1,0,0,0,0,0,0,0,0,0.0
53705_2009,0.0,0.0,0.0,0.0,0.0,0.0,0.0,0.0,0.0,0.0,0.0,0.0,0.0,0.0,0.0,0.0,0,1,0,0,0,0,0,0,0,0,0.0
53705_2010,0.0,0.0,0.0,0.0,0.0,0.0,0.0,0.0,0.0,0.0,0.0,0.0,0.0,0.0,0.0,0.0,0,1,0,0,0,0,0,0,0,0,0.0
53706_2008,0.0,0.0,0.0,0.0,0.0,0.0,0.0,0.0,0.0,0.0,0.0,0.0,0.0,0.0,0.0,0.0,1,0,0,0,0,0,0,0,0,0,0.0
53706_2009,0.0,0.0,0.0,0.0,0.0,0.0,0.0,0.0,0.0,0.0,0.0,0.0,0.0,0.0,0.0,0.0,1,0,0,0,0,0,0,0,0,0,0.0
53706_2010,0.0,0.0,0.0,0.0,0.0,0.0,0.0,0.0,0.0,0.0,0.0,0.0,0.0,0.0,0.0,0.0,1,0,0,0,0,0,0,0,0,0,0.0
53710_2008,0.0,0.0,0.0,0.0,0.0,0.0,0.0,0.0,0.0,0.0,0.0,0.0,0.0,0.0,0.0,0.0,0,0,1,0,0,0,0,0,0,0,0.0
53710_2009,0.0,0.0,0.0,0.0,0.0,0.0,0.0,0.0,0.0,0.0,0.0,0.0,0.0,0.0,0.0,0.0,0,0,1,0,0,0,0,0,0,0,0.0
53710_2010,0.0,0.0,0.0,0.0,0.0,0.0,0.0,0.0,0.0,0.0,0.0,0.0,0.0,0.0,0.0,0.0,0,0,1,0,0,0,0,0,0,0,0.0
53712_2008,0.0,0.0,0.0,0.0,0.0,0.0,0.0,0.0,0.0,0.0,0.0,0.0,0.0,0.0,0.0,0.0,1,0,0,0,0,0,0,0,0,0,0.0
53712_2009,0.0,0.0,0.0,0.0,0.0,0.0,0.0,0.0,0.0,0.0,0.0,0.0,0.0,0.0,0.0,0.0,1,0,0,0,0,0,0,0,0,0,0.0
53712_2010,0.0,0.0,0.0,0.0,0.0,0.0,0.0,0.0,0.0,0.0,0.0,0.0,0.0,0.0,0.0,0.0,1,0,0,0,0,0,0,0,0,0,0.0
53713_2008,0.0,0.0,0.0,0.0,0.0,0.0,0.0,0.0,0.0,0.0,0.0,0.0,0.0,0.0,0.0,0.0,0,0,0,0,1,0,0,0,0,0,0.0
53713_2009,0.0,0.0,0.0,0.0,0.0,0.0,0.0,0.0,0.0,0.0,0.0,0.0,0.0,0.0,0.0,0.0,0,0,0,0,1,0,0,0,0,0,0.0
53713_2010,0.0,0.0,0.0,0.0,0.0,0.0,0.0,0.0,0.0,0.0,0.0,0.0,0.0,0.0,0.0,0.0,0,0,0,0,1,0,0,0,0,0,0.0
53714_2008,0.0,0.0,0.0,0.0,0.0,0.0,0.0,0.0,0.0,0.0,0.0,0.0,0.0,0.0,0.0,0.0,0,0,0,0,0,0,0,0,0,1,0.0
53714_2009,0.0,0.0,0.0,0.0,0.0,0.0,0.0,0.0,0.0,0.0,0.0,0.0,0.0,0.0,0.0,0.0,0,0,0,0,0,0,0,0,0,1,0.0
53714_2010,0.0,0.0,0.0,0.0,0.0,0.0,0.0,0.0,0.0,0.0,0.0,0.0,0.0,0.0,0.0,0.0,0,0,0,0,0,0,0,0,0,1,0.0
53717_2008,0.0,0.0,0.0,0.0,0.0,0.0,0.0,0.0,0.0,0.0,0.0,0.0,0.0,0.0,0.0,0.0,0,0,0,0,0,0,0,0,0,1,0.0
53717_2009,0.0,0.0,0.0,0.0,0.0,0.0,0.0,0.0,0.0,0.0,0.0,0.0,0.0,0.0,0.0,0.0,0,0,0,0,0,0,0,0,0,1,0.0
53717_2010,0.0,0.0,0.0,0.0,0.0,0.0,0.0,0.0,0.0,0.0,0.0,0.0,0.0,0.0,0.0,0.0,0,0,0,0,0,0,0,0,0,1,0.0
53720_2008,0.0,0.0,0.0,0.0,0.0,0.0,0.0,0.0,0.0,0.0,0.0,0.0,0.0,0.0,0.0,0.0,0,0,1,0,0,0,0,0,0,0,0.0
53720_2009,0.0,0.0,0.0,0.0,0.0,0.0,0.0,0.0,0.0,0.0,0.0,0.0,0.0,0.0,0.0,0.0,0,0,1,0,0,0,0,0,0,0,0.0
53720_2010,0.0,0.0,0.0,0.0,0.0,0.0,0.0,0.0,0.0,0.0,0.0,0.0,0.0,0.0,0.0,0.0,0,0,1,0,0,0,0,0,0,0,0.0
53721_2008,0.0,0.0,0.0,0.0,0.0,0.0,0.0,0.0,0.0,0.0,0.0,0.0,0.0,0.0,0.0,0.0,0,1,0,0,0,0,0,0,0,0,0.0
53721_2009,0.0,0.0,0.0,0.0,0.0,0.0,0.0,0.0,0.0,0.0,0.0,0.0,0.0,0.0,0.0,0.0,0,1,0,0,0,0,0,0,0,0,0.0
53721_2010,0.0,0.0,0.0,0.0,0.0,0.0,0.0,0.0,0.0,0.0,0.0,0.0,0.0,0.0,0.0,0.0,0,1,0,0,0,0,0,0,0,0,0.0
53723_2008,0.0,0.0,0.0,0.0,0.0,0.0,0.0,0.0,0.0,0.0,0.0,0.0,0.0,0.0,0.0,0.0,0,0,0,0,0,0,0,0,0,0,0.0
53723_2009,0.0,0.0,0.0,0.0,0.0,0.0,0.0,0.0,0.0,0.0,0.0,0.0,0.0,0.0,0.0,0.0,0,0,0,0,0,0,0,0,0,0,0.0
53723_2010,0.0,0.0,0.0,0.0,0.0,0.0,0.0,0.0,0.0,0.0,0.0,0.0,0.0,0.0,0.0,0.0,0,0,0,0,0,0,0,0,0,0,0.0
53724_2008,0.0,0.0,0.0,0.0,0.0,0.0,0.0,0.0,0.0,0.0,0.0,0.0,0.0,0.0,0.0,0.0,0,0,0,0,0,1,0,0,0,0,0.0
53724_2009,0.0,0.0,0.0,0.0,0.0,0.0,0.0,0.0,0.0,0.0,0.0,0.0,0.0,0.0,0.0,0.0,0,0,0,0,0,1,0,0,0,0,0.0
53724_2010,0.0,0.0,0.0,0.0,0.0,0.0,0.0,0.0,0.0,0.0,0.0,0.0,0.0,0.0,0.0,0.0,0,0,0,0,0,1,0,0,0,0,0.0
53753_2008,0.0,0.0,0.0,0.0,0.0,0.0,0.0,0.0,0.0,0.0,0.0,0.0,0.0,0.0,0.0,0.0,0,0,0,0,0,0,0,0,0,0,0.0
53753_2009,0.0,0.0,0.0,0.0,0.0,0.0,0.0,0.0,0.0,0.0,0.0,0.0,0.0,0.0,0.0,0.0,0,0,0,0,0,0,0,0,0,0,0.0
53753_2010,0.0,0.0,0.0,0.0,0.0,0.0,0.0,0.0,0.0,0.0,0.0,0.0,0.0,0.0,0.0,0.0,0,0,0,0,0,0,0,0,0,0,0.0
53759_2008,0.0,0.0,0.0,0.0,0.0,0.0,0.0,0.0,0.0,0.0,0.0,0.0,0.0,0.0,0.0,0.0,0,0,0,0,0,0,0,0,0,1,0.0
53759_2009,0.0,0.0,0.0,0.0,0.0,0.0,0.0,0.0,0.0,0.0,0.0,0.0,0.0,0.0,0.0,0.0,0,0,0,0,0,0,0,0,0,1,0.0
53759_2010,0.0,0.0,0.0,0.0,0.0,0.0,0.0,0.0,0.0,0.0,0.0,0.0,0.0,0.0,0.0,0.0,0,0,0,0,0,0,0,0,0,1,0.0
53763_2008,0.0,0.0,0.0,0.0,0.0,0.0,0.0,0.0,0.0,0.0,0.0,0.0,0.0,0.0,0.0,0.0,0,1,0,0,0,0,0,0,0,0,0.0
53763_2009,0.0,0.0,0.0,0.0,0.0,0.0,0.0,0.0,0.0,0.0,0.0,0.0,0.0,0.0,0.0,0.0,0,1,0,0,0,0,0,0,0,0,0.0
53763_2010,0.0,0.0,0.0,0.0,0.0,0.0,0.0,0.0,0.0,0.0,0.0,0.0,0.0,0.0,0.0,0.0,0,1,0,0,0,0,0,0,0,0,0.0
53766_2008,0.0,0.0,0.0,0.0,0.0,0.0,0.0,0.0,0.0,0.0,0.0,0.0,0.0,0.0,0.0,0.0,0,0,0,0,1,0,0,0,0,0,0.0
53766_2009,0.0,0.0,0.0,0.0,0.0,0.0,0.0,0.0,0.0,0.0,0.0,0.0,0.0,0.0,0.0,0.0,0,0,0,0,1,0,0,0,0,0,0.0
53766_2010,0.0,0.0,0.0,0.0,0.0,0.0,0.0,0.0,0.0,0.0,0.0,0.0,0.0,0.0,0.0,0.0,0,0,0,0,1,0,0,0,0,0,0.0
53767_2008,0.0,0.0,0.0,0.0,0.0,0.0,0.0,0.0,0.0,0.0,0.0,0.0,0.0,0.0,0.0,0.0,0,0,0,0,0,0,0,0,0,0,0.0
53767_2009,0.0,0.0,0.0,0.0,0.0,0.0,0.0,0.0,0.0,0.0,0.0,0.0,0.0,0.0,0.0,0.0,0,0,0,0,0,0,0,0,0,0,0.0
53767_2010,0.0,0.0,0.0,0.0,0.0,0.0,0.0,0.0,0.0,0.0,0.0,0.0,0.0,0.0,0.0,0.0,0,0,0,0,0,0,0,0,0,0,0.0
53769_2008,0.0,0.0,0.0,0.0,0.0,0.0,0.0,0.0,0.0,0.0,0.0,0.0,0.0,0.0,0.0,0.0,0,0,0,0,0,0,0,0,0,0,0.0
53769_2009,0.0,0.0,0.0,0.0,0.0,0.0,0.0,0.0,0.0,0.0,0.0,0.0,0.0,0.0,0.0,0.0,0,0,0,0,0,0,0,0,0,0,0.0
53769_2010,0.0,0.0,0.0,0.0,0.0,0.0,0.0,0.0,0.0,0.0,0.0,0.0,0.0,0.0,0.0,0.0,0,0,0,0,0,0,0,0,0,0,0.0
53770_2008,0.0,0.0,0.0,0.0,0.0,0.0,0.0,0.0,0.0,0.0,0.0,0.0,0.0,0.0,0.0,0.0,0,0,0,0,1,0,0,0,0,0,0.0
53770_2009,0.0,0.0,0.0,0.0,0.0,0.0,0.0,0.0,0.0,0.0,0.0,0.0,0.0,0.0,0.0,0.0,0,0,0,0,1,0,0,0,0,0,0.0
53770_2010,0.0,0.0,0.0,0.0,0.0,0.0,0.0,0.0,0.0,0.0,0.0,0.0,0.0,0.0,0.0,0.0,0,0,0,0,1,0,0,0,0,0,0.0
53773_2008,0.0,0.0,0.0,0.0,0.0,0.0,0.0,0.0,0.0,0.0,0.0,0.0,0.0,0.0,0.0,0.0,0,0,0,0,0,0,0,1,0,0,0.0
53773_2009,0.0,0.0,0.0,0.0,0.0,0.0,0.0,0.0,0.0,0.0,0.0,0.0,0.0,0.0,0.0,0.0,0,0,0,0,0,0,0,1,0,0,0.0
53773_2010,0.0,0.0,0.0,0.0,0.0,0.0,0.0,0.0,0.0,0.0,0.0,0.0,0.0,0.0,0.0,0.0,0,0,0,0,0,0,0,1,0,0,0.0
53774_2008,0.0,0.0,0.0,0.0,0.0,0.0,0.0,0.0,0.0,0.0,0.0,0.0,0.0,0.0,0.0,0.0,0,0,0,0,0,0,1,0,0,0,0.0
53774_2009,0.0,0.0,0.0,0.0,0.0,0.0,0.0,0.0,0.0,0.0,0.0,0.0,0.0,0.0,0.0,0.0,0,0,0,0,0,0,1,0,0,0,0.0
53774_2010,0.0,0.0,0.0,0.0,0.0,0.0,0.0,0.0,0.0,0.0,0.0,0.0,0.0,0.0,0.0,0.0,0,0,0,0,0,0,1,0,0,0,0.0
53776_2008,0.0,0.0,0.0,0.0,0.0,0.0,0.0,0.0,0.0,0.0,0.0,0.0,0.0,0.0,0.0,0.0,0,1,0,0,0,0,0,0,0,0,0.0
53776_2009,0.0,0.0,0.0,0.0,0.0,0.0,0.0,0.0,0.0,0.0,0.0,0.0,0.0,0.0,0.0,0.0,0,1,0,0,0,0,0,0,0,0,0.0
53776_2010,0.0,0.0,0.0,0.0,0.0,0.0,0.0,0.0,0.0,0.0,0.0,0.0,0.0,0.0,0.0,0.0,0,1,0,0,0,0,0,0,0,0,0.0
53779_2008,0.0,0.0,0.0,0.0,0.0,0.0,0.0,0.0,0.0,0.0,0.0,0.0,0.0,0.0,0.0,0.0,0,0,0,0,0,0,0,1,0,0,0.0
53779_2009,0.0,0.0,0.0,0.0,0.0,0.0,0.0,0.0,0.0,0.0,0.0,0.0,0.0,0.0,0.0,0.0,0,0,0,0,0,0,0,1,0,0,0.0
53779_2010,0.0,0.0,0.0,0.0,0.0,0.0,0.0,0.0,0.0,0.0,0.0,0.0,0.0,0.0,0.0,0.0,0,0,0,0,0,0,0,1,0,0,0.0
53780_2008,0.0,0.0,0.0,0.0,0.0,0.0,0.0,0.0,0.0,0.0,0.0,0.0,0.0,0.0,0.0,0.0,0,0,0,0,0,0,0,1,0,0,0.0
53780_2009,0.0,0.0,0.0,0.0,0.0,0.0,0.0,0.0,0.0,0.0,0.0,0.0,0.0,0.0,0.0,0.0,0,0,0,0,0,0,0,1,0,0,0.0
53780_2010,0.0,0.0,0.0,0.0,0.0,0.0,0.0,0.0,0.0,0.0,0.0,0.0,0.0,0.0,0.0,0.0,0,0,0,0,0,0,0,1,0,0,0.0
53803_2008,0.0,0.0,0.0,0.0,0.0,0.0,0.0,0.0,0.0,0.0,0.0,0.0,0.0,0.0,0.0,0.0,0,0,0,0,0,1,0,0,0,0,0.0
53803_2009,0.0,0.0,0.0,0.0,0.0,0.0,0.0,0.0,0.0,0.0,0.0,0.0,0.0,0.0,0.0,0.0,0,0,0,0,0,1,0,0,0,0,0.0
53803_2010,0.0,0.0,0.0,0.0,0.0,0.0,0.0,0.0,0.0,0.0,0.0,0.0,0.0,0.0,0.0,0.0,0,0,0,0,0,1,0,0,0,0,0.0
53806_2008,0.0,0.0,0.0,0.0,0.0,0.0,0.0,0.0,0.0,0.0,0.0,0.0,0.0,0.0,0.0,0.0,1,0,0,0,0,0,0,0,0,0,0.0
53806_2009,0.0,0.0,0.0,0.0,0.0,0.0,0.0,0.0,0.0,0.0,0.0,0.0,0.0,0.0,0.0,0.0,1,0,0,0,0,0,0,0,0,0,0.0
53806_2010,0.0,0.0,0.0,0.0,0.0,0.0,0.0,0.0,0.0,0.0,0.0,0.0,0.0,0.0,0.0,0.0,1,0,0,0,0,0,0,0,0,0,0.0
53810_2008,0.0,0.0,0.0,0.0,0.0,0.0,0.0,0.0,0.0,0.0,0.0,0.0,0.0,0.0,0.0,0.0,0,0,0,0,0,0,0,0,0,0,0.0
53810_2009,0.0,0.0,0.0,0.0,0.0,0.0,0.0,0.0,0.0,0.0,0.0,0.0,0.0,0.0,0.0,0.0,0,0,0,0,0,0,0,0,0,0,0.0
53810_2010,0.0,0.0,0.0,0.0,0.0,0.0,0.0,0.0,0.0,0.0,0.0,0.0,0.0,0.0,0.0,0.0,0,0,0,0,0,0,0,0,0,0,0.0
53816_2008,0.0,0.0,0.0,0.0,0.0,0.0,0.0,0.0,0.0,0.0,0.0,0.0,0.0,0.0,0.0,0.0,0,0,0,0,0,0,0,1,0,0,0.0
53816_2009,0.0,0.0,0.0,0.0,0.0,0.0,0.0,0.0,0.0,0.0,0.0,0.0,0.0,0.0,0.0,0.0,0,0,0,0,0,0,0,1,0,0,0.0
53816_2010,0.0,0.0,0.0,0.0,0.0,0.0,0.0,0.0,0.0,0.0,0.0,0.0,0.0,0.0,0.0,0.0,0,0,0,0,0,0,0,1,0,0,0.0
53819_2008,0.0,0.0,0.0,0.0,0.0,0.0,0.0,0.0,0.0,0.0,0.0,0.0,0.0,0.0,0.0,0.0,0,0,0,1,0,0,0,0,0,0,0.0
53819_2009,0.0,0.0,0.0,0.0,0.0,0.0,0.0,0.0,0.0,0.0,0.0,0.0,0.0,0.0,0.0,0.0,0,0,0,1,0,0,0,0,0,0,0.0
53819_2010,0.0,0.0,0.0,0.0,0.0,0.0,0.0,0.0,0.0,0.0,0.0,0.0,0.0,0.0,0.0,0.0,0,0,0,1,0,0,0,0,0,0,0.0
53821_2008,0.0,0.0,0.0,0.0,0.0,0.0,0.0,0.0,0.0,0.0,0.0,0.0,0.0,0.0,0.0,0.0,0,0,0,0,0,1,0,0,0,0,0.0
53821_2009,0.0,0.0,0.0,0.0,0.0,0.0,0.0,0.0,0.0,0.0,0.0,0.0,0.0,0.0,0.0,0.0,0,0,0,0,0,1,0,0,0,0,0.0
53821_2010,0.0,0.0,0.0,0.0,0.0,0.0,0.0,0.0,0.0,0.0,0.0,0.0,0.0,0.0,0.0,0.0,0,0,0,0,0,1,0,0,0,0,0.0
53823_2008,0.0,0.0,0.0,0.0,0.0,0.0,0.0,0.0,0.0,0.0,0.0,0.0,0.0,0.0,0.0,0.0,0,0,0,0,0,0,0,0,0,0,0.0
53823_2009,0.0,0.0,0.0,0.0,0.0,0.0,0.0,0.0,0.0,0.0,0.0,0.0,0.0,0.0,0.0,0.0,0,0,0,0,0,0,0,0,0,0,0.0
53823_2010,0.0,0.0,0.0,0.0,0.0,0.0,0.0,0.0,0.0,0.0,0.0,0.0,0.0,0.0,0.0,0.0,0,0,0,0,0,0,0,0,0,0,0.0
53824_2008,0.0,0.0,0.0,0.0,0.0,0.0,0.0,0.0,0.0,0.0,0.0,0.0,0.0,0.0,0.0,0.0,0,0,0,0,0,0,0,0,0,0,0.0
53824_2009,0.0,0.0,0.0,0.0,0.0,0.0,0.0,0.0,0.0,0.0,0.0,0.0,0.0,0.0,0.0,0.0,0,0,0,0,0,0,0,0,0,0,0.0
53824_2010,0.0,0.0,0.0,0.0,0.0,0.0,0.0,0.0,0.0,0.0,0.0,0.0,0.0,0.0,0.0,0.0,0,0,0,0,0,0,0,0,0,0,0.0
53835_2008,0.0,0.0,0.0,0.0,0.0,0.0,0.0,0.0,0.0,0.0,0.0,0.0,0.0,0.0,0.0,0.0,0,0,0,0,0,0,0,0,0,0,0.0
53835_2009,0.0,0.0,0.0,0.0,0.0,0.0,0.0,0.0,0.0,0.0,0.0,0.0,0.0,0.0,0.0,0.0,0,0,0,0,0,0,0,0,0,0,0.0
53835_2010,0.0,0.0,0.0,0.0,0.0,0.0,0.0,0.0,0.0,0.0,0.0,0.0,0.0,0.0,0.0,0.0,0,0,0,0,0,0,0,0,0,0,0.0
53836_2008,0.0,0.0,0.0,0.0,0.0,0.0,0.0,0.0,0.0,0.0,0.0,0.0,0.0,0.0,0.0,0.0,1,0,0,0,0,0,0,0,0,0,0.0
53836_2009,0.0,0.0,0.0,0.0,0.0,0.0,0.0,0.0,0.0,0.0,0.0,0.0,0.0,0.0,0.0,0.0,1,0,0,0,0,0,0,0,0,0,0.0
53836_2010,0.0,0.0,0.0,0.0,0.0,0.0,0.0,0.0,0.0,0.0,0.0,0.0,0.0,0.0,0.0,0.0,1,0,0,0,0,0,0,0,0,0,0.0
53842_2008,0.0,0.0,0.0,0.0,0.0,0.0,0.0,0.0,0.0,0.0,0.0,0.0,0.0,0.0,0.0,0.0,0,0,0,1,0,0,0,0,0,0,0.0
53842_2009,0.0,0.0,0.0,0.0,0.0,0.0,0.0,0.0,0.0,0.0,0.0,0.0,0.0,0.0,0.0,0.0,0,0,0,1,0,0,0,0,0,0,0.0
53842_2010,0.0,0.0,0.0,0.0,0.0,0.0,0.0,0.0,0.0,0.0,0.0,0.0,0.0,0.0,0.0,0.0,0,0,0,1,0,0,0,0,0,0,0.0
53843_2008,0.0,0.0,0.0,0.0,0.0,0.0,0.0,0.0,0.0,0.0,0.0,0.0,0.0,0.0,0.0,0.0,0,0,1,0,0,0,0,0,0,0,0.0
53843_2009,0.0,0.0,0.0,0.0,0.0,0.0,0.0,0.0,0.0,0.0,0.0,0.0,0.0,0.0,0.0,0.0,0,0,1,0,0,0,0,0,0,0,0.0
53843_2010,0.0,0.0,0.0,0.0,0.0,0.0,0.0,0.0,0.0,0.0,0.0,0.0,0.0,0.0,0.0,0.0,0,0,1,0,0,0,0,0,0,0,0.0
53844_2008,0.0,0.0,0.0,0.0,0.0,0.0,0.0,0.0,0.0,0.0,0.0,0.0,0.0,0.0,0.0,0.0,0,0,1,0,0,0,0,0,0,0,0.0
53844_2009,0.0,0.0,0.0,0.0,0.0,0.0,0.0,0.0,0.0,0.0,0.0,0.0,0.0,0.0,0.0,0.0,0,0,1,0,0,0,0,0,0,0,0.0
53844_2010,0.0,0.0,0.0,0.0,0.0,0.0,0.0,0.0,0.0,0.0,0.0,0.0,0.0,0.0,0.0,0.0,0,0,1,0,0,0,0,0,0,0,0.0
53846_2008,0.0,0.0,0.0,0.0,0.0,0.0,0.0,0.0,0.0,0.0,0.0,0.0,0.0,0.0,0.0,0.0,0,0,0,0,1,0,0,0,0,0,0.0
53846_2009,0.0,0.0,0.0,0.0,0.0,0.0,0.0,0.0,0.0,0.0,0.0,0.0,0.0,0.0,0.0,0.0,0,0,0,0,1,0,0,0,0,0,0.0
53846_2010,0.0,0.0,0.0,0.0,0.0,0.0,0.0,0.0,0.0,0.0,0.0,0.0,0.0,0.0,0.0,0.0,0,0,0,0,1,0,0,0,0,0,0.0
53864_2008,0.0,0.0,0.0,0.0,0.0,0.0,0.0,0.0,0.0,0.0,0.0,0.0,0.0,0.0,0.0,0.0,1,0,0,0,0,0,0,0,0,0,0.0
53864_2009,0.0,0.0,0.0,0.0,0.0,0.0,0.0,0.0,0.0,0.0,0.0,0.0,0.0,0.0,0.0,0.0,1,0,0,0,0,0,0,0,0,0,0.0
53864_2010,0.0,0.0,0.0,0.0,0.0,0.0,0.0,0.0,0.0,0.0,0.0,0.0,0.0,0.0,0.0,0.0,1,0,0,0,0,0,0,0,0,0,0.0
53870_2008,0.0,0.0,0.0,0.0,0.0,0.0,0.0,0.0,0.0,0.0,0.0,0.0,0.0,0.0,0.0,0.0,0,0,0,0,0,0,0,0,0,0,0.0
53870_2009,0.0,0.0,0.0,0.0,0.0,0.0,0.0,0.0,0.0,0.0,0.0,0.0,0.0,0.0,0.0,0.0,0,0,0,0,0,0,0,0,0,0,0.0
53870_2010,0.0,0.0,0.0,0.0,0.0,0.0,0.0,0.0,0.0,0.0,0.0,0.0,0.0,0.0,0.0,0.0,0,0,0,0,0,0,0,0,0,0,0.0
53876_2008,0.0,0.0,0.0,0.0,0.0,0.0,0.0,0.0,0.0,0.0,0.0,0.0,0.0,0.0,0.0,0.0,0,1,0,0,0,0,0,0,0,0,0.0
53876_2009,0.0,0.0,0.0,0.0,0.0,0.0,0.0,0.0,0.0,0.0,0.0,0.0,0.0,0.0,0.0,0.0,0,1,0,0,0,0,0,0,0,0,0.0
53876_2010,0.0,0.0,0.0,0.0,0.0,0.0,0.0,0.0,0.0,0.0,0.0,0.0,0.0,0.0,0.0,0.0,0,1,0,0,0,0,0,0,0,0,0.0
53877_2008,0.0,0.0,0.0,0.0,0.0,0.0,0.0,0.0,0.0,0.0,0.0,0.0,0.0,0.0,0.0,0.0,1,0,0,0,0,0,0,0,0,0,0.0
53877_2009,0.0,0.0,0.0,0.0,0.0,0.0,0.0,0.0,0.0,0.0,0.0,0.0,0.0,0.0,0.0,0.0,1,0,0,0,0,0,0,0,0,0,0.0
53877_2010,0.0,0.0,0.0,0.0,0.0,0.0,0.0,0.0,0.0,0.0,0.0,0.0,0.0,0.0,0.0,0.0,1,0,0,0,0,0,0,0,0,0,0.0
53879_2008,0.0,0.0,0.0,0.0,0.0,0.0,0.0,0.0,0.0,0.0,0.0,0.0,0.0,0.0,0.0,0.0,1,0,0,0,0,0,0,0,0,0,0.0
53879_2009,0.0,0.0,0.0,0.0,0.0,0.0,0.0,0.0,0.0,0.0,0.0,0.0,0.0,0.0,0.0,0.0,1,0,0,0,0,0,0,0,0,0,0.0
53879_2010,0.0,0.0,0.0,0.0,0.0,0.0,0.0,0.0,0.0,0.0,0.0,0.0,0.0,0.0,0.0,0.0,1,0,0,0,0,0,0,0,0,0,0.0
53881_2008,0.0,0.0,0.0,0.0,0.0,0.0,0.0,0.0,0.0,0.0,0.0,0.0,0.0,0.0,0.0,0.0,0,0,0,0,0,0,0,0,0,1,0.0
53881_2009,0.0,0.0,0.0,0.0,0.0,0.0,0.0,0.0,0.0,0.0,0.0,0.0,0.0,0.0,0.0,0.0,0,0,0,0,0,0,0,0,0,1,0.0
53881_2010,0.0,0.0,0.0,0.0,0.0,0.0,0.0,0.0,0.0,0.0,0.0,0.0,0.0,0.0,0.0,0.0,0,0,0,0,0,0,0,0,0,1,0.0
53882_2008,0.0,0.0,0.0,0.0,0.0,0.0,0.0,0.0,0.0,0.0,0.0,0.0,0.0,0.0,0.0,0.0,0,0,0,0,0,1,0,0,0,0,0.0
53882_2009,0.0,0.0,0.0,0.0,0.0,0.0,0.0,0.0,0.0,0.0,0.0,0.0,0.0,0.0,0.0,0.0,0,0,0,0,0,1,0,0,0,0,0.0
53882_2010,0.0,0.0,0.0,0.0,0.0,0.0,0.0,0.0,0.0,0.0,0.0,0.0,0.0,0.0,0.0,0.0,0,0,0,0,0,1,0,0,0,0,0.0
53883_2008,0.0,0.0,0.0,0.0,0.0,0.0,0.0,0.0,0.0,0.0,0.0,0.0,0.0,0.0,0.0,0.0,0,0,0,0,0,1,0,0,0,0,0.0
53883_2009,0.0,0.0,0.0,0.0,0.0,0.0,0.0,0.0,0.0,0.0,0.0,0.0,0.0,0.0,0.0,0.0,0,0,0,0,0,1,0,0,0,0,0.0
53883_2010,0.0,0.0,0.0,0.0,0.0,0.0,0.0,0.0,0.0,0.0,0.0,0.0,0.0,0.0,0.0,0.0,0,0,0,0,0,1,0,0,0,0,0.0
5440_2008,0.011380226324483352,0.009372145365130204,0.8221188067976204,0.8805328117233279,0.023505856338430352,0.02469708018806912,1.7525667154312403,1.2075588786805855,0.02906118257541895,0.060193980300979374,-8.38666287622862,-8.796367010968522,-0.1772124451367255,-0.37248389166596,2.7080502011022096,2.4176979000945504,0,0,0,0,0,1,0,0,0,0,0.0
5440_2009,0.009372145365130204,-0.0003508567597889145,0.8805328117233279,0.894816472713004,0.02469708018806912,0.02204169988494809,1.2075588786805855,1.115162508266502,0.060193980300979374,0.09636709394338916,-8.796367010968522,-8.447059118322699,-0.37248389166596,0.14955934228815193,2.4176979000945504,2.263844264677615,0,0,0,0,0,1,0,0,0,0,0.0
5440_2010,-0.0003508567597889145,0.004552798273277166,0.894816472713004,0.9052848654974956,0.02204169988494809,0.0185439506423554,1.115162508266502,0.9837093989882231,0.09636709394338916,0.14687762596445908,-8.447059118322699,-8.77245230721204,0.14955934228815193,-0.07983999497820883,2.263844264677615,2.1656192379208883,0,0,0,0,0,1,0,0,0,0,0.0
544_2008,0.036926980008690886,0.0,0.6488167382362101,0.0,0.12786072010445795,0.0,1.8142199199270612,0.0,0.1433956146168623,0.0,-7.5626326689174315,0.0,-0.463732336709112,0.0,2.7080502011022096,0.0,0,0,0,0,0,1,0,0,0,0,0.0
544_2009,0.0,0.015554174270420041,0.0,0.7230711224453947,0.0,0.0693954701408662,0.0,1.5438354433799797,0.0,0.06842499935027425,0.0,-7.359348470363781,0.0,0.4470129787328085,0.0,2.7080502011022096,0,0,0,0,0,1,0,0,0,0,0.0
544_2010,0.015554174270420041,0.0,0.7230711224453947,0.0,0.0693954701408662,0.0,1.5438354433799797,0.0,0.06842499935027425,0.0,-7.359348470363781,0.0,0.4470129787328085,0.0,2.7080502011022096,0.0,0,0,0,0,0,1,0,0,0,0,0.0
5589_2008,-0.3434476850033913,-0.03614314151782848,0.6561239424552886,0.7309354101879627,0.020776068254024917,0.025180945042243448,1.201766533178637,0.6320913904458969,0.16300971043554266,0.1260093006066143,-14.290013850958015,-15.091672567917266,-0.9764264615914112,-0.8218194348918333,0.20701416938432607,-0.5978370007556204,0,1,0,0,0,0,0,0,0,0,0.0
5589_2009,-0.03614314151782848,0.0,0.7309354101879627,0.0,0.025180945042243448,0.0,0.6320913904458969,0.0,0.1260093006066143,0.0,-15.091672567917266,0.0,-0.8218194348918333,0.0,-0.5978370007556204,0.0,0,1,0,0,0,0,0,0,0,0,0.0
5589_2010,0.0,0.0,0.0,0.0,0.0,0.0,0.0,0.0,0.0,0.0,0.0,0.0,0.0,0.0,0.0,0.0,0,1,0,0,0,0,0,0,0,0,0.0
56248_2008,0.04447691903561393,0.04842396873838669,0.24086622849387765,0.2859185994694277,0.02269708505415489,0.018963373139658908,1.9181632291368635,1.6502475828673435,0.07977762430901666,0.06761955226895633,-11.228965774990012,-11.194851031379391,-0.21396938663085732,-0.2349985835961705,2.7080502011022096,2.7080502011022096,0,0,1,0,0,0,0,0,0,0,0.0
56248_2009,0.04842396873838669,0.07568129405268458,0.2859185994694277,0.4645467242667359,0.018963373139658908,0.021112807353753208,1.6502475828673435,0.8751532911815764,0.06761955226895633,0.1141633124535716,-11.194851031379391,-10.677784861970752,-0.2349985835961705,-0.2435972558442205,2.7080502011022096,2.7080502011022096,0,0,1,0,0,0,0,0,0,0,0.0
56248_2010,0.07568129405268458,0.04474148793192096,0.4645467242667359,0.3699296208896257,0.021112807353753208,0.013447441624230987,0.8751532911815764,1.1277431844590575,0.1141633124535716,0.11518750200530567,-10.677784861970752,-10.591415191519848,-0.2435972558442205,0.3264684891223925,2.7080502011022096,2.7080502011022096,0,0,1,0,0,0,0,0,0,0,0.0
5651_2008,0.04596095376760175,0.0648985232567815,0.1911368812056641,0.14949176265165706,0.036923768422413336,0.06688107245424546,2.0660127606030514,2.2283531078737195,0.12374225564385095,0.13062397790884656,-8.424170712618146,-8.857667129416944,0.5926972118819474,-0.6547801860333987,2.7080502011022096,2.7080502011022096,0,0,0,1,0,0,0,0,0,0,0.0
5651_2009,0.0648985232567815,0.055558649180891664,0.14949176265165706,0.3403374018638055,0.06688107245424546,0.03271463446619878,2.2283531078737195,1.6833683317138275,0.13062397790884656,0.17793202561752872,-8.857667129416944,-9.005144068664489,-0.6547801860333987,-0.01691539025490707,2.7080502011022096,2.7080502011022096,0,0,0,1,0,0,0,0,0,0,0.0
5651_2010,0.055558649180891664,0.04441103833220337,0.3403374018638055,0.25367339831861024,0.03271463446619878,0.032303896096534584,1.6833683317138275,1.9437221678664505,0.17793202561752872,0.2111555977507812,-9.005144068664489,-8.212045573757127,-0.01691539025490707,0.539410681564565,2.7080502011022096,2.7080502011022096,0,0,0,1,0,0,0,0,0,0,0.0
5653_2008,0.05506321418169376,0.038936064177412834,0.4262750997486137,0.31860921328553066,0.06182151855423185,0.0003009524177661324,1.9083071271061975,3.272308390984821,0.0982017746072484,0.250997491765505,-11.963020647376206,-10.861710734897711,-0.4189154944709521,0.1914904364097602,2.7080502011022096,2.7080502011022096,0,1,0,0,0,0,0,0,0,0,0.0
5653_2009,0.038936064177412834,0.04761466531691761,0.31860921328553066,0.499761426519368,0.0003009524177661324,0.0015954914113546974,3.272308390984821,2.2599093839081874,0.250997491765505,0.2322220621234781,-10.861710734897711,-10.57777441999764,0.1914904364097602,0.7692981940099914,2.7080502011022096,2.7080502011022096,0,1,0,0,0,0,0,0,0,0,0.0
5653_2010,0.04761466531691761,0.062279711186394277,0.499761426519368,0.3958069557084032,0.0015954914113546974,0.02080138205792656,2.2599093839081874,2.0357502478919582,0.2322220621234781,0.15223595064953518,-10.57777441999764,-10.659514311013707,0.7692981940099914,0.15275714145735214,2.7080502011022096,2.7080502011022096,0,1,0,0,0,0,0,0,0,0,0.0
5660_2008,0.07267255730567293,0.07642801494913458,0.19033669941276546,0.19946481195027496,0.0280011159285074,0.13144850790926646,0.8621626715405892,0.7883731609982064,0.08826479239244348,0.14991813857821978,-12.09934765436885,-12.108874479417993,-0.05890844288949555,-0.15643439289622402,1.790091412127358,1.7715567619105357,0,1,0,0,0,0,0,0,0,0,0.0
5660_2009,0.07642801494913458,-1.056701646707779,0.19946481195027496,0.6235880336933985,0.13144850790926646,0.021635770432529573,0.7883731609982064,0.27675279273589065,0.14991813857821978,0.18955494600594655,-12.108874479417993,-13.22448875182848,-0.15643439289622402,-1.1692138179562437,1.7715567619105357,0.10436001532424287,0,1,0,0,0,0,0,0,0,0,0.0
5660_2010,-1.056701646707779,0.14592046681057744,0.6235880336933985,0.3142286157582299,0.021635770432529573,0.2306648003237993,0.27675279273589065,0.5401474252388263,0.18955494600594655,0.12622272288489486,-13.22448875182848,-12.628637928551798,-1.1692138179562437,0.4329265372425558,0.10436001532424287,0.9202429117125832,0,1,0,0,0,0,0,0,0,0,0.0
5679_2008,0.014652801248782125,0.011987108573522004,0.7993191037747054,0.7961358854089348,0.0046816632800157675,0.005449274906312788,1.470904524456516,1.6217013300853171,0.02710822950956233,0.07136940800464595,-8.730240843126435,-8.849142610336004,-0.13062506255526135,-0.11094255415909793,2.7080502011022096,2.7080502011022096,0,0,0,0,0,1,0,0,0,0,0.0
5679_2009,0.011987108573522004,0.005157449105417318,0.7961358854089348,0.8657874484094777,0.005449274906312788,0.006834455754788397,1.6217013300853171,1.1912842636611107,0.07136940800464595,0.0940832992841358,-8.849142610336004,-8.694476087861847,-0.11094255415909793,-0.06981726854886244,2.7080502011022096,2.7053799725463312,0,0,0,0,0,1,0,0,0,0,0.0
5679_2010,0.005157449105417318,0.003784283194411704,0.8657874484094777,0.8513293850163518,0.006834455754788397,0.039152232265558015,1.1912842636611107,1.0751708186761992,0.0940832992841358,0.09544793547869164,-8.694476087861847,-8.426230452642141,-0.06981726854886244,0.15750755244477446,2.7053799725463312,2.7080502011022096,0,0,0,0,0,1,0,0,0,0,0.0
5703_2008,0.029039939529254467,0.044826227067354986,0.05193755434283942,0.08299417453662714,0.05245575018241717,0.06883764087747468,5.6917299623216415,4.4480486505982375,0.24511909554990616,0.07758101619863905,-9.446339116312554,-9.64255624314751,-0.9698448881478636,-0.34742516296595705,2.7080502011022096,2.7080502011022096,0,0,0,0,1,0,0,0,0,0,0.0
5703_2009,0.044826227067354986,0.033571346627447804,0.08299417453662714,0.06299058758992104,0.06883764087747468,0.052034531775837535,4.4480486505982375,4.7899844671093215,0.07758101619863905,0.16871636307287946,-9.64255624314751,-8.755377364817152,-0.34742516296595705,0.7816073814321463,2.7080502011022096,2.7080502011022096,0,0,0,0,1,0,0,0,0,0,0.0
5703_2010,0.033571346627447804,0.025513432852192847,0.06299058758992104,0.06428115181766135,0.052034531775837535,0.0496293461802469,4.7899844671093215,5.114912773599027,0.16871636307287946,0.10162988295884484,-8.755377364817152,-8.615368192831442,0.7816073814321463,0.2248020687953851,2.7080502011022096,2.7080502011022096,0,0,0,0,1,0,0,0,0,0,0.0
5705_2008,0.05912623755746674,0.06413605768918718,0.05843131605826048,0.058391803565981025,0.15236877746659128,0.18151193961068884,2.8580704232686696,2.4949952446224684,0.030974049944279214,0.028633252194878923,-11.491304515026547,-11.616164507308776,-0.07486563529342087,-0.15062582707482106,2.7080502011022096,2.7080502011022096,0,0,0,0,1,0,0,0,0,0,0.0
5705_2009,0.06413605768918718,0.08670078542127195,0.058391803565981025,0.0483262115547298,0.18151193961068884,0.1928235094504458,2.4949952446224684,2.0157958498808015,0.028633252194878923,0.052785877706001336,-11.616164507308776,-11.505726651004984,-0.15062582707482106,0.12763761454264172,2.7080502011022096,2.7080502011022096,0,0,0,0,1,0,0,0,0,0,0.0
5705_2010,0.08670078542127195,0.05707380469230945,0.0483262115547298,0.034410269271985226,0.1928235094504458,0.17560819900134522,2.0157958498808015,2.364835209016681,0.052785877706001336,0.05373674995322016,-11.505726651004984,-11.448571069391846,0.12763761454264172,-0.09647996819087228,2.7080502011022096,2.7080502011022096,0,0,0,0,1,0,0,0,0,0,0.0
5708_2008,0.03076607031076904,-0.0156970492677512,0.3049879646101459,0.3566673332695713,0.022979097786735903,0.025684499743502797,1.4296533042119253,1.2671479794055844,0.15349076485825686,0.07231915624501925,-11.508053894344648,-11.661955514029145,-0.9842805098189532,-0.22574187578314386,2.1994443340745318,2.0425181875752383,0,0,0,0,0,0,1,0,0,0,0.0
5708_2009,-0.0156970492677512,0.01493820555563791,0.3566673332695713,0.4563732974690622,0.025684499743502797,0.04195769327693155,1.2671479794055844,0.9414354883013102,0.07231915624501925,0.2652680551055545,-11.661955514029145,-11.485971962339333,-0.22574187578314386,0.07348962355139105,2.0425181875752383,1.7137979277583428,0,0,0,0,0,0,1,0,0,0,0.0
5708_2010,0.01493820555563791,-0.03747253326897634,0.4563732974690622,0.3820088486047515,0.04195769327693155,0.028230849880811912,0.9414354883013102,1.0247115618594185,0.2652680551055545,0.11659428426476713,-11.485971962339333,-11.662673589629984,0.07348962355139105,-0.0530142716720339,1.7137979277583428,1.754403682684286,0,0,0,0,0,0,1,0,0,0,0.0
5737_2008,0.03019353944443013,0.0,0.03673263244719612,0.0,0.02075017046632061,0.0,3.6750199393768863,0.0,0.07238499341292114,0.0,-7.137146360740397,0.0,-0.017468823763498106,0.0,2.7080502011022096,0.0,0,0,0,0,1,0,0,0,0,0,0.0
5737_2009,0.0,0.0,0.0,0.0,0.0,0.0,0.0,0.0,0.0,0.0,0.0,0.0,0.0,0.0,0.0,0.0,0,0,0,0,1,0,0,0,0,0,0.0
5737_2010,0.0,0.0,0.0,0.0,0.0,0.0,0.0,0.0,0.0,0.0,0.0,0.0,0.0,0.0,0.0,0.0,0,0,0,0,1,0,0,0,0,0,0.0
5761_2008,0.0,0.0,0.0,0.0,0.0,0.0,0.0,0.0,0.0,0.0,0.0,0.0,0.0,0.0,0.0,0.0,0,0,0,0,0,0,0,0,0,1,0.0
5761_2009,0.0,0.0,0.0,0.0,0.0,0.0,0.0,0.0,0.0,0.0,0.0,0.0,0.0,0.0,0.0,0.0,0,0,0,0,0,0,0,0,0,1,0.0
5761_2010,0.0,0.0,0.0,0.0,0.0,0.0,0.0,0.0,0.0,0.0,0.0,0.0,0.0,0.0,0.0,0.0,0,0,0,0,0,0,0,0,0,1,0.0
5780_2008,0.018702808826763437,-0.0037045128062545094,0.2750589796128823,0.3762377614044843,0.002322249898712179,0.001067794702732045,1.7145194317075634,1.2822506451915143,0.09587578084197272,0.09138100790352836,-8.757627439109653,-8.927350336105404,-0.32466282388466583,-0.24431350291979675,2.7080502011022096,2.7080502011022096,0,0,0,0,1,0,0,0,0,0,0.0
5780_2009,-0.0037045128062545094,0.034204234636368964,0.3762377614044843,0.6114824487026593,0.001067794702732045,0.0010155328995830725,1.2822506451915143,0.5510137911718901,0.09138100790352836,0.2435072184241016,-8.927350336105404,-9.269454232078171,-0.24431350291979675,-0.4557715107934618,2.7080502011022096,2.7080502011022096,0,0,0,0,1,0,0,0,0,0,0.0
5780_2010,0.034204234636368964,0.044122266262965865,0.6114824487026593,0.4438928697964859,0.0010155328995830725,0.0017254321413253547,0.5510137911718901,0.8375770298799979,0.2435072184241016,0.0983258615708927,-9.269454232078171,-8.657928139645511,-0.4557715107934618,0.4011842799777011,2.7080502011022096,2.7080502011022096,0,0,0,0,1,0,0,0,0,0,0.0
579_2008,-0.00965341068204534,-0.062157741821816326,0.678798696789558,0.7536106783443514,0.6802967968435168,0.7263519128783262,0.8258342548034006,0.6043160423124777,0.10801332476663776,0.11643857414032238,-12.102325658010708,-12.56936471983645,0.05837506017627184,-0.5437942298643187,0.688134638736401,0.2151113796169455,0,0,0,0,0,1,0,0,0,0,0.0
579_2009,-0.062157741821816326,-0.08626503640066288,0.7536106783443514,0.9353527525167163,0.7263519128783262,0.7896594085201462,0.6043160423124777,0.15944121355077476,0.11643857414032238,0.31603968498822044,-12.56936471983645,-13.788511186929819,-0.5437942298643187,-1.394027097492749,0.2151113796169455,-1.5141277326297755,0,0,0,0,0,1,0,0,0,0,0.0
579_2010,-0.08626503640066288,-0.003666980083767843,0.9353527525167163,0.7013847337379263,0.7896594085201462,0.609171724078981,0.15944121355077476,0.6895387876670556,0.31603968498822044,0.13726294752603438,-13.788511186929819,-12.55733535171832,-1.394027097492749,1.0693956389409935,-1.5141277326297755,-0.020202707317519462,0,0,0,0,0,1,0,0,0,0,0.0
5828_2008,0.03397509862568651,0.03539910280369781,0.12096150375164375,0.1522654504648266,0.2931737165768507,0.4125705015423779,2.2662532191096862,1.6734472006671892,0.08950928302273066,0.11518677291178013,-11.357676959962205,-11.109354462560905,-0.10503104962514707,0.1714897285744328,1.935859813201812,2.1400661634962708,0,0,0,0,0,0,1,0,0,0,0.0
5828_2009,0.03539910280369781,0.018119392135246604,0.1522654504648266,0.15675436989152994,0.4125705015423779,0.3244188247026912,1.6734472006671892,1.6341574587806298,0.11518677291178013,0.129826825593783,-11.109354462560905,-11.214338716263905,0.1714897285744328,-0.2611708165223691,2.1400661634962708,1.5475625087160132,0,0,0,0,0,0,1,0,0,0,0.0
5828_2010,0.018119392135246604,0.030496982114033257,0.15675436989152994,0.133103501004358,0.3244188247026912,0.2033310360793627,1.6341574587806298,1.99517534949122,0.129826825593783,0.12350525052764545,-11.214338716263905,-11.206974144807381,-0.2611708165223691,0.07195512012407053,1.5475625087160132,1.791759469228055,0,0,0,0,0,0,1,0,0,0,0.0
5837_2008,0.002818796828398923,0.0,0.7563468393103949,0.0,0.02885478043694381,0.0,1.518995952518622,0.0,0.15796469720079126,0.0,-14.238582686764795,0.0,-0.1521071307226737,0.0,0.8241754429663494,0.0,1,0,0,0,0,0,0,0,0,0,0.0
5837_2009,0.0,0.0,0.0,0.0,0.0,0.0,0.0,0.0,0.0,0.0,0.0,0.0,0.0,0.0,0.0,0.0,1,0,0,0,0,0,0,0,0,0,0.0
5837_2010,0.0,0.0,0.0,0.0,0.0,0.0,0.0,0.0,0.0,0.0,0.0,0.0,0.0,0.0,0.0,0.0,1,0,0,0,0,0,0,0,0,0,0.0
5856_2008,0.010554469715030492,0.009003496850343956,0.8373770899518942,0.8722048406695074,0.02149042451877909,0.013369265485174182,2.4022786587667118,1.835700270219089,0.06174727357705924,0.08439841165359221,-9.349143861557831,-9.613396055127204,-0.23397031010590924,-0.20667703997985928,2.6713862167306193,2.336019869080283,0,0,0,0,0,1,0,0,0,0,0.0
5856_2009,0.009003496850343956,0.008977504215966813,0.8722048406695074,0.8589582605051872,0.013369265485174182,0.013604677246532429,1.835700270219089,1.8244258491735692,0.08439841165359221,0.13963234058004512,-9.613396055127204,-8.97763388192691,-0.20667703997985928,0.485304129798721,2.336019869080283,2.476538400117484,0,0,0,0,0,1,0,0,0,0,0.0
5856_2010,0.008977504215966813,0.009319394580536784,0.8589582605051872,0.8692072353341229,0.013604677246532429,0.014883907515774975,1.8244258491735692,1.3781104153254502,0.13963234058004512,0.14553098102506215,-8.97763388192691,-9.288496542059452,0.485304129798721,-0.33640628052894206,2.476538400117484,2.1564025828159643,0,0,0,0,0,1,0,0,0,0,0.0
5860_2008,0.0,0.0,0.0,0.0,0.0,0.0,0.0,0.0,0.0,0.0,0.0,0.0,0.0,0.0,0.0,0.0,0,0,0,0,0,1,0,0,0,0,0.0
5860_2009,0.0,0.0,0.0,0.0,0.0,0.0,0.0,0.0,0.0,0.0,0.0,0.0,0.0,0.0,0.0,0.0,0,0,0,0,0,1,0,0,0,0,0.0
5860_2010,0.0,0.0,0.0,0.0,0.0,0.0,0.0,0.0,0.0,0.0,0.0,0.0,0.0,0.0,0.0,0.0,0,0,0,0,0,1,0,0,0,0,0.0
5869_2008,-0.12939333689393154,-0.03491299570194595,0.2717125430301289,0.3901631591392764,0.04304134931712812,0.00032455640094770466,2.621770833165032,2.4945804623534165,0.08822183924975302,0.10506456915999036,-13.797813709800108,-14.00124112917711,-0.36065118961726506,-0.19533724723001816,0.029558802241544432,-0.16841865162496325,0,0,0,0,0,0,1,0,0,0,0.0
5869_2009,-0.03491299570194595,0.02430002601308268,0.3901631591392764,0.5346005722878189,0.00032455640094770466,0.000507572344920787,2.4945804623534165,1.454888403615354,0.10506456915999036,0.2580923733892166,-14.00124112917711,-14.765956945034427,-0.19533724723001816,-0.8676490607192731,-0.16841865162496325,-1.4271163556401458,0,0,0,0,0,0,1,0,0,0,0.0
5869_2010,0.02430002601308268,-0.2522260936895083,0.5346005722878189,0.7123499806426635,0.000507572344920787,0.00029036004645760743,1.454888403615354,1.3144626271561255,0.2580923733892166,0.2886848170838282,-14.765956945034427,-15.345362497739654,-0.8676490607192731,-0.6204830919552746,-1.4271163556401458,-1.7719568419318752,0,0,0,0,0,0,1,0,0,0,0.0
589_2008,0.01438508359693305,0.015048273779021681,0.7858078926197484,0.7964467419897061,0.0361568799847241,0.0318058134963953,2.9316967688547337,2.6900964964704195,0.03673532667242716,0.036093174702767766,-8.465378886350063,-8.543875650847832,-0.07224740534346442,-0.040353232205392116,2.7080502011022096,2.7080502011022096,0,0,0,0,0,1,0,0,0,0,0.0
589_2009,0.015048273779021681,0.01584637933072784,0.7964467419897061,0.8221728615883527,0.0318058134963953,0.06566338334086026,2.6900964964704195,2.326026256561957,0.036093174702767766,0.06901936293218933,-8.543875650847832,-8.20064453404328,-0.040353232205392116,0.31322989954939395,2.7080502011022096,2.7080502011022096,0,0,0,0,0,1,0,0,0,0,0.0
589_2010,0.01584637933072784,0.010453362914991514,0.8221728615883527,0.8359942598349105,0.06566338334086026,0.040284634723539714,2.326026256561957,2.188954610695172,0.06901936293218933,0.09083564671648388,-8.20064453404328,-8.389472936025317,0.31322989954939395,-0.02517392310635208,2.7080502011022096,2.7080502011022096,0,0,0,0,0,1,0,0,0,0,0.0
5908_2008,0.012180796405041246,0.009057304527009364,0.7989744718158961,0.8324714700387499,0.02232678498389535,0.02201497077220179,2.2256111132006526,1.853689460920664,0.039348971846612533,0.033402447978224406,-8.791555717843497,-9.068648245567164,-0.0024817001569980013,-0.2213752869519145,2.7080502011022096,2.7080502011022096,0,0,0,0,0,1,0,0,0,0,0.0
5908_2009,0.009057304527009364,0.005742618283578932,0.8324714700387499,0.8869609892006859,0.02201497077220179,0.013305237772809723,1.853689460920664,1.3054552533115198,0.033402447978224406,0.13976208104744675,-9.068648245567164,-8.997788850448703,-0.2213752869519145,-0.025981719800347858,2.7080502011022096,2.7080502011022096,0,0,0,0,0,1,0,0,0,0,0.0
5908_2010,0.005742618283578932,-0.003495864182241749,0.8869609892006859,0.9189915543722684,0.013305237772809723,0.017293191598826085,1.3054552533115198,0.8109166374275275,0.13976208104744675,0.2440854327240884,-8.997788850448703,-9.719418303192151,-0.025981719800347858,-0.21143617091055406,2.7080502011022096,2.387844936944869,0,0,0,0,0,1,0,0,0,0,0.0
5925_2008,0.006612044508747328,-0.007004748807647536,0.4290946898771135,0.3460366642753859,0.07293630361830769,0.053368126436363836,2.589037032697897,2.760445433889147,0.09996787493232588,0.05801509811727969,-9.717027850751467,-9.562261247380828,0.3089086854739895,0.05281273235053434,2.6546494243750947,2.7080502011022096,0,1,0,0,0,0,0,0,0,0,0.0
5925_2009,-0.007004748807647536,-0.05228562357062978,0.3460366642753859,0.6250251047234745,0.053368126436363836,0.09179310279543176,2.760445433889147,1.3454904852741087,0.05801509811727969,0.1619917185957088,-9.562261247380828,-10.308456722646367,0.05281273235053434,-0.8151659981961337,2.7080502011022096,1.534714366238164,0,1,0,0,0,0,0,0,0,0,0.0
5925_2010,-0.05228562357062978,0.010841679993684458,0.6250251047234745,0.4776952641877503,0.09179310279543176,0.11455657896239425,1.3454904852741087,1.977455462922252,0.1619917185957088,0.2956612386954995,-10.308456722646367,-9.955221567304363,-0.8151659981961337,0.41466660558990903,1.534714366238164,2.1174596088673567,0,1,0,0,0,0,0,0,0,0,0.0
5926_2008,0.012072978163052356,0.010151716551171716,0.7782280346779085,0.8077962158201385,0.07760214698438715,0.08872045184154226,2.786163533798607,2.5938003139980514,0.024737240508982426,0.07236799852638194,-9.634862635182396,-9.753864228420117,-0.23631170981179064,-0.07569355076466913,2.4087452888224363,2.294552921296781,0,0,0,0,0,1,0,0,0,0,0.0
5926_2009,0.010151716551171716,0.008531305160757407,0.8077962158201385,0.8188543321139936,0.08872045184154226,0.06248930050608011,2.5938003139980514,2.5407865818603352,0.07236799852638194,0.12231151233688108,-9.753864228420117,-9.292078752644226,-0.07569355076466913,0.3404052089090739,2.294552921296781,2.252343876557299,0,0,0,0,0,1,0,0,0,0,0.0
5926_2010,0.008531305160757407,0.0071787430169045355,0.8188543321139936,0.8767203294726486,0.06248930050608011,0.037245218126183165,2.5407865818603352,1.7925044857962869,0.12231151233688108,0.11007731393056874,-9.292078752644226,-9.931013403760996,0.3404052089090739,-0.35825390786081085,2.252343876557299,1.840549633397487,0,0,0,0,0,1,0,0,0,0,0.0
5941_2008,0.07452471949652592,0.0,0.4949464363169137,0.0,0.086415938980776,0.0,1.3214937871290706,0.0,0.038383914318116406,0.0,-10.836360319942953,0.0,0.12831157019990694,0.0,2.7080502011022096,0.0,0,0,0,0,0,0,0,0,0,1,0.0
5941_2009,0.0,0.0,0.0,0.0,0.0,0.0,0.0,0.0,0.0,0.0,0.0,0.0,0.0,0.0,0.0,0.0,0,0,0,0,0,0,0,0,0,1,0.0
5941_2010,0.0,0.06060622891695641,0.0,0.7052613649407731,0.0,0.08878792479285698,0.0,0.5564122531208102,0.0,0.3111133991095285,0.0,-11.525117667977483,0.0,0.0593283109672213,0.0,2.172476407647025,0,0,0,0,0,0,0,0,0,1,0.0
5957_2008,0.044618266974158265,0.06347129693108733,0.24735916472958605,0.29603712451727043,0.08647028503327099,0.15342399173873228,2.6561434298102875,1.9664424841359631,0.22816598229924584,0.0778187960380974,-9.080528795157283,-9.74672312880816,-0.7869712163374162,-0.6052876947172202,2.7080502011022096,2.52652832447882,0,0,1,0,0,0,0,0,0,0,0.0
5957_2009,0.06347129693108733,0.0513792179912146,0.29603712451727043,0.3248143287046637,0.15342399173873228,0.15251419606794472,1.9664424841359631,1.6285557835339308,0.0778187960380974,0.20140242705491104,-9.74672312880816,-9.407974304878202,-0.6052876947172202,0.2935643731749036,2.52652832447882,2.3739750890807185,0,0,1,0,0,0,0,0,0,0,0.0
5957_2010,0.0513792179912146,0.048231949666242495,0.3248143287046637,0.35002976776712125,0.15251419606794472,0.2448424799948285,1.6285557835339308,1.4285589114072672,0.20140242705491104,0.12627977178787755,-9.407974304878202,-8.683311837809178,0.2935643731749036,0.6886185238294249,2.3739750890807185,2.7080502011022096,0,0,1,0,0,0,0,0,0,0,0.0
59_2008,0.03065894952957245,0.04535740764970125,0.6285596464701118,0.7117225071243254,0.0604463578057048,0.06301796957522107,1.5948944891224088,1.1868283604884975,0.14642673810245946,0.15904842421884216,-11.51518284434816,-11.684390436492231,0.013291819526479771,-0.16666211268932382,2.7080502011022096,2.7080502011022096,0,0,0,0,0,0,0,0,0,0,0.0
59_2009,0.04535740764970125,-0.02773919580228107,0.7117225071243254,0.6430246277461654,0.06301796957522107,0.0906452399798876,1.1868283604884975,0.8879395211471665,0.15904842421884216,0.13502191858895518,-11.684390436492231,-11.603686196179321,-0.16666211268932382,-0.014247417394051554,2.7080502011022096,2.7080502011022096,0,0,0,0,0,0,0,0,0,0,0.0
59_2010,-0.02773919580228107,0.016043655447708468,0.6430246277461654,0.6403541436829412,0.0906452399798876,0.06498666508898254,0.8879395211471665,1.0977945527226294,0.13502191858895518,0.1256174002960422,-11.603686196179321,-11.57815200475618,-0.014247417394051554,-0.07213422476172321,2.7080502011022096,2.7080502011022096,0,0,0,0,0,0,0,0,0,0,0.0
5_2008,0.02087714863380369,0.018084616654505517,0.8514493684755992,0.923831644488157,0.1529643635296586,0.1410111325628336,0.6991534788778763,0.37300675651746384,0.06248364620092753,0.17524053761155375,-12.20704317707058,-12.951080791418883,0.00556084357561365,-0.8804608110590711,1.0851892683359692,0.3364722366212129,0,0,0,0,0,1,0,0,0,0,0.0
5_2009,0.018084616654505517,-0.01868935765500784,0.923831644488157,0.92024510348937,0.1410111325628336,0.18979588988151536,0.37300675651746384,0.23853611439046346,0.17524053761155375,0.2849893410208256,-12.951080791418883,-13.068646030658762,-0.8804608110590711,-0.34193482445953177,0.3364722366212129,-0.2984060358147566,0,0,0,0,0,1,0,0,0,0,0.0
5_2010,-0.01868935765500784,-0.005662718714886571,0.92024510348937,0.8661379273135865,0.18979588988151536,0.10318627623464392,0.23853611439046346,0.393479812310164,0.2849893410208256,0.1849631692425492,-13.068646030658762,-12.759782601215301,-0.34193482445953177,-0.00901394240959641,-0.2984060358147566,0.2468600779315258,0,0,0,0,0,1,0,0,0,0,0.0
6051_2008,0.040229222844838514,0.038453494796887776,0.3869805396982952,0.3208814175730472,0.008518236279785995,0.010803904788823563,1.2792536956817635,1.5133871197286342,0.08445597288582175,0.07916246323805373,-10.050334498556376,-10.06876704540716,-0.005180507664524964,-0.10579816266816322,2.7080502011022096,2.7080502011022096,0,1,0,0,0,0,0,0,0,0,0.0
6051_2009,0.038453494796887776,0.04853357032627998,0.3208814175730472,0.3381837454643541,0.010803904788823563,0.020419311009228128,1.5133871197286342,1.4232263541457335,0.07916246323805373,0.1262198547979404,-10.06876704540716,-9.81877783686822,-0.10579816266816322,0.10135352306656864,2.7080502011022096,2.7080502011022096,0,1,0,0,0,0,0,0,0,0,0.0
6051_2010,0.04853357032627998,0.06570803325145963,0.3381837454643541,0.3306971694054832,0.020419311009228128,0.05210678568934962,1.4232263541457335,1.2042333159869654,0.1262198547979404,0.118520605766955,-9.81877783686822,-9.566918073365605,0.10135352306656864,0.3095090767740967,2.7080502011022096,2.7080502011022096,0,1,0,0,0,0,0,0,0,0,0.0
6080_2008,-0.14048367921262925,-0.023148835138744626,0.2835257114478773,0.2937132116535589,0.1357432015530708,0.18251966167087105,1.251899845908692,0.9691519326704447,0.1674062031539659,0.146905654963863,-14.057025097726989,-14.172775740222608,-0.33249426208387306,-0.2108096653787028,0.7318870088758759,0.6259384308664954,0,1,0,0,0,0,0,0,0,0,0.0
6080_2009,-0.023148835138744626,-0.037656617294657316,0.2937132116535589,0.3944815939019102,0.18251966167087105,0.17322043955542368,0.9691519326704447,0.7442940820036357,0.146905654963863,0.11126484723423463,-14.172775740222608,-14.631161229839272,-0.2108096653787028,-0.35937445874488777,0.6259384308664954,-0.3285040669720361,0,1,0,0,0,0,0,0,0,0,0.0
6080_2010,-0.037656617294657316,0.08012178511337233,0.3944815939019102,0.3066815405570313,0.17322043955542368,0.1894572057219281,0.7442940820036357,1.2262648482661718,0.11126484723423463,0.19843756873408547,-14.631161229839272,-13.390033677019732,-0.35937445874488777,0.7702680628559505,-0.3285040669720361,1.1346227261911428,0,1,0,0,0,0,0,0,0,0,0.0
6093_2008,0.10925344042478116,0.054117313504804865,0.5729504478013208,0.4774740562840756,0.02719853925472866,0.03503656281592146,1.0137493368647363,1.1484785210802335,0.17604455722508355,0.08620797660082055,-12.500911960423265,-12.634949046319553,0.17017684860145826,0.027048620664887432,1.5644405465033646,1.430311246536665,0,0,0,0,0,0,1,0,0,0,0.0
6093_2009,0.054117313504804865,0.06612415805378982,0.4774740562840756,0.5833585956668782,0.03503656281592146,0.03409230856677309,1.1484785210802335,0.7377485043399928,0.08620797660082055,0.2027908182158534,-12.634949046319553,-13.597556421422661,0.027048620664887432,-0.8192143257343185,1.430311246536665,-0.030459207484708574,0,0,0,0,0,0,1,0,0,0,0.0
6093_2010,0.06612415805378982,0.02486747484010424,0.5833585956668782,0.6232308534479934,0.03409230856677309,0.017053987919507047,0.7377485043399928,0.3382594223949849,0.2027908182158534,0.17394171150289328,-13.597556421422661,-12.45120770604041,-0.8192143257343185,0.9029571283200424,-0.030459207484708574,1.3480731482996928,0,0,0,0,0,0,1,0,0,0,0.0
6104_2008,0.04965836681423856,-0.21082580170347964,0.4964045346367428,0.6773829717851833,0.017145635540087526,0.01995470551102894,0.7823921025271993,0.5934216630246307,0.11781480624077385,0.17156723796919893,-12.686702011013491,-13.299059131435499,-0.2720851342883133,-0.7642714174142052,2.3978952727983707,1.780024213009634,0,0,1,0,0,0,0,0,0,0,0.0
6104_2009,-0.21082580170347964,-0.1049752094375107,0.6773829717851833,0.8940478225826148,0.01995470551102894,0.02547444007522653,0.5934216630246307,0.14032431802963696,0.17156723796919893,0.2363140542341899,-13.299059131435499,-14.408847209887435,-0.7642714174142052,-1.3362148751953808,1.780024213009634,0.1823215567939546,0,0,1,0,0,0,0,0,0,0,0.0
6104_2010,-0.1049752094375107,-0.15902434989868308,0.8940478225826148,0.8233739478264792,0.02547444007522653,0.011259525483370114,0.14032431802963696,0.3916286071768848,0.2363140542341899,0.18086979382137916,-14.408847209887435,-13.870499051508148,-1.3362148751953808,0.3964511656985679,0.1823215567939546,0.9555114450274363,0,0,1,0,0,0,0,0,0,0,0.0
6121_2008,-0.06016089484964245,0.0,0.19891686016186974,0.0,0.44858660487819146,0.0,1.4016870408209972,0.0,0.13264518618285773,0.0,-11.364592963433086,0.0,0.07478319285902382,0.0,1.9699056546115292,0.0,0,1,0,0,0,0,0,0,0,0,1.0
6121_2009,0.0,0.0,0.0,0.0,0.0,0.0,0.0,0.0,0.0,0.0,0.0,0.0,0.0,0.0,0.0,0.0,0,1,0,0,0,0,0,0,0,0,1.0
6121_2010,0.0,0.0,0.0,0.0,0.0,0.0,0.0,0.0,0.0,0.0,0.0,0.0,0.0,0.0,0.0,0.0,0,1,0,0,0,0,0,0,0,0,1.0
6144_2008,-0.07691513260753753,-0.16700016596678785,0.08185397986218265,0.18740677415886675,0.04043106013429984,0.11528950766317718,3.8584794623032588,1.9275426228968344,0.09000938965240092,0.07450193890297171,-11.168768338442943,-12.015480192364295,-0.1632192073083161,-0.9820491607954738,1.9473377010464987,0.9707789171582248,0,0,0,0,1,0,0,0,0,0,0.0
6144_2009,-0.16700016596678785,-0.231940490439892,0.18740677415886675,0.2978577878306989,0.11528950766317718,0.05170787997692095,1.9275426228968344,3.2741335101494404,0.07450193890297171,0.2839103651298151,-12.015480192364295,-11.624905473676893,-0.9820491607954738,0.41601234932732895,0.9707789171582248,0.8671004876833833,0,0,0,0,1,0,0,0,0,0,0.0
6144_2010,-0.231940490439892,-0.04475154591328162,0.2978577878306989,0.222509017075602,0.05170787997692095,0.09907414825898443,3.2741335101494404,3.6225746664572585,0.2839103651298151,0.3407765019345487,-11.624905473676893,-11.4313303398657,0.41601234932732895,0.16687672405406778,0.8671004876833833,1.1314021114911006,0,0,0,0,1,0,0,0,0,0,0.0
6149_2008,0.04404379328086912,0.05206424905518403,0.18912843611090024,0.2468491218185659,0.05807944701704665,0.031636377882344635,2.7064399656565947,2.1254371133804426,0.06930815701523664,0.06531613690397747,-8.191474123781404,-8.45183429624983,-0.3403143554899675,-0.31807335753580845,2.7080502011022096,2.7080502011022096,0,0,1,0,0,0,0,0,0,0,0.0
6149_2009,0.05206424905518403,0.01848382748206055,0.2468491218185659,0.4848003086055502,0.031636377882344635,0.0916200430833738,2.1254371133804426,0.7492884432030761,0.06531613690397747,0.21073701883620946,-8.45183429624983,-9.154209767553342,-0.31807335753580845,-0.8093906816264684,2.7080502011022096,2.0617866064411148,0,0,1,0,0,0,0,0,0,0,0.0
6149_2010,0.01848382748206055,0.026725215832293658,0.4848003086055502,0.29939958162865554,0.0916200430833738,0.17736160740291448,0.7492884432030761,1.5695541173787566,0.21073701883620946,0.13878329995539646,-9.154209767553342,-8.411755445292554,-0.8093906816264684,0.6679037649833695,2.0617866064411148,2.7080502011022096,0,0,1,0,0,0,0,0,0,0,0.0
614_2008,0.045058204306772105,0.044532183512142436,0.07477928907066217,0.06907856969727896,0.11198944350641958,0.12216850153295318,1.8295049448725769,1.982981047631599,0.02326378509563691,0.022783554962320998,-12.296585214180881,-12.303920779011099,0.048436372613708416,-0.0068607876738333035,2.7080502011022096,2.7080502011022096,0,0,1,0,0,0,0,0,0,0,0.0
614_2009,0.044532183512142436,0.04561926049049416,0.06907856969727896,0.0753911512830175,0.12216850153295318,0.10844091821828077,1.982981047631599,1.724019941181311,0.022783554962320998,0.06481669480254275,-12.303920779011099,-12.351193483739223,-0.0068607876738333035,-0.09009109274037867,2.7080502011022096,2.225693249463708,0,0,1,0,0,0,0,0,0,0,0.0
614_2010,0.04561926049049416,0.04488446325112101,0.0753911512830175,0.07910941707459601,0.10844091821828077,0.16180136899815295,1.724019941181311,1.5643631625575658,0.06481669480254275,0.0702511731216564,-12.351193483739223,-12.241028788099387,-0.09009109274037867,0.010329020433534621,2.225693249463708,2.5687881337687024,0,0,1,0,0,0,0,0,0,0,0.0
6213_2008,-0.007777419361222539,0.09419914798741888,0.3218723592890687,0.42153831181183177,0.690735767619417,0.7736592745948959,1.429953900320031,1.168308091750644,0.06507196785631704,0.06662232479241689,-12.131223172201214,-12.179320238745484,-0.40775099944146864,0.07683928516790317,2.6979998652487085,2.6830742150320335,0,0,0,0,1,0,0,0,0,0,0.0
6213_2009,0.09419914798741888,0.15212204366404594,0.42153831181183177,0.33559794635744,0.7736592745948959,0.7414880861371079,1.168308091750644,1.4446775543985604,0.06662232479241689,0.13053114027176874,-12.179320238745484,-11.682813082027,0.07683928516790317,0.5781509783831751,2.6830742150320335,2.7080502011022096,0,0,0,0,1,0,0,0,0,0,0.0
6213_2010,0.15212204366404594,0.07391985985312506,0.33559794635744,0.3498847977454633,0.7414880861371079,0.8908720461570685,1.4446775543985604,1.067288404928752,0.13053114027176874,0.12378543173647315,-11.682813082027,-12.174606779392304,0.5781509783831751,-0.5795948817705763,2.7080502011022096,2.489064659936664,0,0,0,0,1,0,0,0,0,0,0.0
6244_2008,0.04242116037001036,0.025171105195849315,0.25600751865179244,0.1297816768517477,0.20705259837653767,0.1959222184731126,1.4129528522632528,1.9551105670421487,0.12108074703748888,0.1638365789195798,-13.078813413656798,-11.601200675302048,-0.3057017450872982,0.5745203941976661,2.0347056478384444,2.5641798306825083,0,0,0,0,0,0,1,0,0,0,0.0
6244_2009,0.025171105195849315,0.02539424634107753,0.1297816768517477,0.2472939172913752,0.1959222184731126,0.341946815186417,1.9551105670421487,1.1209259057278491,0.1638365789195798,0.2398874165543833,-11.601200675302048,-12.361920286855707,0.5745203941976661,-0.5985148991357576,2.5641798306825083,1.3056264580524355,0,0,0,0,0,0,1,0,0,0,0.0
6244_2010,0.02539424634107753,-0.02399783732516994,0.2472939172913752,0.2827334880833899,0.341946815186417,0.6613979155560052,1.1209259057278491,0.6672859954283757,0.2398874165543833,0.2208769389235572,-12.361920286855707,-11.509029086858735,-0.5985148991357576,0.7112980398861094,1.3056264580524355,2.4042387467205457,0,0,0,0,0,0,1,0,0,0,0.0
6252_2008,-0.18382466334795292,-0.2581715619240145,0.34289262706828444,0.6894360544622153,0.045956165836988236,0.11885739342410367,2.877058382391203,16.7148,0.12270373187245433,0.2345816373420281,-12.900802569196195,-13.54911365529598,-0.4599715850314006,-0.6689573728183246,1.2584893982973842,0.62057648772511,0,1,0,0,0,0,0,0,0,0,0.0
6252_2009,-0.2581715619240145,-0.040202274055684425,0.6894360544622153,0.7604217369256054,0.11885739342410367,0.10129995499137504,16.7148,11.7637,0.2345816373420281,0.2515252091595629,-13.54911365529598,-13.873605636971764,-0.6689573728183246,-0.39343135022670667,0.62057648772511,-0.19845093872383832,0,1,0,0,0,0,0,0,0,0,0.0
6252_2010,-0.040202274055684425,0.0,0.7604217369256054,0.0,0.10129995499137504,0.0,11.7637,0.0,0.2515252091595629,0.0,-13.873605636971764,0.0,-0.39343135022670667,0.0,-0.19845093872383832,0.0,0,1,0,0,0,0,0,0,0,0,0.0
6262_2008,0.02420953835961533,0.046221250602329116,0.3602842148000187,0.377623141539996,0.04404000913673449,0.034485825626759774,2.5696204461586243,2.81429438083256,0.03921917606166487,0.06931467975286268,-6.189905209450616,-6.423682860774268,-0.21667320678235136,-0.2294228575162863,2.7080502011022096,2.7080502011022096,0,0,0,0,1,0,0,0,0,0,0.0
6262_2009,0.046221250602329116,0.03811849723671668,0.377623141539996,0.460162301679623,0.034485825626759774,0.03784592917251442,2.81429438083256,2.0896090538504226,0.06931467975286268,0.10267947938108044,-6.423682860774268,-6.451145569311093,-0.2294228575162863,-0.1001484024302804,2.7080502011022096,2.7080502011022096,0,0,0,0,1,0,0,0,0,0,0.0
6262_2010,0.03811849723671668,0.042041318482336144,0.460162301679623,0.5984973769809543,0.03784592917251442,0.06744645353952418,2.0896090538504226,1.2285481617018708,0.10267947938108044,0.1193946904866807,-6.451145569311093,-6.744049996111138,-0.1001484024302804,-0.4518210514688524,2.7080502011022096,2.7080502011022096,0,0,0,0,1,0,0,0,0,0,0.0
6267_2008,-0.6889486263967891,-1.4084710166481886,0.07774372609110819,0.2154259394463824,0.5100302151530659,1.0145750520537573,1.762384132064436,0.8830639965993469,0.12263568601154735,0.16430779563320394,-12.508489703763564,-14.20642075859932,-0.3281746009393568,-1.5012430342319811,0.6097655716208943,-1.0788096613719298,0,0,0,0,1,0,0,0,0,0,0.0
6267_2009,-1.4084710166481886,-1.3145105601229952,0.2154259394463824,0.7336712225247879,1.0145750520537573,0.6213599822803612,0.8830639965993469,3.997770432809841,0.16430779563320394,0.2792022294693302,-14.20642075859932,-15.16116605724935,-1.5012430342319811,-1.0813047736836632,-1.0788096613719298,-2.5510464522925447,0,0,0,0,1,0,0,0,0,0,0.0
6267_2010,-1.3145105601229952,0.0,0.7336712225247879,0.0,0.6213599822803612,0.0,3.997770432809841,0.0,0.2792022294693302,0.0,-15.16116605724935,0.0,-1.0813047736836632,0.0,-2.5510464522925447,0.0,0,0,0,0,1,0,0,0,0,0,0.0
6281_2008,0.009424442077202002,0.006880402300878265,0.8246203350666517,0.9049354557027944,0.04391453771932867,0.040318134626260486,1.80499612135494,0.9820786975472924,0.07546220236707422,0.10048790630036357,-9.764650424208844,-10.32535909957846,0.09025939488642233,-0.5284868892386128,2.7080502011022096,2.7080502011022096,0,0,0,0,0,1,0,0,0,0,0.0
6281_2009,0.006880402300878265,0.00727965286003074,0.9049354557027944,0.8744719520661919,0.040318134626260486,0.027631107941317182,0.9820786975472924,1.2357545024026904,0.10048790630036357,0.17101991975558342,-10.32535909957846,-9.531075363194613,-0.5284868892386128,0.6123078532164803,2.7080502011022096,2.7080502011022096,0,0,0,0,0,1,0,0,0,0,0.0
6281_2010,0.00727965286003074,0.005846697705314507,0.8744719520661919,0.9110159675172246,0.027631107941317182,0.04909436969204028,1.2357545024026904,0.8476996173458241,0.17101991975558342,0.10180686996835978,-9.531075363194613,-10.149959559802637,0.6123078532164803,-0.3976965111551252,2.7080502011022096,2.7080502011022096,0,0,0,0,0,1,0,0,0,0,0.0
6304_2008,0.044667054413660486,0.055061798888776214,0.18729218576761664,0.2551897393259968,0.020750530366027836,0.03146963085816835,2.3780015524549407,1.827639867267412,0.059035549318322764,0.061157490765179935,-7.604451075862808,-7.8202618781490765,-0.1752822577573118,-0.2190710638944961,2.7080502011022096,2.7080502011022096,0,1,0,0,0,0,0,0,0,0,0.0
6304_2009,0.055061798888776214,0.04608225318901826,0.2551897393259968,0.2755570410721566,0.03146963085816835,0.05092364118712764,1.827639867267412,1.4311104717158043,0.061157490765179935,0.08188237098033617,-7.8202618781490765,-7.701751645945178,-0.2190710638944961,0.07461168870773799,2.7080502011022096,2.7080502011022096,0,1,0,0,0,0,0,0,0,0,0.0
6304_2010,0.04608225318901826,0.03985341366612406,0.2755570410721566,0.2653641822388924,0.05092364118712764,0.10463082915321016,1.4311104717158043,1.4841259329743484,0.08188237098033617,0.09692225093450522,-7.701751645945178,-7.820459115274517,0.07461168870773799,-0.16047593231292642,2.7080502011022096,2.7080502011022096,0,1,0,0,0,0,0,0,0,0,0.0
6333_2008,0.02612083934972561,0.03477367551675404,0.21761687024114126,0.24825227794749824,0.029955904604365827,0.023717645081994518,4.6771603121565235,5.362861819949345,0.06874111303559491,0.05926493104702067,-6.739010899500798,-6.884375945766003,-0.020912435862204648,-0.11648623516576315,2.7080502011022096,2.7080502011022096,0,0,0,0,0,0,1,0,0,0,0.0
6333_2009,0.03477367551675404,0.03907317372962185,0.24825227794749824,0.2772560405034315,0.023717645081994518,0.036065781752599016,5.362861819949345,4.497725949199197,0.05926493104702067,0.07271872453296156,-6.884375945766003,-6.71907598111989,-0.11648623516576315,0.2010269094692286,2.7080502011022096,2.7080502011022096,0,0,0,0,0,0,1,0,0,0,0.0
6333_2010,0.03907317372962185,0.03373288618189178,0.2772560405034315,0.27045203718064903,0.036065781752599016,0.02594057313778873,4.497725949199197,4.498199068499495,0.07271872453296156,0.07632669383264355,-6.71907598111989,-6.798583773224276,0.2010269094692286,-0.06445441300306799,2.7080502011022096,2.7080502011022096,0,0,0,0,0,0,1,0,0,0,0.0
6342_2008,-0.0067838548378782405,0.035760438927014165,0.4168720037115315,0.40953505452719857,0.052420227846796216,0.032632645661531595,1.371472841149641,1.0265631768486252,0.04975014268951854,0.16122379034622342,-12.261927441271725,-11.8935922952635,0.005737808041940462,0.05913107878676021,1.6389967146756448,1.9401794743463283,0,0,1,0,0,0,0,0,0,0,0.0
6342_2009,0.035760438927014165,-0.3709164526017246,0.40953505452719857,0.4513316590112587,0.032632645661531595,0.1126538641507272,1.0265631768486252,1.1732059174859877,0.16122379034622342,0.2284502276687631,-11.8935922952635,-12.6545626155282,0.05913107878676021,-0.8158505787112127,1.9401794743463283,0.6838036655567928,0,0,1,0,0,0,0,0,0,0,0.0
6342_2010,-0.3709164526017246,0.06420895858113197,0.4513316590112587,0.2412509938317918,0.1126538641507272,0.10379182431244854,1.1732059174859877,2.1546893187949787,0.2284502276687631,0.21637901575082055,-12.6545626155282,-11.253945952507577,-0.8158505787112127,1.3726152986201376,0.6838036655567928,2.3005830903233733,0,0,1,0,0,0,0,0,0,0,0.0
6391_2008,-0.15311568770198755,-0.0741051279939564,0.8314627213827087,0.8906368494382816,0.013207571857944763,0.017312770077190686,0.9076370753833016,0.9299270307986244,0.9188048281475398,0.1259620253623505,-8.668727298792374,-9.162547837847269,0.1540192101523068,-0.6891275004196106,2.7080502011022096,2.5649493574615367,0,1,0,0,0,0,0,0,0,0,0.0
6391_2009,-0.0741051279939564,-0.09950206387552694,0.8906368494382816,0.9936927642373576,0.017312770077190686,0.022839441708083587,0.9299270307986244,0.7844563616483204,0.1259620253623505,0.4293143953206697,-9.162547837847269,-11.613763860606946,-0.6891275004196106,-2.5279861011976257,2.5649493574615367,-0.35667494393873245,0,1,0,0,0,0,0,0,0,0,0.0
6391_2010,-0.09950206387552694,-0.0041913994908109545,0.9936927642373576,0.8802830717828709,0.022839441708083587,0.042984139458954886,0.7844563616483204,4.018749155799431,0.4293143953206697,0.4553820078624757,-11.613763860606946,-8.911822940858151,-2.5279861011976257,2.648505450045397,-0.35667494393873245,2.574137783515943,0,1,0,0,0,0,0,0,0,0,0.0
6407_2008,0.04296779969563006,0.0523500224230103,0.09217954507002084,0.07587242163432505,0.14119617455709982,0.13060603308306412,3.0802809394424,3.2169904993323937,0.057136439898611266,0.050311449595688944,-6.121862928368596,-6.146499409225805,0.006937029548783377,-0.05705241831507299,2.7080502011022096,2.7080502011022096,0,0,0,0,0,1,0,0,0,0,0.0
6407_2009,0.0523500224230103,0.07046285683302947,0.07587242163432505,0.08984113737247063,0.13060603308306412,0.17588307034403106,3.2169904993323937,2.4368911945193825,0.050311449595688944,0.10719496902712357,-6.146499409225805,-6.2710494037398075,-0.05705241831507299,-0.0696110203581004,2.7080502011022096,2.7080502011022096,0,0,0,0,0,1,0,0,0,0,0.0
6407_2010,0.07046285683302947,0.03610377794401527,0.08984113737247063,0.07121499971311125,0.17588307034403106,0.1684329260296766,2.4368911945193825,2.5141790743323096,0.10719496902712357,0.12362186079380245,-6.2710494037398075,-6.018724437318848,-0.0696110203581004,0.4806791738789082,2.7080502011022096,2.7080502011022096,0,0,0,0,0,1,0,0,0,0,0.0
6413_2008,-0.1366658882708511,-0.15048997566180616,0.2487166039483809,0.223290438158862,0.07713774926211905,0.02869194698413378,1.4556940899491977,1.8699759774827565,0.15760055244857007,0.15517227347955168,-13.382593947909749,-13.289950821842961,-0.2716623906760145,-0.16538826987016006,0.5988365010887039,0.5596157879354227,0,0,0,0,1,0,0,0,0,0,0.0
6413_2009,-0.15048997566180616,-0.4948842886157544,0.223290438158862,0.7983942482812545,0.02869194698413378,0.07437567343358158,1.8699759774827565,0.3343173793489484,0.15517227347955168,0.3344946441064676,-13.289950821842961,-15.127541563552391,-0.16538826987016006,-1.6063938327180909,0.5596157879354227,-1.7719568419318752,0,0,0,0,1,0,0,0,0,0,0.0
6413_2010,-0.4948842886157544,0.0,0.7983942482812545,0.0,0.07437567343358158,0.0,0.3343173793489484,0.0,0.3344946441064676,0.0,-15.127541563552391,0.0,-1.6063938327180909,0.0,-1.7719568419318752,0.0,0,0,0,0,1,0,0,0,0,0,0.0
6438_2008,0.09944923341250256,-0.038568077316204506,0.0333124021478067,0.02227483186496006,0.2957446278867685,0.11286559356309027,2.682994122461821,4.9641491080369535,0.1335009820750666,0.18923034416338966,-9.985426591418197,-9.252417053511302,0.8143867788334441,0.413848140398021,2.4168062370840686,2.7080502011022096,0,0,0,0,1,0,0,0,0,0,0.0
6438_2009,-0.038568077316204506,-0.2396306620427297,0.02227483186496006,0.0990705340180222,0.11286559356309027,0.2237670774818808,4.9641491080369535,3.5665502449274613,0.18923034416338966,0.3970841321879736,-9.252417053511302,-10.116000276423694,0.413848140398021,-0.786354900303522,2.7080502011022096,1.7561322915849038,0,0,0,0,1,0,0,0,0,0,0.0
6438_2010,-0.2396306620427297,-0.09407340548254337,0.0990705340180222,0.05675177793900828,0.2237670774818808,0.11200940682282508,3.5665502449274613,6.11894979483111,0.3970841321879736,0.2595139794047953,-10.116000276423694,-9.296328752984863,-0.786354900303522,0.6021143010428047,1.7561322915849038,2.6108048166633746,0,0,0,0,1,0,0,0,0,0,0.0
644_2008,0.014729307401833322,-0.0033335921053232447,0.2701758845602411,0.2018193193078915,0.15893397825526606,0.12941643871898734,1.1974101707044562,1.345464384505929,0.06444922811286859,0.07689181427825965,-12.225248666033568,-12.18572257902816,-0.08733147252574623,-0.1715642049831704,1.8357763546448291,1.893096903133972,0,0,0,1,0,0,0,0,0,0,0.0
644_2009,-0.0033335921053232447,-0.20879638871321904,0.2018193193078915,0.3257673229541829,0.12941643871898734,0.10219230336956138,1.345464384505929,1.2069706412546723,0.07689181427825965,0.09143592113967837,-12.18572257902816,-12.294179007958276,-0.1715642049831704,-0.07631952201131148,1.893096903133972,1.3376554355133303,0,0,0,1,0,0,0,0,0,0,0.0
644_2010,-0.20879638871321904,0.06489129489063518,0.3257673229541829,0.2531401095512681,0.10219230336956138,0.13300468590299486,1.2069706412546723,2.1116464502044083,0.09143592113967837,0.15296504494717034,-12.294179007958276,-11.45900095067852,-0.07631952201131148,0.737935944143325,1.3376554355133303,2.4159137783010487,0,0,0,1,0,0,0,0,0,0,0.0
6515_2008,0.03383138848356381,0.05009946299366999,0.30447593680930063,0.3374122790218628,0.058525880512024786,0.09119364031724056,1.9810608664978668,1.6154334667348818,0.07717925823285186,0.05592199495328985,-9.279134141363286,-9.056579281428649,-0.18262097215925205,0.13168141888502394,2.7080502011022096,2.7080502011022096,0,0,0,1,0,0,0,0,0,0,0.0
6515_2009,0.05009946299366999,0.0452286111264178,0.3374122790218628,0.2858998208167942,0.09119364031724056,0.07690025088182333,1.6154334667348818,1.7251942317937174,0.05592199495328985,0.10837447999260294,-9.056579281428649,-8.82242838270206,0.13168141888502394,0.2875525696415312,2.7080502011022096,2.7080502011022096,0,0,0,1,0,0,0,0,0,0,0.0
6515_2010,0.0452286111264178,0.04619849672599032,0.2858998208167942,0.2229529134929772,0.07690025088182333,0.059910083526370166,1.7251942317937174,2.0959317642570605,0.10837447999260294,0.10008488945617472,-8.82242838270206,-8.717768313562152,0.2875525696415312,0.10986653005834884,2.7080502011022096,2.7080502011022096,0,0,0,1,0,0,0,0,0,0,0.0
6520_2008,-0.4042922010185924,-0.21630593546673746,0.2905596121985641,0.3102509626875581,0.02313309198011904,0.0461868720400124,46.247,62.333999999999996,0.23380009422787196,0.13346055912010632,-12.525403806988043,-12.237735487133536,-0.40074529377419227,0.20201727641365924,1.0260415958332745,1.0986122886681098,0,0,0,0,1,0,0,0,0,0,0.0
6520_2009,-0.21630593546673746,-0.30835655584941163,0.3102509626875581,0.6043474916724353,0.0461868720400124,0.0010945644520965348,62.333999999999996,26.7488,0.13346055912010632,0.15248182279739667,-12.237735487133536,-12.515191031720743,0.20201727641365924,-0.4213619580908535,1.0986122886681098,0.22314355131420974,0,0,0,0,1,0,0,0,0,0,0.0
6520_2010,-0.30835655584941163,0.0,0.6043474916724353,0.0,0.0010945644520965348,0.0,26.7488,0.0,0.15248182279739667,0.0,-12.515191031720743,0.0,-0.4213619580908535,0.0,0.22314355131420974,0.0,0,0,0,0,1,0,0,0,0,0,0.0
6533_2008,0.11513926022621968,-0.03682908002479166,0.6015410019626236,0.6329260542356938,0.2245525507029951,0.1750189914968796,1.0278052943107363,0.6189446215046657,0.11708997131291715,0.0857635364006679,-11.473537825432073,-11.727129639176885,0.02365090056645192,-0.2601661528908108,2.2093727112718664,1.9473377010464987,0,0,0,0,0,0,1,0,0,0,0.0
6533_2009,-0.03682908002479166,-0.06446549130028548,0.6329260542356938,0.6896069269134947,0.1750189914968796,0.2325877192285128,0.6189446215046657,0.5197713428879582,0.0857635364006679,0.2276515920653979,-11.727129639176885,-12.102248742813087,-0.2601661528908108,-0.12418059267092735,1.9473377010464987,1.075002423028976,0,0,0,0,0,0,1,0,0,0,0.0
6533_2010,-0.06446549130028548,0.06493144981700588,0.6896069269134947,0.4234038845103696,0.2325877192285128,0.11714690523679505,0.5197713428879582,1.0896218151245591,0.2276515920653979,0.14099263417408306,-12.102248742813087,-11.641759802430608,-0.12418059267092735,0.15407300755218697,1.075002423028976,1.7698546338400052,0,0,0,0,0,0,1,0,0,0,0.0
6560_2008,-0.12717366650912176,-0.04743216724509268,0.3288149336653419,0.11331777131464507,0.1905615422128236,0.13529387810081106,151.8079,6.2986421476574135,0.1864955065751097,0.17492735325350908,-11.011572141451616,-11.209761561290776,0.021050788845931395,-0.5863880527839302,1.289232648276759,0.8415671856782185,0,0,0,0,1,0,0,0,0,0,0.0
6560_2009,-0.04743216724509268,-0.11688420356596567,0.11331777131464507,0.18415550410362588,0.13529387810081106,0.1335885067863145,6.2986421476574135,10.830892652489496,0.17492735325350908,0.13628211185881053,-11.209761561290776,-11.02630594842,-0.5863880527839302,0.12665803568318618,0.8415671856782185,0.5306282510621704,0,0,0,0,1,0,0,0,0,0,0.0
6560_2010,-0.11688420356596567,0.009394147702110502,0.18415550410362588,0.21194254780522306,0.1335885067863145,0.11315527691667053,10.830892652489496,9.146842121919153,0.13628211185881053,0.340584582701715,-11.02630594842,-10.623672404959368,0.12665803568318618,0.6789545626718975,0.5306282510621704,1.1662709371419244,0,0,0,0,1,0,0,0,0,0,0.0
6593_2008,0.01243294859552542,-0.004562362122732909,0.3109518896159245,0.4024003392250426,0.027108954927356974,0.06983097790206487,1.099359200488345,1.0050942154520022,0.10577487150433232,0.15694167642923826,-14.06069569150288,-13.728874459751058,-0.416970099722488,-0.19452072398659387,0.11332868530700327,0.02946171014961905,0,0,0,0,1,0,0,0,0,0,0.0
6593_2009,-0.004562362122732909,-0.3885568087172196,0.4024003392250426,0.5596432860751805,0.06983097790206487,0.013252529714656468,1.0050942154520022,1.450752459307164,0.15694167642923826,0.12358310280584787,-13.728874459751058,-14.433191393098776,-0.19452072398659387,-0.7489757512449069,0.02946171014961905,-1.171182981502945,0,0,0,0,1,0,0,0,0,0,0.0
6593_2010,-0.3885568087172196,0.005304083629435089,0.5596432860751805,0.5493073793707194,0.013252529714656468,0.007312425974560995,1.450752459307164,1.3154572235916553,0.12358310280584787,0.2708658129814809,-14.433191393098776,-13.64748251860482,-0.7489757512449069,0.2864260403366039,-1.171182981502945,-0.15105547491995588,0,0,0,0,1,0,0,0,0,0,0.0
6606_2008,0.054813591374285715,0.04304426393286764,0.2517788773790116,0.306886128984231,0.0018369052430523933,0.0030206961613065087,3.0512145051762185,5.263149613457483,0.07875423432026593,0.07286081122475804,-8.352231573039006,-8.211006098458384,-0.24120699241455515,0.07497191929153592,2.7080502011022096,2.7080502011022096,0,1,0,0,0,0,0,0,0,0,0.0
6606_2009,0.04304426393286764,0.04383501402190301,0.306886128984231,0.2763148903495291,0.0030206961613065087,0.0005185648964518994,5.263149613457483,4.102257153410108,0.07286081122475804,0.09858755227849954,-8.211006098458384,-7.771059169174671,0.07497191929153592,0.2514250120996251,2.7080502011022096,2.7080502011022096,0,1,0,0,0,0,0,0,0,0,0.0
6606_2010,0.04383501402190301,0.02564972520192708,0.2763148903495291,0.22805498078333905,0.0005185648964518994,0.0014744808499191125,4.102257153410108,4.147249847469031,0.09858755227849954,0.10707618099886801,-7.771059169174671,-7.790596897556767,0.2514250120996251,0.07420150993321689,2.7080502011022096,2.7080502011022096,0,1,0,0,0,0,0,0,0,0,0.0
6616_2008,0.030086610713514407,0.031107450696142007,0.05919799536076095,0.05116564596549153,0.08628918443558113,0.09724207177009893,3.482796062982925,3.398507891054221,0.08000216078571408,0.08417036659497533,-9.67995445647129,-9.565424818123587,0.2868867364843837,-0.3284443218691904,2.7080502011022096,2.7080502011022096,0,1,0,0,0,0,0,0,0,0,0.0
6616_2009,0.031107450696142007,0.03618485902806386,0.05116564596549153,0.0637375068150825,0.09724207177009893,0.11817115136485198,3.398507891054221,2.750351471387034,0.08417036659497533,0.1469971668307098,-9.565424818123587,-9.341568064929245,-0.3284443218691904,-0.0004195520065818359,2.7080502011022096,2.7080502011022096,0,1,0,0,0,0,0,0,0,0,0.0
6616_2010,0.03618485902806386,0.030575403457372544,0.0637375068150825,0.057557375739180176,0.11817115136485198,0.08459477110417796,2.750351471387034,3.3233016405324927,0.1469971668307098,0.06495852883572882,-9.341568064929245,-9.270013675944213,-0.0004195520065818359,0.04033555802872973,2.7080502011022096,2.7080502011022096,0,1,0,0,0,0,0,0,0,0,0.0
6617_2008,-0.1283462746600578,-0.1228574891399338,0.17110681080766488,0.07732494721465615,0.13062575881764288,0.1402463528676316,11.953461046182252,3.5391052225933133,0.27544194356269064,0.11707365536884742,-12.523335328758824,-12.292791170251085,-0.030923077471425045,-0.3757981708332136,-0.579818495252942,-0.6735406509210269,0,0,0,0,1,0,0,0,0,0,0.0
6617_2009,-0.1228574891399338,-0.1476620966752546,0.07732494721465615,0.07376395534290271,0.1402463528676316,0.01746334805545332,3.5391052225933133,3.3130557368776152,0.11707365536884742,0.16895875642837313,-12.292791170251085,-12.362258353195404,-0.3757981708332136,-0.20018259869015212,-0.6735406509210269,-1.2552660987134867,0,0,0,0,1,0,0,0,0,0,0.0
6617_2010,-0.1476620966752546,-0.11135645279477203,0.07376395534290271,0.10122249841308208,0.01746334805545332,0.09137163058946242,3.3130557368776152,8.058159784928183,0.16895875642837313,0.38861232514195054,-12.362258353195404,-11.122534167883847,-0.20018259869015212,1.0482431605765994,-1.2552660987134867,-0.10536051565782628,0,0,0,0,1,0,0,0,0,0,0.0
6675_2008,0.033295199447418405,0.026529890343119915,0.1057675703678121,0.09693394342572202,0.015595320324641684,0.08552323790179947,3.1467570051574976,2.8113688114327533,0.03056069437842704,0.03583861871967228,-13.551735424361913,-13.608436715575676,-0.08846896132616885,-0.10249043819004884,1.1151743769670879,1.029619417181158,0,0,0,1,0,0,0,0,0,0,0.0
6675_2009,0.026529890343119915,0.017933143258543036,0.09693394342572202,0.12090409487211272,0.08552323790179947,0.01966860873517623,2.8113688114327533,2.463439204288873,0.03583861871967228,0.0934641570056164,-13.608436715575676,-13.48039012524209,-0.10249043819004884,0.1522282262149165,1.029619417181158,0.7178397931503168,0,0,0,1,0,0,0,0,0,0,0.0
6675_2010,0.017933143258543036,0.057250181028240414,0.12090409487211272,0.14482259232440262,0.01966860873517623,0.15987056480811007,2.463439204288873,1.6932506541453096,0.0934641570056164,0.1478152449980055,-13.48039012524209,-14.088163515065613,0.1522282262149165,-0.2034385213747949,0.7178397931503168,0.37843643572024505,0,0,0,1,0,0,0,0,0,0,0.0
6688_2008,-0.09431473420393087,-0.008155302613198596,0.2108341028008618,0.1697383004315602,0.07874024859008093,0.011657062141887078,4.446936611866513,7.2114800757970245,0.1125312347001866,0.16385622240449912,-12.136922100542106,-11.08809695559375,-0.1861879635420872,1.0241333113232909,2.113842968397168,2.7080502011022096,0,0,0,0,0,0,1,0,0,0,0.0
6688_2009,-0.008155302613198596,0.04906428500235817,0.1697383004315602,0.5600007398174911,0.011657062141887078,0.10417041284898576,7.2114800757970245,2.6033828358258857,0.16385622240449912,0.33395569173947465,-11.08809695559375,-12.119224045832276,1.0241333113232909,-0.8871806721120017,2.7080502011022096,1.6370530794670737,0,0,0,0,0,0,1,0,0,0,0.0
6688_2010,0.04906428500235817,-0.05964008192889709,0.5600007398174911,0.495559173755654,0.10417041284898576,0.11855752749970075,2.6033828358258857,3.431000003071923,0.33395569173947465,0.2396994587578567,-12.119224045832276,-12.311398197420152,-0.8871806721120017,-0.209005981585096,1.6370530794670737,1.6789639750827108,0,0,0,0,0,0,1,0,0,0,0.0
6689_2008,-0.10821216078742146,-0.6098509308037445,0.2722027843431701,0.5045625218777109,0.1302411145144748,0.04774504666882636,1.3351821550680558,0.9375664736863976,0.17234840677083688,0.2213035739951908,-11.06695349475393,-12.184090258623895,-0.3404215745493302,-1.068946336905633,2.1329823086078656,1.0224509277025455,0,0,0,0,0,0,1,0,0,0,0.0
6689_2009,-0.6098509308037445,-0.8409743212008839,0.5045625218777109,0.7865010625418032,0.04774504666882636,0.11705739419030928,0.9375664736863976,0.5694908976759205,0.2213035739951908,0.19211960462031769,-12.184090258623895,-13.44724994826035,-1.068946336905633,-1.4464555498138076,1.0224509277025455,-0.7985076962177716,0,0,0,0,0,0,1,0,0,0,0.0
6689_2010,-0.8409743212008839,-0.09396090547451516,0.7865010625418032,0.3269191802861344,0.11705739419030928,0.025856350912072824,0.5694908976759205,3.1027394088803657,0.19211960462031769,0.4045751425622763,-13.44724994826035,-11.555330738447266,-1.4464555498138076,0.969234664008638,-0.7985076962177716,1.2354714713853072,0,0,0,0,0,0,1,0,0,0,0.0
6702_2008,0.02512515695231633,-0.004119226510918254,0.4029803110262856,0.5142907245237621,0.013417132160456624,0.03317671624687001,2.6376715541524334,1.6919334711811618,0.04452758406186208,0.14742072122408995,-8.756381203067987,-9.56344362618592,-0.024695901534261263,-0.6771835265738596,2.7080502011022096,2.4621496626653845,0,0,0,0,0,0,1,0,0,0,0.0
6702_2009,-0.004119226510918254,0.026029806293655137,0.5142907245237621,0.5966596007328656,0.03317671624687001,0.1259777661145836,1.6919334711811618,1.1283844243646632,0.14742072122408995,0.1941430519025588,-9.56344362618592,-9.424212850820894,-0.6771835265738596,0.1515061430887948,2.4621496626653845,2.0930978681273213,0,0,0,0,0,0,1,0,0,0,0.0
6702_2010,0.026029806293655137,0.020151318767183853,0.5966596007328656,0.3550524945721397,0.1259777661145836,0.10137132463132664,1.1283844243646632,2.1618106969329296,0.1941430519025588,0.14293348170738626,-9.424212850820894,-9.142015160640279,0.1515061430887948,0.04845111911646993,2.0930978681273213,2.5974910105351463,0,0,0,0,0,0,1,0,0,0,0.0
6736_2008,0.005799105474826128,0.010140311490952895,0.8222837668531136,0.8789348947156532,0.06036211489186349,0.060594052135086764,2.023672761190381,1.4612686383313194,0.03552570055928553,0.07013521560437352,-9.879572297694407,-10.315814431849727,-0.16802563417163754,-0.38246384140061374,2.7080502011022096,2.4336133554004498,0,0,0,0,0,1,0,0,0,0,0.0
6736_2009,0.010140311490952895,0.006018550092962249,0.8789348947156532,0.8782792409088624,0.060594052135086764,0.02645598613505551,1.4612686383313194,1.6029123125199505,0.07013521560437352,0.12644544706858354,-10.315814431849727,-9.735536788740296,-0.38246384140061374,0.4826474809251244,2.4336133554004498,2.5168896956410505,0,0,0,0,0,1,0,0,0,0,0.0
6736_2010,0.006018550092962249,0.03649918909936364,0.8782792409088624,0.8891343755991079,0.02645598613505551,0.08973823935003594,1.6029123125199505,1.2251344634639083,0.12644544706858354,0.20691677770361608,-9.735536788740296,-9.492248213557279,0.4826474809251244,0.2872518737335761,2.5168896956410505,2.67827804276854,0,0,0,0,0,1,0,0,0,0,0.0
6748_2008,0.02306543228033297,0.0260787051520162,0.6356547864944421,0.6084540558692131,0.017401999585956618,0.00939884012508715,1.3594320212920947,1.2510136598687855,0.029737500108550162,0.04215941252188896,-8.427818887274809,-8.538491094622861,0.08908019704859532,-0.12503552755698266,2.7080502011022096,2.7080502011022096,0,0,0,0,0,0,0,0,1,0,0.0
6748_2009,0.0260787051520162,0.02670896789984356,0.6084540558692131,0.641942847509731,0.00939884012508715,0.0069192920428378475,1.2510136598687855,1.1572542729249753,0.04215941252188896,0.0537288580483488,-8.538491094622861,-8.193823845003202,-0.12503552755698266,0.22739039507757175,2.7080502011022096,2.7080502011022096,0,0,0,0,0,0,0,0,1,0,0.0
6748_2010,0.02670896789984356,0.028188133748885118,0.641942847509731,0.6150451584594718,0.0069192920428378475,0.016413435250538132,1.1572542729249753,1.1748815633940113,0.0537288580483488,0.056185523015322064,-8.193823845003202,-8.197962971447943,0.22739039507757175,-0.11641319475727115,2.7080502011022096,2.7080502011022096,0,0,0,0,0,0,0,0,1,0,0.0
6760_2008,0.050831061956242624,0.0485709531600636,0.27425176183794514,0.3194299879867391,0.013309962620101385,0.017996350058049983,2.3849818206699336,3.0789474511196318,0.14862446115502312,0.07417867712647087,-8.14197760847185,-8.740236867007741,-0.40474259893394093,-0.4950551891324379,2.7080502011022096,2.7080502011022096,0,0,1,0,0,0,0,0,0,0,0.0
6760_2009,0.0485709531600636,0.01472342523086446,0.3194299879867391,0.454903510922896,0.017996350058049983,0.025377569233717482,3.0789474511196318,2.6336933247476084,0.07417867712647087,0.26874129430859833,-8.740236867007741,-8.897680124929753,-0.4950551891324379,-0.14670296268511102,2.7080502011022096,2.355177543113216,0,0,1,0,0,0,0,0,0,0,0.0
6760_2010,0.01472342523086446,0.026031070904038976,0.454903510922896,0.4281263804119134,0.025377569233717482,0.040741983179205084,2.6336933247476084,2.3000564649512616,0.26874129430859833,0.13686728829786685,-8.897680124929753,-8.778484710774702,-0.14670296268511102,0.010842305627098424,2.355177543113216,2.7027025947756154,0,0,1,0,0,0,0,0,0,0,0.0
6765_2008,0.06072230125871918,0.05219983901197864,0.11329379344911884,0.11350600853540264,0.0982426299725918,0.1342331387983921,2.7475002205581056,2.4911018142411168,0.0711715745261311,0.10986516964673368,-8.555297219764865,-8.709347765444555,-0.07409598820220681,-0.12295999393864016,2.7080502011022096,2.7080502011022096,0,0,1,0,0,0,0,0,0,0,0.0
6765_2009,0.05219983901197864,0.06695513530706512,0.11350600853540264,0.21440579032713306,0.1342331387983921,0.1369494181274749,2.4911018142411168,1.472895424951301,0.10986516964673368,0.13363039486964912,-8.709347765444555,-9.282240700980747,-0.12295999393864016,-0.5655436190740329,2.7080502011022096,2.5787005290743608,0,0,1,0,0,0,0,0,0,0,0.0
6765_2010,0.06695513530706512,0.010907399846521438,0.21440579032713306,0.15657778309690878,0.1369494181274749,0.20922381853415564,1.472895424951301,1.728083801682863,0.13363039486964912,0.2031491167580701,-9.282240700980747,-8.648698403554402,-0.5655436190740329,0.7911464516226768,2.5787005290743608,2.7080502011022096,0,0,1,0,0,0,0,0,0,0,0.0
676_2008,0.01791738530926219,-0.04485516669510662,0.3104635021970166,0.5243709300499291,0.01997017839497983,0.016013882923036047,0.9709922012331688,0.5653384427160549,0.060881727456586925,0.06483094163334861,-11.097346722385838,-11.667243682284262,-0.2818294257629914,-0.5452003988974153,2.7080502011022096,2.234306252240751,0,0,1,0,0,0,0,0,0,0,0.0
676_2009,-0.04485516669510662,-0.2488269279385378,0.5243709300499291,0.7007355978813795,0.016013882923036047,0.023288794618358505,0.5653384427160549,0.39778026564034136,0.06483094163334861,0.2314865066888259,-11.667243682284262,-12.231934072227281,-0.5452003988974153,-0.9380888177124136,2.234306252240751,1.208960345836975,0,0,1,0,0,0,0,0,0,0,0.0
676_2010,-0.2488269279385378,-0.15320185740125808,0.7007355978813795,0.7147147755190195,0.023288794618358505,0.15672498042709432,0.39778026564034136,0.4082876530390476,0.2314865066888259,0.4915383430611249,-12.231934072227281,-12.425367079013776,-0.9380888177124136,-0.2405512858522749,1.208960345836975,1.2470322937863831,0,0,1,0,0,0,0,0,0,0,0.0
6779_2008,-0.17170529312081245,-1.4137099205950348,0.06990754979827403,0.8077444969343653,0.16774917229026828,0.1502663584279827,3.6331705524420665,0.3358117242226865,0.21157909891214374,0.8972684146273467,-12.009766119727676,-15.432914619510033,-0.8715095032706421,-3.3770658355286165,1.5260563034950492,-1.8971199848858813,0,0,0,0,1,0,0,0,0,0,0.0
6779_2009,-1.4137099205950348,0.0,0.8077444969343653,0.0,0.1502663584279827,0.0,0.3358117242226865,0.0,0.8972684146273467,0.0,-15.432914619510033,0.0,-3.3770658355286165,0.0,-1.8971199848858813,0.0,0,0,0,0,1,0,0,0,0,0,0.0
6779_2010,0.0,0.0,0.0,0.0,0.0,0.0,0.0,0.0,0.0,0.0,0.0,0.0,0.0,0.0,0.0,0.0,0,0,0,0,1,0,0,0,0,0,0.0
6784_2008,-0.05638925199709512,-0.06269905701617436,0.4628264342774146,0.5801258699528855,0.3458765432098765,0.04748919280862078,1.5040007027052524,0.9536875783103098,0.11306961333599735,0.2045037999167093,-12.397444182394734,-12.96056386328162,-0.13295982515015725,-0.4362787796821043,1.5238800240724537,0.9669838461896731,0,0,0,1,0,0,0,0,0,0,0.0
6784_2009,-0.06269905701617436,-0.3040135682485132,0.5801258699528855,0.8534160520413743,0.04748919280862078,0.08933174144452752,0.9536875783103098,0.4382637589199035,0.2045037999167093,0.26006919611013946,-12.96056386328162,-14.103556559599225,-0.4362787796821043,-0.7877595980081082,0.9669838461896731,-0.2876820724517809,0,0,0,1,0,0,0,0,0,0,0.0
6784_2010,-0.3040135682485132,-0.2192875805158186,0.8534160520413743,0.934863026101353,0.08933174144452752,0.11899526605789375,0.4382637589199035,0.3321680627926917,0.26006919611013946,0.30297657754513463,-14.103556559599225,-15.187376956550722,-0.7877595980081082,-0.7404862372912098,-0.2876820724517809,-1.1369374029897776,0,0,0,1,0,0,0,0,0,0,0.0
6785_2008,0.03519956262096685,-0.015710939761572673,0.13941456681420333,0.1173451932945604,0.3801755253357542,0.27065185925945423,1.800850352807079,2.146985962014864,0.19913139296543853,0.12138697505716005,-12.42757406754784,-12.164356573494976,0.3310549444393457,0.03371322172425811,2.115049969147204,2.3340837600534172,0,0,0,0,0,0,1,0,0,0,0.0
6785_2009,-0.015710939761572673,-0.16992840095465395,0.1173451932945604,0.3909588656464973,0.27065185925945423,1.0639337357854841,2.146985962014864,0.4727366243933057,0.12138697505716005,0.1658590565379809,-12.164356573494976,-13.492514985098193,0.03371322172425811,-1.2307816877596076,2.3340837600534172,0.5007752879124892,0,0,0,0,0,0,1,0,0,0,0.0
6785_2010,-0.16992840095465395,-0.2051172203920642,0.3909588656464973,0.34660156884759136,1.0639337357854841,0.6588199666139778,0.4727366243933057,0.9260498026173226,0.1658590565379809,0.3238919381301281,-13.492514985098193,-13.237704085104893,-1.2307816877596076,0.1954254196379772,0.5007752879124892,0.9400072584914712,0,0,0,0,0,0,1,0,0,0,0.0
678_2008,-0.046135915483342615,-0.006791274694828215,0.3107283413969777,0.3668771146275976,0.08668032075219101,0.11249531524377968,2.152465090919008,1.9439728242023904,0.08107580431204789,0.16425165887707266,-9.737427070398766,-9.848408834084283,-0.14827644848185778,-0.11789418334184736,2.4458192610799534,2.3194422100604686,0,1,0,0,0,0,0,0,0,0,0.0
678_2009,-0.006791274694828215,0.043236752106812416,0.3668771146275976,0.4257474109572845,0.11249531524377968,0.031061874731322964,1.9439728242023904,1.7972944962386606,0.16425165887707266,0.28603984109278585,-9.848408834084283,-9.20844450453222,-0.11789418334184736,0.7472231608694502,2.3194422100604686,2.449279472144849,0,1,0,0,0,0,0,0,0,0,0.0
678_2010,0.043236752106812416,0.03964112977331917,0.4257474109572845,0.4680234121807889,0.031061874731322964,0.049599599263074376,1.7972944962386606,1.664815848405096,0.28603984109278585,0.13020809825353316,-9.20844450453222,-9.25684045293331,0.7472231608694502,-0.13464756290697866,2.449279472144849,2.525728644308256,0,1,0,0,0,0,0,0,0,0,0.0
6827_2008,0.009009787558772868,0.004065457318360238,0.8222687018246048,0.9182117416735562,0.034830114854206416,0.0409980450000537,1.9751473757211382,0.924091757210356,0.0786105796664811,0.1267119977817118,-10.205487994756767,-11.089830492170782,-0.12420096573286725,-0.8270334290111572,2.7080502011022096,2.330200260027019,0,0,0,0,0,1,0,0,0,0,0.0
6827_2009,0.004065457318360238,-0.02049330818003765,0.9182117416735562,0.943129485509514,0.0409980450000537,0.06795237077781986,0.924091757210356,0.7547755951643856,0.1267119977817118,0.2519892111393727,-11.089830492170782,-11.035740091962357,-0.8270334290111572,-0.21524863673956224,2.330200260027019,1.88706964903238,0,0,0,0,0,1,0,0,0,0,0.0
6827_2010,-0.02049330818003765,-0.0700060496344925,0.943129485509514,0.9542062331661618,0.06795237077781986,0.10265670395524684,0.7547755951643856,0.9066068316664416,0.2519892111393727,0.2711106714480907,-11.035740091962357,-11.546608339130545,-0.21524863673956224,-1.3319960241151605,1.88706964903238,0.4885800148186709,0,0,0,0,0,1,0,0,0,0,0.0
6863_2008,0.02552885608944504,0.10317014695469623,0.5514192182244572,0.4767443882684687,0.20791120189528606,0.2950919864349511,374.4315,5.613480049521377,0.07592897378499562,0.06678661362218898,-10.43399241992584,-10.327073003700225,0.05108003075154094,0.04918050632230593,2.1412419425852827,2.254444717666111,0,0,0,0,1,0,0,0,0,0,0.0
6863_2009,0.10317014695469623,-0.004762083501862561,0.4767443882684687,0.5395133659318265,0.2950919864349511,0.2541549397802531,5.613480049521377,4.118314201920796,0.06678661362218898,0.1671005215483568,-10.327073003700225,-10.305870273767995,0.04918050632230593,0.05856834344838219,2.254444717666111,1.763017000362401,0,0,0,0,1,0,0,0,0,0,0.0
6863_2010,-0.004762083501862561,0.000903412624655731,0.5395133659318265,0.3696531662694561,0.2541549397802531,0.13770759641714225,4.118314201920796,4.984359428982144,0.1671005215483568,0.14057546615072009,-10.305870273767995,-9.943577346973598,0.05856834344838219,0.18419285506402885,1.763017000362401,2.3542283261458845,0,0,0,0,1,0,0,0,0,0,0.0
6883_2008,0.06382532694757552,0.06473655312259081,0.02630093690032735,0.025192489436426883,0.05395642849080032,0.08102601117512992,2.445714470875576,2.452326943953888,0.0582022209786266,0.10040087035522427,-12.263447668539396,-11.997635097692594,0.06428151128692225,0.1455506647458881,2.7080502011022096,2.7080502011022096,0,0,0,0,1,0,0,0,0,0,0.0
6883_2009,0.06473655312259081,0.09050714231728517,0.025192489436426883,0.03801677877711435,0.08102601117512992,0.17215252059557098,2.452326943953888,1.7008652657601977,0.10040087035522427,0.1091756449877078,-11.997635097692594,-11.857493059433985,0.1455506647458881,0.16048180972508302,2.7080502011022096,2.7080502011022096,0,0,0,0,1,0,0,0,0,0,0.0
6883_2010,0.09050714231728517,0.0557010341307532,0.03801677877711435,0.028522106384420067,0.17215252059557098,0.12229933495137695,1.7008652657601977,2.2853709093147168,0.1091756449877078,0.0976783572071448,-11.857493059433985,-11.695632265978745,0.16048180972508302,-0.04568069305050554,2.7080502011022096,2.7080502011022096,0,0,0,0,1,0,0,0,0,0,0.0
6944_2008,0.01155621393621819,0.012958436593326884,0.7583527441343533,0.8101037385154739,0.032707161122878116,0.042993116839941975,2.3744183764375197,1.7445974063385574,0.1172554541940334,0.06917451459614979,-9.206126403792544,-9.457175324658476,-0.3676470764303224,-0.2420309978045429,2.7080502011022096,2.7080502011022096,0,0,0,0,0,1,0,0,0,0,0.0
6944_2009,0.012958436593326884,0.010863986862281641,0.8101037385154739,0.8069815837908132,0.042993116839941975,0.022380074372236058,1.7445974063385574,1.6069975493511783,0.06917451459614979,0.15631466151263046,-9.457175324658476,-8.814484140435932,-0.2420309978045429,0.44199721405045,2.7080502011022096,2.7080502011022096,0,0,0,0,0,1,0,0,0,0,0.0
6944_2010,0.010863986862281641,0.00541209359662763,0.8069815837908132,0.8668898933536991,0.022380074372236058,0.03315446584947528,1.6069975493511783,1.2045794131581786,0.15631466151263046,0.0862998914310792,-8.814484140435932,-9.37098457323936,0.44199721405045,-0.4089568665968444,2.7080502011022096,2.61885462229774,0,0,0,0,0,1,0,0,0,0,0.0
6968_2008,-0.16467169639855544,-0.13230036497938827,0.4515699647352458,0.7125243267777978,0.11275825993020774,0.2163886315449136,2.1554728916464287,1.0114190711613764,0.1093494117645806,0.2553288721116318,-11.440515833411698,-12.536754832696998,-0.1798110648149151,-1.143494641529918,2.7080502011022096,1.7526720805200082,0,1,0,0,0,0,0,0,0,0,0.0
6968_2009,-0.13230036497938827,-0.08749497251642313,0.7125243267777978,0.5802386378871163,0.2163886315449136,0.15486325244670868,1.0114190711613764,1.3909566714331327,0.2553288721116318,0.17868761509529354,-12.536754832696998,-11.96231945770807,-1.143494641529918,0.30599847167601485,1.7526720805200082,1.824549292051046,0,1,0,0,0,0,0,0,0,0,1.0
6968_2010,-0.08749497251642313,-0.07376551322398006,0.5802386378871163,0.6537221081645557,0.15486325244670868,0.12982446169911982,1.3909566714331327,1.3823589675236607,0.17868761509529354,0.2115234706482108,-11.96231945770807,-12.447744742709155,0.30599847167601485,-0.662947397765542,1.824549292051046,1.5623672690410877,0,1,0,0,0,0,0,0,0,0,1.0
6977_2008,0.08507609279659423,0.10342028703537633,0.3136795923465739,0.2916257535362625,0.1285381353757071,0.0625324898388504,1.2605541689006443,1.275161174344098,0.06593091628761856,0.0735003017054351,-13.205947555418675,-13.282058684531085,-0.3665208059477055,0.0008694434341346181,2.174751721484161,2.2027647577118348,0,1,0,0,0,0,0,0,0,0,0.0
6977_2009,0.10342028703537633,0.20411778141358208,0.2916257535362625,0.3536984985992831,0.0625324898388504,0.366144136333338,1.275161174344098,0.6613789297293532,0.0735003017054351,0.13917654599240462,-13.282058684531085,-13.220986920245045,0.0008694434341346181,-0.07066102746797663,2.2027647577118348,1.7698546338400052,0,1,0,0,0,0,0,0,0,0,0.0
6977_2010,0.20411778141358208,0.11589812564010807,0.3536984985992831,0.14508088498414382,0.366144136333338,0.3711701484433805,0.6613789297293532,1.1005136953662582,0.13917654599240462,0.09654797815659437,-13.220986920245045,-12.979751732092051,-0.07066102746797663,0.1761104292088304,1.7698546338400052,2.245654888406502,0,1,0,0,0,0,0,0,0,0,0.0
6992_2008,0.05869917150747547,0.04360487452553286,0.07065993714884296,0.04560263089146036,0.261536996476526,0.3047346825872482,1.6759575060021228,1.559350503919373,0.1309475891390773,0.12615503580793366,-13.191949273252828,-13.268772792284812,0.20201539000842506,-0.23592395472562186,1.9878743481543453,1.9021075263969205,0,0,0,0,0,0,1,0,0,0,0.0
6992_2009,0.04360487452553286,0.09645486605209427,0.04560263089146036,0.10183753016147992,0.3047346825872482,0.4903173915733465,1.559350503919373,0.9095009867493656,0.12615503580793366,0.17888645244759224,-13.268772792284812,-13.163759010104108,-0.23592395472562186,0.2743533505748019,1.9021075263969205,1.5769147207285403,0,0,0,0,0,0,1,0,0,0,0.0
6992_2010,0.09645486605209427,0.050934049722813166,0.10183753016147992,0.104430330605463,0.4903173915733465,0.5980868674006553,0.9095009867493656,0.7751019075151501,0.17888645244759224,0.1326169514803949,-13.163759010104108,-13.560131298379615,0.2743533505748019,-0.2229298646217681,1.5769147207285403,1.5040773967762742,0,0,0,0,0,0,1,0,0,0,0.0
6996_2008,0.024652559239757583,0.03507156215734246,0.374269304432075,0.3576890367951493,0.004064239004347432,0.00542411202475202,1.9516797866599955,1.7836354648274595,0.06891137398548541,0.034691724725744215,-6.586443799140744,-6.618264222684786,0.08906467239756374,-0.06779795226975206,2.7080502011022096,2.7080502011022096,0,0,0,0,0,0,0,1,0,0,0.0
6996_2009,0.03507156215734246,0.0,0.3576890367951493,0.0,0.00542411202475202,0.0,1.7836354648274595,0.0,0.034691724725744215,0.0,-6.618264222684786,0.0,-0.06779795226975206,0.0,2.7080502011022096,0.0,0,0,0,0,0,0,0,1,0,0,0.0
6996_2010,0.0,0.0,0.0,0.0,0.0,0.0,0.0,0.0,0.0,0.0,0.0,0.0,0.0,0.0,0.0,0.0,0,0,0,0,0,0,0,1,0,0,0.0
7013_2008,0.04452163209907903,0.09427044788002284,0.12162147504315585,0.12718722130522903,0.13927657529244408,0.09219140550687124,3.451982961422486,3.749103641296156,0.10491662069902473,0.07688619530125916,-7.479938976856594,-7.777243784126768,-0.018630096539999474,-0.07493597397099727,2.7080502011022096,2.7080502011022096,0,0,0,0,0,0,1,0,0,0,0.0
7013_2009,0.09427044788002284,0.0791859360843409,0.12718722130522903,0.1843460357764802,0.09219140550687124,0.1908209674454494,3.749103641296156,2.2040305192211416,0.07688619530125916,0.12471271428098547,-7.777243784126768,-7.9894754682081315,-0.07493597397099727,-0.16982411695189764,2.7080502011022096,2.7080502011022096,0,0,0,0,0,0,1,0,0,0,0.0
7013_2010,0.0791859360843409,-0.07975159253489535,0.1843460357764802,0.13165289469975036,0.1908209674454494,0.15292874914150664,2.2040305192211416,2.0099619780086706,0.12471271428098547,0.09253719108974216,-7.9894754682081315,-7.59433452565364,-0.16982411695189764,0.3660582700273333,2.7080502011022096,2.7080502011022096,0,0,0,0,0,0,1,0,0,0,0.0
7019_2008,0.04328405251402462,0.0419469020041562,0.08359333094879222,0.07348277151460195,0.02695548490315776,0.03194677440737242,3.375498208551371,3.642070832215065,0.13145519264323974,0.0695122822064384,-10.541098141039829,-10.310147637566805,-0.03973589439213671,0.16825357557298903,2.7080502011022096,2.7080502011022096,0,1,0,0,0,0,0,0,0,0,0.0
7019_2009,0.0419469020041562,0.053354935405980734,0.07348277151460195,0.08877598099692674,0.03194677440737242,0.04584732169293339,3.642070832215065,3.0733665915445285,0.0695122822064384,0.15725779946137106,-10.310147637566805,-9.970478508338203,0.16825357557298903,0.2971087122554221,2.7080502011022096,2.7080502011022096,0,1,0,0,0,0,0,0,0,0,0.0
7019_2010,0.053354935405980734,0.041153960590001086,0.08877598099692674,0.08885956100478118,0.04584732169293339,0.096454042780087,3.0733665915445285,2.6876930764050306,0.15725779946137106,0.12106833955033572,-9.970478508338203,-10.37653651169261,0.2971087122554221,-0.4543616367960802,2.7080502011022096,2.7080502011022096,0,1,0,0,0,0,0,0,0,0,0.0
7029_2008,-0.17751523582968404,0.0006786982180350534,0.5614627245600636,0.5395359962713803,0.046026461654242186,0.03562024975410022,1.5233610761422256,1.3934987745231298,0.08927699195621024,0.09646003261368442,-9.731889265616198,-9.711510286949656,-0.4478838183336949,0.13764548523877468,2.7080502011022096,2.7080502011022096,0,0,0,0,1,0,0,0,0,0,0.0
7029_2009,0.0006786982180350534,0.02892708365458072,0.5395359962713803,0.6257580031210426,0.03562024975410022,0.035708076494881766,1.3934987745231298,1.03400107975476,0.09646003261368442,0.1373924260433234,-9.711510286949656,-9.698951066377427,0.13764548523877468,-0.029786345216943344,2.7080502011022096,2.7080502011022096,0,0,0,0,1,0,0,0,0,0,0.0
7029_2010,0.02892708365458072,0.028119098678377096,0.6257580031210426,0.4494958685840652,0.035708076494881766,0.02560757472347117,1.03400107975476,1.132709601235353,0.1373924260433234,0.09646671095260978,-9.698951066377427,-9.454094922890981,-0.029786345216943344,-0.027814972835543017,2.7080502011022096,2.7080502011022096,0,0,0,0,1,0,0,0,0,0,0.0
7062_2008,0.017630460315026648,0.028087016909880937,0.2914747608517277,0.23144294735836926,0.026443750927950864,0.012648679996040831,1.724883855813468,2.226381651017427,0.09902880371268707,0.06725722887996936,-9.604526436831028,-9.37461326827935,-0.2599930885232845,0.14654442621452074,2.7080502011022096,2.7080502011022096,0,1,0,0,0,0,0,0,0,0,0.0
7062_2009,0.028087016909880937,0.022360920397681512,0.23144294735836926,0.3558097132916991,0.012648679996040831,0.022763206538243173,2.226381651017427,1.3513708495598216,0.06725722887996936,0.2985999241625126,-9.37461326827935,-10.096686308268383,0.14654442621452074,-0.6331992802925859,2.7080502011022096,2.1065702090680887,0,1,0,0,0,0,0,0,0,0,0.0
7062_2010,0.022360920397681512,-0.06653394075476612,0.3558097132916991,0.3788781386710953,0.022763206538243173,0.1309997994473354,1.3513708495598216,1.2374111252404405,0.2985999241625126,0.2406528326183712,-10.096686308268383,-10.363592453763523,-0.6331992802925859,-0.13190360706412807,2.1065702090680887,2.0831845279586703,0,1,0,0,0,0,0,0,0,0,0.0
7064_2008,0.0412518722437263,0.05612178408824661,0.2144175636685436,0.43388799324999494,0.03391488308129032,0.030983329054268694,2.5655980177489917,1.7528437974484803,0.14199478486664033,0.30795949086385666,-10.589628265278382,-10.86013815492109,0.25220870652854405,-0.8013717266347871,2.7080502011022096,2.033397603178429,0,1,0,0,0,0,0,0,0,0,0.0
7064_2009,0.05612178408824661,0.17465466919308187,0.43388799324999494,0.3700361379867568,0.030983329054268694,0.05618602353753191,1.7528437974484803,0.911710287631004,0.30795949086385666,0.28284983569726696,-10.86013815492109,-10.838882396183395,-0.8013717266347871,-0.21975524597949808,2.033397603178429,1.5539252025038417,0,1,0,0,0,0,0,0,0,0,0.0
7064_2010,0.17465466919308187,0.03950995837559431,0.3700361379867568,0.378442437695964,0.05618602353753191,0.06200700654001911,0.911710287631004,1.023238534058629,0.28284983569726696,0.38054608561512016,-10.838882396183395,-10.889425976234945,-0.21975524597949808,-0.0364609208220919,1.5539252025038417,1.7281094421515992,0,1,0,0,0,0,0,0,0,0,0.0
7065_2008,0.026328987608460197,-0.02435876502583742,0.16392667861177151,0.3394241664069033,0.19879095842679967,0.1991329040862209,1.5061979422262344,1.1062335846379843,0.09218430383029336,0.07790000977158046,-7.0972705103054725,-7.755379334850144,-0.15532097547729012,-0.5970625840308502,2.6361960973342264,1.9810014688665836,0,0,0,0,0,0,1,0,0,0,0.0
7065_2009,-0.02435876502583742,-0.2126328331361544,0.3394241664069033,0.5761706232046381,0.1991329040862209,0.1788795050842756,1.1062335846379843,0.5485492680964633,0.07790000977158046,0.21628659110032825,-7.755379334850144,-8.2672294107568,-0.5970625840308502,-0.5534964115001291,1.9810014688665836,0.9707789171582248,0,0,0,0,0,0,1,0,0,0,0.0
7065_2010,-0.2126328331361544,-0.16576453721115755,0.5761706232046381,0.4349625322461709,0.1788795050842756,0.1341473230291929,0.5485492680964633,1.299293642483227,0.21628659110032825,0.1691374721321919,-8.2672294107568,-7.00872314120631,-0.5534964115001291,0.7466535951316831,0.9707789171582248,2.3570732782781154,0,0,0,0,0,0,1,0,0,0,0.0
7067_2008,0.009055280506402984,0.009151148998912688,0.8564538675937804,0.8789752541151515,0.056803565954928976,0.03221927839286028,1.7873804516528011,1.4424344278809438,0.033729845716422936,0.060214223891027666,-9.221934645848444,-9.472151863936686,-0.20599502245932308,-0.2422485690158316,2.7080502011022096,2.7053799725463312,0,0,0,0,0,1,0,0,0,0,0.0
7067_2009,0.009151148998912688,0.007484712871089758,0.8789752541151515,0.8557170709052134,0.03221927839286028,0.023122369484855097,1.4424344278809438,1.743987404257232,0.060214223891027666,0.1131902416416358,-9.472151863936686,-8.78253265999789,-0.2422485690158316,0.498047714351299,2.7053799725463312,2.7080502011022096,0,0,0,0,0,1,0,0,0,0,0.0
7067_2010,0.007484712871089758,0.0016660640318485176,0.8557170709052134,0.8685690149712051,0.023122369484855097,0.060311105590849776,1.743987404257232,1.2487428276835004,0.1131902416416358,0.1564289509418555,-8.78253265999789,-9.122818133241793,0.498047714351299,-0.3205445219080729,2.7080502011022096,2.52011290552262,0,0,0,0,0,1,0,0,0,0,0.0
7093_2008,0.031340760735295174,-0.057046170907531224,0.4503631484419462,0.5930641540702316,0.017937351202275617,0.03584909532822507,1.4326978505781611,1.0000338526813377,0.08560041491984953,0.0975974465632839,-9.650026333571004,-10.079696597913632,-0.1844896720671194,-0.4772335334088481,2.7080502011022096,2.7080502011022096,0,0,1,0,0,0,0,0,0,0,0.0
7093_2009,-0.057046170907531224,-0.15766060988753772,0.5930641540702316,0.8829978334948233,0.03584909532822507,0.06492257556457964,1.0000338526813377,0.3542756024860937,0.0975974465632839,0.2741059115355676,-10.079696597913632,-10.802677196056703,-0.4772335334088481,-0.7323662034533198,2.7080502011022096,1.5830939370944983,0,0,1,0,0,0,0,0,0,0,0.0
7093_2010,-0.15766060988753772,-0.028257775303636688,0.8829978334948233,0.4981626027998545,0.06492257556457964,0.04333006865098101,0.3542756024860937,1.512981634147355,0.2741059115355676,0.4420075786433858,-10.802677196056703,-9.805388709243537,-0.7323662034533198,1.1668296941945036,1.5830939370944983,2.4714836294558595,0,0,1,0,0,0,0,0,0,0,0.0
7094_2008,0.023518774754196774,0.0273941240788035,0.4678131383013772,0.5607703511895128,0.1473721200940019,0.16931858103174005,2.7214070317896195,2.5683613810995523,0.04235528281928587,0.045322891146991034,-8.387330158474963,-8.642072799613832,-0.09174521291349737,-0.18688022002522936,2.7080502011022096,2.7080502011022096,0,0,0,0,0,1,0,0,0,0,0.0
7094_2009,0.0273941240788035,0.015364134865938581,0.5607703511895128,0.5034188976513485,0.16931858103174005,0.14815557734890836,2.5683613810995523,2.732012737550908,0.045322891146991034,0.04680317385678635,-8.642072799613832,-8.065242105944566,-0.18688022002522936,0.4404788264447965,2.7080502011022096,2.7080502011022096,0,0,0,0,0,1,0,0,0,0,0.0
7094_2010,0.015364134865938581,0.02756890887360856,0.5034188976513485,0.5053728287608461,0.14815557734890836,0.15619523332279311,2.732012737550908,2.2306790578510403,0.04680317385678635,0.15571147288800502,-8.065242105944566,-8.371559942712588,0.4404788264447965,-0.3427110768907762,2.7080502011022096,2.7080502011022096,0,0,0,0,0,1,0,0,0,0,0.0
7103_2008,-0.0959921524663677,0.0,0.11888079222720478,0.0,0.35150411061285497,0.0,1.3806101238399158,0.0,0.05671040566720713,0.0,-15.12848667595882,0.0,-0.5707883879894315,0.0,0.16551443847757333,0.0,0,0,0,0,0,0,1,0,0,0,0.0
7103_2009,0.0,0.0,0.0,0.0,0.0,0.0,0.0,0.0,0.0,0.0,0.0,0.0,0.0,0.0,0.0,0.0,0,0,0,0,0,0,1,0,0,0,0.0
7103_2010,0.0,0.0,0.0,0.0,0.0,0.0,0.0,0.0,0.0,0.0,0.0,0.0,0.0,0.0,0.0,0.0,0,0,0,0,0,0,1,0,0,0,0.0
7113_2008,0.04281815160811085,0.04048889897644383,0.2544797733299328,0.2990159303911331,0.051175449200121584,0.0599797429657441,2.126844497470901,1.9104659728759836,0.07794788182009063,0.08745972602147452,-8.821171381792793,-8.883111937614139,-0.16968691902735594,-0.08205878511999154,2.7080502011022096,2.7080502011022096,0,1,0,0,0,0,0,0,0,0,0.0
7113_2009,0.04048889897644383,0.0472122897960551,0.2990159303911331,0.2959804264792557,0.0599797429657441,0.09227411815187322,1.9104659728759836,1.7650963455230422,0.08745972602147452,0.15225753174220302,-8.883111937614139,-8.813402502646047,-0.08205878511999154,0.17877479044412584,2.7080502011022096,2.7080502011022096,0,1,0,0,0,0,0,0,0,0,0.0
7113_2010,0.0472122897960551,0.03220959858164218,0.2959804264792557,0.2903810927148348,0.09227411815187322,0.08642693064555299,1.7650963455230422,1.528869731874136,0.15225753174220302,0.117151483727335,-8.813402502646047,-8.821236901279029,0.17877479044412584,0.0641290053941761,2.7080502011022096,2.7080502011022096,0,1,0,0,0,0,0,0,0,0,0.0
7119_2008,0.026600700356603592,0.018755694749588797,0.4634401002345231,0.7958055087704075,0.08956854178044785,0.17740007809942293,1.6335263394691026,0.5560066504272513,0.06849001237183255,0.1284575488477113,-12.850757049462716,-14.032713142938054,-0.14915585453408506,-1.1660644588519884,1.8946168546677629,0.7227059828014898,0,0,0,0,1,0,0,0,0,0,0.0
7119_2009,0.018755694749588797,0.010790488082957813,0.7958055087704075,0.8880775286389054,0.17740007809942293,0.2338165300323941,0.5560066504272513,0.2711019640590993,0.1284575488477113,0.2299015016699981,-14.032713142938054,-14.212448167394689,-1.1660644588519884,-0.1728584944155976,0.7227059828014898,0.04879016416943205,0,0,0,0,1,0,0,0,0,0,0.0
7119_2010,0.010790488082957813,-0.003656072483581706,0.8880775286389054,0.7363874503367281,0.2338165300323941,0.1921966189108404,0.2711019640590993,0.7202936586335288,0.2299015016699981,0.245401524264223,-14.212448167394689,-13.504051762546242,-0.1728584944155976,0.3213751392582109,0.04879016416943205,1.0818051703517284,0,0,0,0,1,0,0,0,0,0,0.0
7135_2008,0.042872223701529856,0.10472549563481423,0.35116622948404896,0.3854746754907336,0.16243930904373147,0.3949307999083455,0.7638773554135743,0.792369990494206,0.1255719828515728,0.09188516066406516,-11.147075980819446,-11.296730512770381,-0.034990762339258866,-0.06100638825826546,2.7080502011022096,2.7080502011022096,0,0,0,0,0,0,0,0,0,0,0.0
7135_2009,0.10472549563481423,-0.013619993506026754,0.3854746754907336,0.7752077286543677,0.3949307999083455,0.3800172346414641,0.792369990494206,0.2466758623790977,0.09188516066406516,0.16964197518096336,-11.296730512770381,-11.532508838240553,-0.06100638825826546,-0.4115718502684865,2.7080502011022096,2.0881534822818573,0,0,0,0,0,0,0,0,0,0,0.0
7135_2010,-0.013619993506026754,0.026661752588057436,0.7752077286543677,0.5436168645754303,0.3800172346414641,0.309383568693457,0.2466758623790977,0.6255028597701118,0.16964197518096336,0.1953492399288799,-11.532508838240553,-11.25330086009165,-0.4115718502684865,0.5887799539687678,2.0881534822818573,2.643333886382519,0,0,0,0,0,0,0,0,0,0,0.0
7177_2008,-0.04414901532814128,-0.06915388059464041,0.11803306569912055,0.15646697591119935,0.06813924538017994,0.1160007909144835,3.2151040684472525,2.6145943807833456,0.17114241979387212,0.1059520733368534,-11.494448764182438,-12.137057009556608,-0.3446133272825166,-0.6087629510515447,0.5933268452777344,-0.18632957819149348,0,0,0,0,0,1,0,0,0,0,0.0
7177_2009,-0.06915388059464041,0.003132791340728297,0.15646697591119935,0.33232414105363456,0.1160007909144835,0.3234341067584358,2.6145943807833456,1.1685202307905096,0.1059520733368534,0.6895248471552651,-12.137057009556608,-12.53454434983956,-0.6087629510515447,1.8183340463542583,-0.18632957819149348,1.2237754316221157,0,0,0,0,0,1,0,0,0,0,0.0
7177_2010,0.003132791340728297,-0.20440291532181776,0.33232414105363456,0.3333107426954584,0.3234341067584358,0.4110084178364381,1.1685202307905096,1.3530874216410085,0.6895248471552651,0.1878038555260304,-12.53454434983956,-12.608853087808082,1.8183340463542583,-0.316696681568047,1.2237754316221157,1.3762440252663892,0,0,0,0,0,1,0,0,0,0,0.0
7195_2008,0.01668421698713745,0.01438268612125907,0.3077717097497545,0.31658411699687083,0.006945238601721618,0.006469535392834004,3.6821157064449017,3.429427487762023,0.10048670838657503,0.06100447467933062,-8.432829558280693,-8.32835465753604,-0.16349342420045931,0.0518098070349584,2.7080502011022096,2.7080502011022096,0,0,1,0,0,0,0,0,0,0,0.0
7195_2009,0.01438268612125907,0.0026270289024246628,0.31658411699687083,0.4973048039067461,0.006469535392834004,0.04352765289916378,3.429427487762023,2.3843307707964305,0.06100447467933062,0.19028824735530872,-8.32835465753604,-8.48347669461819,0.0518098070349584,0.11500363385397296,2.7080502011022096,2.7080502011022096,0,0,1,0,0,0,0,0,0,0,0.0
7195_2010,0.0026270289024246628,-0.013126591141231344,0.4973048039067461,0.5503675290814115,0.04352765289916378,0.08562484716667043,2.3843307707964305,1.9672136648363725,0.19028824735530872,0.1820072360627168,-8.48347669461819,-8.891185368927756,0.11500363385397296,-0.150418043846032,2.7080502011022096,2.677590993617501,0,0,1,0,0,0,0,0,0,0,0.0
7232_2008,0.025101787087849308,0.02602535372295782,0.07857326812467888,0.0797995202471632,0.05466115032542398,0.055624970508582866,4.7262537614692475,4.629683673913672,0.19761310965378795,0.060435393725529224,-7.296431612737098,-7.209438455145791,-0.7015585513857797,0.028593008679242388,2.7080502011022096,2.7080502011022096,0,1,0,0,0,0,0,0,0,0,0.0
7232_2009,0.02602535372295782,0.03874420702901267,0.0797995202471632,0.092276814818782,0.055624970508582866,0.09546411773047198,4.629683673913672,3.6446015015413065,0.060435393725529224,0.09607795263304623,-7.209438455145791,-7.015145624191068,0.028593008679242388,0.06856246096196611,2.7080502011022096,2.7080502011022096,0,1,0,0,0,0,0,0,0,0,0.0
7232_2010,0.03874420702901267,0.02953069809231791,0.092276814818782,0.09372136842159742,0.09546411773047198,0.11390814289235275,3.6446015015413065,3.4531124656294048,0.09607795263304623,0.0953921369304522,-7.015145624191068,-7.205366550438086,0.06856246096196611,-0.07333673708748081,2.7080502011022096,2.7080502011022096,0,1,0,0,0,0,0,0,0,0,0.0
7257_2008,0.0,0.0,0.0,0.0,0.0,0.0,0.0,0.0,0.0,0.0,0.0,0.0,0.0,0.0,0.0,0.0,0,0,0,0,0,0,0,0,0,1,0.0
7257_2009,0.0,0.0,0.0,0.0,0.0,0.0,0.0,0.0,0.0,0.0,0.0,0.0,0.0,0.0,0.0,0.0,0,0,0,0,0,0,0,0,0,1,0.0
7257_2010,0.0,0.0,0.0,0.0,0.0,0.0,0.0,0.0,0.0,0.0,0.0,0.0,0.0,0.0,0.0,0.0,0,0,0,0,0,0,0,0,0,1,0.0
7267_2008,0.0,0.0,0.0,0.0,0.0,0.0,0.0,0.0,0.0,0.0,0.0,0.0,0.0,0.0,0.0,0.0,0,0,0,0,1,0,0,0,0,0,0.0
7267_2009,0.0,0.0,0.0,0.0,0.0,0.0,0.0,0.0,0.0,0.0,0.0,0.0,0.0,0.0,0.0,0.0,0,0,0,0,1,0,0,0,0,0,0.0
7267_2010,0.0,0.0,0.0,0.0,0.0,0.0,0.0,0.0,0.0,0.0,0.0,0.0,0.0,0.0,0.0,0.0,0,0,0,0,1,0,0,0,0,0,0.0
727_2008,0.03522177366539722,0.032151969930464985,0.25853006054250915,0.4004462103217518,0.010233577567798698,0.11696173628170813,2.1026093773010084,1.6661932555314325,0.050944960498036526,0.09879255176909567,-8.902169142048168,-9.16687372367254,-0.11559452813471635,-0.06621568845596919,2.7080502011022096,2.7080502011022096,0,0,0,0,0,0,1,0,0,0,0.0
727_2009,0.032151969930464985,0.03520482729869591,0.4004462103217518,0.4156546664300046,0.11696173628170813,0.05086855234993691,1.6661932555314325,1.4340859766538088,0.09879255176909567,0.08661597305781918,-9.16687372367254,-8.66990888752626,-0.06621568845596919,0.4540379537700566,2.7080502011022096,2.7080502011022096,0,0,0,0,0,0,1,0,0,0,0.0
727_2010,0.03520482729869591,0.0416503483789037,0.4156546664300046,0.4415735211967033,0.05086855234993691,0.09094677244261497,1.4340859766538088,1.252577714806436,0.08661597305781918,0.07185681461070237,-8.66990888752626,-8.818044601544514,0.4540379537700566,-0.2179319162355801,2.7080502011022096,2.7080502011022096,0,0,0,0,0,0,1,0,0,0,0.0
7301_2008,0.03668406684648212,0.041131289894126434,0.31369708469815033,0.3861986628693851,0.00031166900358883733,0.004936530666378298,2.700651281768528,2.2369994653894927,0.11420934193198755,0.09459409108674703,-9.714951987675374,-9.919956149477835,-0.1630596908669084,-0.19051355848682555,2.7080502011022096,2.7080502011022096,0,1,0,0,0,0,0,0,0,0,0.0
7301_2009,0.041131289894126434,0.03957964351424662,0.3861986628693851,0.5135402071889251,0.004936530666378298,0.0012727654513245506,2.2369994653894927,1.8379647298937936,0.09459409108674703,0.14371146220923398,-9.919956149477835,-9.648885885309175,-0.19051355848682555,0.33370115778310955,2.7080502011022096,2.7080502011022096,0,1,0,0,0,0,0,0,0,0,0.0
7301_2010,0.03957964351424662,0.0325891627758515,0.5135402071889251,0.4796919397539086,0.0012727654513245506,0.0011607902840190766,1.8379647298937936,1.810470437119816,0.14371146220923398,0.14114757359259678,-9.648885885309175,-9.834076565845647,0.33370115778310955,-0.23251521148830745,2.7080502011022096,2.7080502011022096,0,1,0,0,0,0,0,0,0,0,0.0
7329_2008,0.30735708879619605,0.04513354508442756,0.33247239861390643,0.12136121025573855,0.3526325256837983,0.2039741532684982,1.1162619376932859,2.502815728906518,0.21119863636274167,0.19112538715867805,-12.76872053741466,-12.984153352060929,0.535312866015648,-0.20455251402960986,2.4203681286504293,2.214846178686039,0,0,0,0,0,0,1,0,0,0,0.0
7329_2009,0.04513354508442756,-0.03649119592642214,0.12136121025573855,0.37445463602322304,0.2039741532684982,0.5475969631385481,2.502815728906518,0.7599146979162755,0.19112538715867805,0.20874447431263848,-12.984153352060929,-14.139393900172234,-0.20455251402960986,-1.108811117536161,2.214846178686039,0.5653138090500605,0,0,0,0,0,0,1,0,0,0,0.0
7329_2010,-0.03649119592642214,-0.14607977174106876,0.37445463602322304,0.3837751887297152,0.5475969631385481,0.5967276942281401,0.7599146979162755,0.4433327952086231,0.20874447431263848,0.11908188865488745,-14.139393900172234,-13.766790638401229,-1.108811117536161,0.35997295709615795,0.5653138090500605,1.1724821372345648,0,0,0,0,0,0,1,0,0,0,0.0
7337_2008,0.02562543588276318,0.03109220441612137,0.3514064483825396,0.30950051341456225,0.042595804796051566,0.09091747711562337,0.9671458398329692,1.1332139890435886,0.035107007056820946,0.030682937498059906,-12.601929023318839,-12.536899142098337,0.08769741282462509,0.045348081662399266,2.7080502011022096,2.7080502011022096,0,0,0,0,0,0,0,0,0,1,0.0
7337_2009,0.03109220441612137,-0.001399618788040626,0.30950051341456225,0.32833951805232,0.09091747711562337,0.028066039907551497,1.1332139890435886,0.9314468500794902,0.030682937498059906,0.23444781008690965,-12.536899142098337,-13.671067875306726,0.045348081662399266,-1.0941891361598413,2.7080502011022096,1.5040773967762742,0,0,0,0,0,0,0,0,0,1,0.0
7337_2010,-0.001399618788040626,0.016562239845769617,0.32833951805232,0.337839022039171,0.028066039907551497,0.015423038163256363,0.9314468500794902,0.7694775190364538,0.23444781008690965,0.21335106475504886,-13.671067875306726,-12.807020653052115,-1.0941891361598413,0.520923189505748,1.5040773967762742,2.602689685444384,0,0,0,0,0,0,0,0,0,1,0.0
7343_2008,-0.054353744783047664,-0.016726733646058402,0.10086312567604416,0.14001982427691384,0.029666106861853225,0.047267423409167,2.0276374054829795,1.5252871573494662,0.2062869381068373,0.2321458460120172,-11.6392996648088,-11.99920832194286,0.4286527122168939,-0.8824866712526187,1.0818051703517284,0.7030975114131134,0,0,0,0,1,0,0,0,0,0,0.0
7343_2009,-0.016726733646058402,0.07493845447179227,0.14001982427691384,0.11866975641561595,0.047267423409167,0.2256583350106748,1.5252871573494662,0.790755439041629,0.2321458460120172,0.2602484965928451,-11.99920832194286,-11.939676915412516,-0.8824866712526187,-0.29914432536660435,0.7030975114131134,0.12221763272424913,0,0,0,0,1,0,0,0,0,0,0.0
7343_2010,0.07493845447179227,-0.025713692149092374,0.11866975641561595,0.09280709112550974,0.2256583350106748,0.21229475103579928,0.790755439041629,1.0421905543436478,0.2602484965928451,0.18730356312016888,-11.939676915412516,-11.870476680157864,-0.29914432536660435,-0.07683653874835755,0.12221763272424913,0.41871033485818493,0,0,0,0,1,0,0,0,0,0,0.0
7378_2008,0.015626865499193142,0.02550766794926082,0.3422504997130742,0.3106762155494597,0.01180439747505286,0.01505974188559751,2.044199787780692,2.1187548453176546,0.07812297736737457,0.04694611411537087,-12.049977047992554,-12.074201239751694,-0.3229797840622528,-0.037218429189169566,2.0438143640366846,2.0373035774845243,0,0,0,0,0,0,1,0,0,0,0.0
7378_2009,0.02550766794926082,0.005746179888370391,0.3106762155494597,0.6852045017842437,0.01505974188559751,0.018245036142373505,2.1187548453176546,0.6665194294947053,0.04694611411537087,0.06458673080463019,-12.074201239751694,-11.571538177623205,-0.037218429189169566,0.5239046132951147,2.0373035774845243,2.081938421878423,0,0,0,0,0,0,1,0,0,0,0.0
7378_2010,0.005746179888370391,0.011798432565682122,0.6852045017842437,0.5033914217864333,0.018245036142373505,0.006815477535282334,0.6665194294947053,1.378406945964759,0.06458673080463019,0.33209097715671165,-11.571538177623205,-12.468610260595572,0.5239046132951147,-0.1756180833081415,2.081938421878423,1.5173226235262949,0,0,0,0,0,0,1,0,0,0,0.0
737_2008,0.07023546201046328,0.15755840651461225,0.3965019459606945,0.23226794837397186,0.1044871293745794,0.09841681093343974,1.8348093366862837,2.297266788910985,0.07693847730998322,0.1040684408891923,-11.16055214492834,-10.032742970965149,0.11288145227151004,0.8294504746995766,2.149433913499871,2.7080502011022096,0,0,0,1,0,0,0,0,0,0,0.0
737_2009,0.15755840651461225,0.09583233030836674,0.23226794837397186,0.3011618374203914,0.09841681093343974,0.09890378663070283,2.297266788910985,1.6247362918789598,0.1040684408891923,0.15349502156165298,-10.032742970965149,-9.456486728343224,0.8294504746995766,0.4156858387026297,2.7080502011022096,2.7080502011022096,0,0,0,1,0,0,0,0,0,0,0.0
737_2010,0.09583233030836674,0.06610034567138877,0.3011618374203914,0.2478682558116416,0.09890378663070283,0.1939991493684782,1.6247362918789598,1.849306924344052,0.15349502156165298,0.11828796993839125,-9.456486728343224,-9.51839701539942,0.4156858387026297,-0.0667807609443366,2.7080502011022096,2.7080502011022096,0,0,0,1,0,0,0,0,0,0,0.0
7407_2008,0.002533303655007495,0.003463282527488521,0.8813419904531822,0.9298399915529696,0.02596744878614887,0.02843681421384115,1.2535112202400525,0.7031556115109149,0.047095306933820726,0.05209371611567591,-11.665953940672932,-12.251798519666456,-0.02591759228246993,-0.5541580802596249,1.5953389880545987,1.0188473201992472,0,0,0,0,0,1,0,0,0,0,0.0
7407_2009,0.003463282527488521,0.006150334081815632,0.9298399915529696,0.9530584040591982,0.02843681421384115,0.02182146123854934,0.7031556115109149,0.4792784429625858,0.05209371611567591,0.07739882074773076,-12.251798519666456,-12.137479479124336,-0.5541580802596249,-0.05168105047298705,1.0188473201992472,0.688134638736401,0,0,0,0,0,1,0,0,0,0,0.0
7407_2010,0.006150334081815632,-0.005449711410226107,0.9530584040591982,0.9605430874001224,0.02182146123854934,0.025096505538164848,0.4792784429625858,0.434479536528354,0.07739882074773076,0.10150227845600818,-12.137479479124336,-12.542869445441518,-0.05168105047298705,-0.38818835528604334,0.688134638736401,0.5128236264286637,0,0,0,0,0,1,0,0,0,0,0.0
7428_2008,0.026859787310958148,0.0,0.2672180895148405,0.0,0.00922155369151902,0.0,2.349636196266724,0.0,0.02008767169668937,0.0,-11.296138104690394,0.0,-0.12807944506143826,0.0,2.7080502011022096,0.0,0,0,0,0,0,0,0,0,0,1,0.0
7428_2009,0.0,0.0,0.0,0.0,0.0,0.0,0.0,0.0,0.0,0.0,0.0,0.0,0.0,0.0,0.0,0.0,0,0,0,0,0,0,0,0,0,1,0.0
7428_2010,0.0,0.0,0.0,0.0,0.0,0.0,0.0,0.0,0.0,0.0,0.0,0.0,0.0,0.0,0.0,0.0,0,0,0,0,0,0,0,0,0,1,0.0
7459_2008,0.03405922905356234,0.04700461725570725,0.14011376815387802,0.13012471632513387,0.007833882082388291,0.02426314626826661,1.971551946564712,1.953637526363146,0.1161874338467846,0.10732522488111,-10.304447500975918,-10.397981170326439,0.21386358472227285,-0.06471130840679343,2.7080502011022096,2.7080502011022096,0,1,0,0,0,0,0,0,0,0,0.0
7459_2009,0.04700461725570725,-0.06204640926853903,0.13012471632513387,0.16654762708624396,0.02426314626826661,0.03324865830821773,1.953637526363146,1.1546277085827599,0.10732522488111,0.14586335769239725,-10.397981170326439,-10.877793055656799,-0.06471130840679343,-0.16060258889737328,2.7080502011022096,1.9271641062342582,0,1,0,0,0,0,0,0,0,0,0.0
7459_2010,-0.06204640926853903,-0.09563940223591147,0.16654762708624396,0.16145476842345424,0.03324865830821773,0.099717659137577,1.1546277085827599,0.9103948700641242,0.14586335769239725,0.2115499640148816,-10.877793055656799,-10.866778675168826,-0.16060258889737328,0.2525046560455513,1.9271641062342582,2.064327903869788,0,1,0,0,0,0,0,0,0,0,0.0
7460_2008,0.009662177831889005,0.009810432046263931,0.8432640124256429,0.8677502843447592,0.05525348089440665,0.03952499723902314,1.6053189389231228,1.307674116577988,0.04637046713648987,0.09472702296997808,-10.259562701302745,-10.459914811035153,0.0017458968643926515,-0.16538826987016006,2.7080502011022096,2.7080502011022096,0,0,0,0,0,1,0,0,0,0,0.0
7460_2009,0.009810432046263931,0.008835268922635977,0.8677502843447592,0.8649163553501166,0.03952499723902314,0.04581338106239069,1.307674116577988,1.366625736279449,0.09472702296997808,0.10916018790808443,-10.459914811035153,-9.856620097536004,-0.16538826987016006,0.4589509941632072,2.7080502011022096,2.7080502011022096,0,0,0,0,0,1,0,0,0,0,0.0
7460_2010,0.008835268922635977,0.007884806881031244,0.8649163553501166,0.8513699202968315,0.04581338106239069,0.11058902979093344,1.366625736279449,1.2451752763481279,0.10916018790808443,0.08806199985970269,-9.856620097536004,-9.939311747544796,0.4589509941632072,-0.17603113283010505,2.7080502011022096,2.7080502011022096,0,0,0,0,0,1,0,0,0,0,0.0
7506_2008,0.046402939184409006,0.05433909490718013,0.24714535655661266,0.31800149784344084,0.14069155489826254,0.06994179166801935,2.8587189867776632,3.0438631451055493,0.09579365318992736,0.046671210190507184,-6.2894041164424745,-6.3716284745261405,-0.13447734339142775,0.026706798750774804,2.7080502011022096,2.7080502011022096,0,0,1,0,0,0,0,0,0,0,0.0
7506_2009,0.05433909490718013,0.044395513673554834,0.31800149784344084,0.4722832810536692,0.06994179166801935,0.0440856745950754,3.0438631451055493,2.219793726171024,0.046671210190507184,0.17664220372417813,-6.3716284745261405,-6.5183063872842775,0.026706798750774804,-0.12996424434960913,2.7080502011022096,2.7080502011022096,0,0,1,0,0,0,0,0,0,0,0.0
7506_2010,0.044395513673554834,0.04946525783953445,0.4722832810536692,0.4258444141113451,0.0440856745950754,0.09006658185209081,2.219793726171024,2.1182536319791883,0.17664220372417813,0.1007491810207638,-6.5183063872842775,-6.403558093432983,-0.12996424434960913,0.04567294482423096,2.7080502011022096,2.7080502011022096,0,0,1,0,0,0,0,0,0,0,0.0
7557_2008,0.046276131104815585,0.0572028528496995,0.1586959686677343,0.1355034561645219,0.010120992474814614,0.0808596063882153,2.3422030165538703,2.0978369428035784,0.15415661348490287,0.1303388692327793,-10.028180579523053,-9.971707145076671,-0.4748829244104894,-0.02749658854073292,2.7080502011022096,2.7080502011022096,0,0,1,0,0,0,0,0,0,0,0.0
7557_2009,0.0572028528496995,0.037576420619087454,0.1355034561645219,0.1688654353562005,0.0808596063882153,0.02796833773087071,2.0978369428035784,0.9979901105091488,0.1303388692327793,0.15086768783777113,-9.971707145076671,-10.322743053537558,-0.02749658854073292,-0.3944218505102898,2.7080502011022096,2.4849066497880004,0,0,1,0,0,0,0,0,0,0,0.0
7557_2010,0.037576420619087454,-0.04834508578725228,0.1688654353562005,0.08833686111294799,0.02796833773087071,0.13136967559368098,0.9979901105091488,1.7112170648268703,0.15086768783777113,0.27213237966866016,-10.322743053537558,-9.996167215691203,-0.3944218505102898,0.5769342198700625,2.4849066497880004,2.7080502011022096,0,0,1,0,0,0,0,0,0,0,0.0
7585_2008,0.005155068800625707,0.00482692620635966,0.8798255220484299,0.898183321320111,0.02568132737951057,0.04254709160566519,0.98430973828279,0.9172296755387688,0.03432238633702875,0.014335971613722775,-11.62529166729277,-11.643434151627504,-0.12774571420767925,-0.02567478741192887,2.7080502011022096,2.7080502011022096,0,0,0,0,0,1,0,0,0,0,0.0
7585_2009,0.00482692620635966,-0.08771960639963956,0.898183321320111,0.9636038009304504,0.04254709160566519,0.11240031713209307,0.9172296755387688,0.5290110557818509,0.014335971613722775,0.1351705431437364,-11.643434151627504,-12.375103281762247,-0.02567478741192887,-0.7890726289682641,2.7080502011022096,1.5475625087160132,0,0,0,0,0,1,0,0,0,0,0.0
7585_2010,-0.08771960639963956,-0.002583236663954153,0.9636038009304504,0.9511470471111728,0.11240031713209307,0.07018254641573027,0.5290110557818509,0.5228806617916854,0.1351705431437364,0.14420253293985874,-12.375103281762247,-12.365471387663705,-0.7890726289682641,-0.07146695705614631,1.5475625087160132,1.791759469228055,0,0,0,0,0,1,0,0,0,0,0.0
7623_2008,0.026858413052539762,0.034109299141043194,0.06327534314241763,0.09369044997079357,0.0721199845135336,0.09090386769958536,5.017054732253713,4.608062709966405,0.07213117105070659,0.07580578990107176,-7.21538916162908,-7.021046345658612,-0.10823894873635408,0.1124375203706994,2.7080502011022096,2.7080502011022096,0,0,0,0,0,0,1,0,0,0,0.0
7623_2009,0.034109299141043194,0.03779004632409262,0.09369044997079357,0.2284692343123247,0.09090386769958536,0.2019379871926322,4.608062709966405,2.411379342629873,0.07580578990107176,0.19980162311777094,-7.021046345658612,-7.476370340561188,0.1124375203706994,-0.31894136122044353,2.7080502011022096,2.7080502011022096,0,0,0,0,0,0,1,0,0,0,0.0
7623_2010,0.03779004632409262,0.009035986439165457,0.2284692343123247,0.1516955171692311,0.2019379871926322,0.15588634536256818,2.411379342629873,2.9107828855292035,0.19980162311777094,0.15384029673637514,-7.476370340561188,-7.438821715377451,-0.31894136122044353,0.13145663351358167,2.7080502011022096,2.7080502011022096,0,0,0,0,0,0,1,0,0,0,0.0
7676_2008,0.013432155519769805,0.012282724474466471,0.7861941187313394,0.8234347519097378,0.06549707478793071,0.08595558964212295,2.14446945421085,1.9382265702562669,0.027704579357657463,0.03134902565790978,-11.04912303852824,-11.094676095237157,0.00344060444565572,-0.06673400837868312,2.7080502011022096,2.7080502011022096,0,0,0,0,0,1,0,0,0,0,0.0
7676_2009,0.012282724474466471,0.007571253820742913,0.8234347519097378,0.8597802168537003,0.08595558964212295,0.05601103965940482,1.9382265702562669,1.7193987910589257,0.03134902565790978,0.1315908349484222,-11.094676095237157,-10.72470926946058,-0.06673400837868312,0.4418304102514273,2.7080502011022096,2.7080502011022096,0,0,0,0,0,1,0,0,0,0,0.0
7676_2010,0.007571253820742913,0.008147884297047726,0.8597802168537003,0.8945450005277168,0.05601103965940482,0.06251966129330894,1.7193987910589257,1.2512758228747731,0.1315908349484222,0.09594287894576953,-10.72470926946058,-11.214569679603,0.4418304102514273,-0.5047494754673123,2.7080502011022096,2.7080502011022096,0,0,0,0,0,1,0,0,0,0,0.0
7684_2008,0.04052560621449204,0.04916611536667536,0.24297871071502236,0.26380151889472664,0.062496417191857286,0.049660882232415215,3.5535080239732757,3.0913238117030706,0.06950955464470528,0.05478062914895477,-8.041965796500822,-8.207995438251507,-0.07734762087673022,-0.25339820863202955,2.7080502011022096,2.7080502011022096,0,0,1,0,0,0,0,0,0,0,0.0
7684_2009,0.04916611536667536,0.0598239840155476,0.26380151889472664,0.2662029304607417,0.049660882232415215,0.0630972132836152,3.0913238117030706,2.9468038071864093,0.05478062914895477,0.10910024980782357,-8.207995438251507,-7.604861420002075,-0.25339820863202955,0.43990695180087,2.7080502011022096,2.7080502011022096,0,0,1,0,0,0,0,0,0,0,0.0
7684_2010,0.0598239840155476,0.0610070811187757,0.2662029304607417,0.222025061354034,0.0630972132836152,0.10611095961966906,2.9468038071864093,3.515260401627069,0.10910024980782357,0.07416674054405421,-7.604861420002075,-7.537135756640199,0.43990695180087,0.07606235481870616,2.7080502011022096,2.7080502011022096,0,0,1,0,0,0,0,0,0,0,0.0
7720_2008,0.008854164263880495,0.003186047713502419,0.8457978879872887,0.9338131426237012,0.0195046014694078,0.024391091740455086,1.9927772083338835,0.9041406511984414,0.03548166397479638,0.11005592920064328,-9.999384851106496,-10.998879164033893,-0.19316213692441947,-0.8598956864140367,2.7080502011022096,2.2512917986064958,0,0,0,0,0,1,0,0,0,0,0.0
7720_2009,0.003186047713502419,-0.03260812879556321,0.9338131426237012,0.9823163226124412,0.024391091740455086,0.0205277106841069,0.9041406511984414,0.4186124925389424,0.11005592920064328,0.31338995752192617,-10.998879164033893,-11.97004967419478,-0.8598956864140367,-1.4430132056228349,2.2512917986064958,0.7701082216960737,0,0,0,0,0,1,0,0,0,0,0.0
7720_2010,-0.03260812879556321,-0.03140729515161129,0.9823163226124412,0.9939776954493832,0.0205277106841069,0.10050668616817178,0.4186124925389424,0.4509706965101637,0.31338995752192617,0.3278089094211955,-11.97004967419478,-13.260068321443546,-1.4430132056228349,-1.0889340980655535,0.7701082216960737,-0.3285040669720361,0,0,0,0,0,1,0,0,0,0,0.0
7752_2008,0.0630188283932652,0.07208187556142362,0.1174731904382107,0.09403311676533348,0.005313666573045332,0.009626249440653337,2.6072628049972417,2.810509062019777,0.08619645022399118,0.23032196575625885,-7.117149069101466,-6.740983414146001,-0.15983753518842742,-0.2993718756587416,2.7080502011022096,2.7080502011022096,0,0,0,0,0,0,0,0,0,0,0.0
7752_2009,0.07208187556142362,0.2053553613556202,0.09403311676533348,0.2389133764503795,0.009626249440653337,0.06752818932335773,2.810509062019777,1.083362479207366,0.23032196575625885,0.1577028279645408,-6.740983414146001,-7.206005018425385,-0.2993718756587416,-0.26156008641725875,2.7080502011022096,2.7080502011022096,0,0,0,0,0,0,0,0,0,0,0.0
7752_2010,0.2053553613556202,0.13852260728772095,0.2389133764503795,0.1327314740179483,0.06752818932335773,0.061353516032703524,1.083362479207366,1.4677226495543825,0.1577028279645408,0.10960082259161424,-7.206005018425385,-6.8364935794259045,-0.26156008641725875,0.10815503120722753,2.7080502011022096,2.7080502011022096,0,0,0,0,0,0,0,0,0,0,0.0
7764_2008,0.012221956089703792,0.009343404863840265,0.8051990393335362,0.8277205202737674,0.0067336104380966285,0.015888484672827132,1.9021975552836776,1.7360975721289362,0.05218865633522675,0.1114512786487712,-10.518786792126935,-11.034832462634004,-0.05010359012337683,-0.41125155368503946,2.7080502011022096,2.7080502011022096,0,0,0,0,0,1,0,0,0,0,0.0
7764_2009,0.009343404863840265,0.005738341386003275,0.8277205202737674,0.8422009823205875,0.015888484672827132,0.013416829821942896,1.7360975721289362,1.5708543387356282,0.1114512786487712,0.20863071520853665,-11.034832462634004,-10.517619855760977,-0.41125155368503946,0.3418733843174581,2.7080502011022096,2.7080502011022096,0,0,0,0,0,1,0,0,0,0,0.0
7764_2010,0.005738341386003275,0.011692376687891977,0.8422009823205875,0.8706780266062972,0.013416829821942896,0.039528720161909635,1.5708543387356282,1.2140690172448063,0.20863071520853665,0.2342852771274146,-10.517619855760977,-10.899997704282555,0.3418733843174581,-0.18169998926281586,2.7080502011022096,2.7080502011022096,0,0,0,0,0,1,0,0,0,0,0.0
7765_2008,0.04311081502972863,0.02792397155575309,0.2192457699679787,0.5210252715796316,0.004617135588819031,0.007832460503515973,2.8030067417415814,2.682837100400816,0.10988594545413044,0.07802582100088218,-8.178468396559472,-8.207652376526593,-0.1232449983512694,-0.12781518370534078,2.7080502011022096,2.7080502011022096,0,1,0,0,0,0,0,0,0,0,0.0
7765_2009,0.02792397155575309,0.013988146518726052,0.5210252715796316,0.8272233532688235,0.007832460503515973,0.015558064602164412,2.682837100400816,0.7267892813455359,0.07802582100088218,0.24925009166870135,-8.207652376526593,-9.38148792192744,-0.12781518370534078,-1.218278069958364,2.7080502011022096,2.1849270495258133,0,1,0,0,0,0,0,0,0,0,0.0
7765_2010,0.013988146518726052,-0.15657326722639375,0.8272233532688235,0.6058450675886953,0.015558064602164412,0.07557923274197237,0.7267892813455359,3.7415129185431715,0.24925009166870135,0.2383414759392037,-9.38148792192744,-8.005104508771398,-1.218278069958364,1.3381774271594091,2.1849270495258133,2.7080502011022096,0,1,0,0,0,0,0,0,0,0,0.0
7784_2008,0.009530845112370472,0.009898111796490177,0.838475630569845,0.8605741709934026,0.0454798402231019,0.02408358996778943,1.867556637995939,1.5284537131152505,0.03806175799003456,0.033493964673083916,-8.699262425991238,-8.79895467700757,0.04688499240069488,-0.08728737766804902,2.7080502011022096,2.7080502011022096,0,0,0,0,0,1,0,0,0,0,0.0
7784_2009,0.009898111796490177,0.008490834980973664,0.8605741709934026,0.8631060580183575,0.02408358996778943,0.021478792325448963,1.5284537131152505,1.4815180672093704,0.033493964673083916,0.14122296476612034,-8.79895467700757,-8.305142628851756,-0.08728737766804902,0.3737825080928111,2.7080502011022096,2.7080502011022096,0,0,0,0,0,1,0,0,0,0,0.0
7784_2010,0.008490834980973664,0.005973511456312474,0.8631060580183575,0.8586400851219425,0.021478792325448963,0.02263253875211671,1.4815180672093704,1.4561727220126803,0.14122296476612034,0.0940774698716768,-8.305142628851756,-8.531305162106621,0.3737825080928111,-0.08056109370164469,2.7080502011022096,2.7080502011022096,0,0,0,0,0,1,0,0,0,0,0.0
7786_2008,0.035879371540951936,-0.0199009652751661,0.6887665711560033,0.8109643349630187,0.14200854063171167,0.07230422882453721,1.4211432504250805,1.4580714561980277,0.03562940786892691,0.06347133297639057,-13.438217449111288,-13.686925672768453,-0.09593318550762064,-0.1938732080156334,2.583997552432231,2.3504224224082058,0,0,0,0,0,0,0,0,0,1,0.0
7786_2009,-0.0199009652751661,0.0,0.8109643349630187,0.0,0.07230422882453721,0.0,1.4580714561980277,0.0,0.06347133297639057,0.0,-13.686925672768453,0.0,-0.1938732080156334,0.0,2.3504224224082058,0.0,0,0,0,0,0,0,0,0,0,1,0.0
7786_2010,0.0,0.0,0.0,0.0,0.0,0.0,0.0,0.0,0.0,0.0,0.0,0.0,0.0,0.0,0.0,0.0,0,0,0,0,0,0,0,0,0,1,0.0
7788_2008,0.010621251118757884,0.010414307469182142,0.8756805198078053,0.9084072949661502,0.02489989085740863,0.03235470835921892,1.5953491634807615,1.1794089743492957,0.06521282412311168,0.11853645630795555,-11.682574083366074,-11.935142488194966,0.09282815250862364,-0.6346665835005291,2.7080502011022096,2.7080502011022096,0,0,0,0,0,1,0,0,0,0,0.0
7788_2009,0.010414307469182142,0.006958220193754478,0.9084072949661502,0.9446390892799206,0.03235470835921892,0.030407781535185224,1.1794089743492957,0.6854215811821797,0.11853645630795555,0.08298790558235351,-11.935142488194966,-11.947419438608756,-0.6346665835005291,-0.0018248973954944625,2.7080502011022096,2.217027204632399,0,0,0,0,0,1,0,0,0,0,0.0
7788_2010,0.006958220193754478,0.0029855969519880995,0.9446390892799206,0.9719275048733522,0.030407781535185224,0.035512836172739114,0.6854215811821797,0.39160820583165307,0.08298790558235351,0.1486970030206953,-11.947419438608756,-12.799624133074055,-0.0018248973954944625,-0.7767499799606143,2.217027204632399,1.5993875765805992,0,0,0,0,0,1,0,0,0,0,0.0
779_2008,0.012797123672375984,0.011543993165884545,0.8026207390707103,0.8198628741638272,0.06719336891495874,0.07419560024491187,2.0713631356302558,1.8998525979175185,0.017986521003877983,0.0269302858220396,-8.230585525779379,-8.292226718107843,-0.14828759114002454,-0.10768801949871157,2.7080502011022096,2.7080502011022096,0,0,0,0,0,1,0,0,0,0,0.0
779_2009,0.011543993165884545,0.009779517561321588,0.8198628741638272,0.8271192017052207,0.07419560024491187,0.06735615181367349,1.8998525979175185,1.903036022541416,0.0269302858220396,0.05487102225471533,-8.292226718107843,-7.764028496035039,-0.10768801949871157,0.4097931824145403,2.7080502011022096,2.7080502011022096,0,0,0,0,0,1,0,0,0,0,0.0
779_2010,0.009779517561321588,0.008691859313809336,0.8271192017052207,0.8345770373409782,0.06735615181367349,0.023844920141720773,1.903036022541416,1.5948875502694366,0.05487102225471533,0.0901527578737774,-7.764028496035039,-8.03436455777417,0.4097931824145403,-0.1942582211328205,2.7080502011022096,2.7080502011022096,0,0,0,0,0,1,0,0,0,0,0.0
780_2008,0.0117634381763754,0.0,0.8017264156304605,0.0,0.01948612743065862,0.0,2.338828472079028,0.0,0.030989781454694918,0.0,-7.392851291157348,0.0,0.09737347551713647,0.0,2.7080502011022096,0.0,0,0,0,0,0,1,0,0,0,0,0.0
780_2009,0.0,0.0,0.0,0.0,0.0,0.0,0.0,0.0,0.0,0.0,0.0,0.0,0.0,0.0,0.0,0.0,0,0,0,0,0,1,0,0,0,0,0.0
780_2010,0.0,0.0,0.0,0.0,0.0,0.0,0.0,0.0,0.0,0.0,0.0,0.0,0.0,0.0,0.0,0.0,0,0,0,0,0,1,0,0,0,0,0.0
781_2008,0.016257682966588402,0.014027287583268004,0.7354999207272029,0.7882941432907369,0.0266286340658534,0.02051218788069112,2.3118407154390224,2.041039375894228,0.03309123658222407,0.044663392847160574,-7.1471432308197596,-7.390335062831743,0.0031083984740772203,-0.2991326510379573,2.7080502011022096,2.7080502011022096,0,0,0,0,0,1,0,0,0,0,0.0
781_2009,0.014027287583268004,-0.01678082965543385,0.7882941432907369,0.9210058199461504,0.02051218788069112,0.06135370015135931,2.041039375894228,0.9603580439393794,0.044663392847160574,0.1996460713655752,-7.390335062831743,-7.9599553354546595,-0.2991326510379573,-0.042239786684443725,2.7080502011022096,2.1162555148025524,0,0,0,0,0,1,0,0,0,0,0.0
781_2010,-0.01678082965543385,-0.046237631517133775,0.9210058199461504,0.9675705557568856,0.06135370015135931,0.08664308294101081,0.9603580439393794,0.5484251274794748,0.1996460713655752,0.2588523771789135,-7.9599553354546595,-9.218395948155472,-0.042239786684443725,-0.95510024697745,2.1162555148025524,0.7178397931503168,0,0,0,0,0,1,0,0,0,0,0.0
7850_2008,0.003108445444303749,0.0,0.9020676467499591,0.0,0.047931262395067134,0.0,0.7707006786488386,0.0,0.038807427609379185,0.0,-8.34119037116991,0.0,-0.3036521440418546,0.0,2.7080502011022096,0.0,0,0,0,0,0,1,0,0,0,0,0.0
7850_2009,0.0,0.0,0.0,0.0,0.0,0.0,0.0,0.0,0.0,0.0,0.0,0.0,0.0,0.0,0.0,0.0,0,0,0,0,0,1,0,0,0,0,0.0
7850_2010,0.0,0.0,0.0,0.0,0.0,0.0,0.0,0.0,0.0,0.0,0.0,0.0,0.0,0.0,0.0,0.0,0,0,0,0,0,1,0,0,0,0,0.0
7864_2008,0.042343598550872594,0.03883760615266692,0.15579541717412626,0.1487653836614631,0.03593811862818851,0.03324464360214243,2.572269287671553,2.987601081115359,0.07640004554255231,0.07698292488249557,-8.79945039560654,-8.687980567487276,-0.06060052727053938,0.11456957693388695,2.7080502011022096,2.7080502011022096,0,0,0,0,0,0,1,0,0,0,0.0
7864_2009,0.03883760615266692,0.04552549575404928,0.1487653836614631,0.183283561435482,0.03324464360214243,0.029075128556168832,2.987601081115359,2.5673142301248126,0.07698292488249557,0.05802054329685229,-8.687980567487276,-8.480250841587651,0.11456957693388695,0.1840605206303952,2.7080502011022096,2.7080502011022096,0,0,0,0,0,0,1,0,0,0,0.0
7864_2010,0.04552549575404928,0.04775043540744202,0.183283561435482,0.1964602839636909,0.029075128556168832,0.05522964804536157,2.5673142301248126,2.3529938688238743,0.05802054329685229,0.0683417758435643,-8.480250841587651,-8.533067800338557,0.1840605206303952,-0.03433175039388636,2.7080502011022096,2.7080502011022096,0,0,0,0,0,0,1,0,0,0,0.0
7869_2008,0.0,0.0,0.0,0.0,0.0,0.0,0.0,0.0,0.0,0.0,0.0,0.0,0.0,0.0,0.0,0.0,0,0,1,0,0,0,0,0,0,0,0.0
7869_2009,0.0,-0.0005868282976793442,0.0,0.8887969474010785,0.0,0.09299977527660537,0.0,0.2762193119393019,0.0,0.30855925698456377,0.0,-11.254049068759473,0.0,-0.5752922765245363,0.0,1.1410330045520618,0,0,1,0,0,0,0,0,0,0,0.0
7869_2010,-0.0005868282976793442,0.0,0.8887969474010785,0.0,0.09299977527660537,0.0,0.2762193119393019,0.0,0.30855925698456377,0.0,-11.254049068759473,0.0,-0.5752922765245363,0.0,1.1410330045520618,0.0,0,0,1,0,0,0,0,0,0,0,0.0
7871_2008,0.00811914539631953,0.008921563315154,0.8539243523375256,0.8775164893749238,0.049089338525648514,0.027211901741120332,1.4253298575702302,1.2022439805112537,0.05913274234775245,0.05589734855550956,-9.825012320369757,-9.990760212357658,-0.1162719807865158,-0.14835846378802153,2.7080502011022096,2.7080502011022096,0,0,0,0,0,1,0,0,0,0,0.0
7871_2009,0.008921563315154,0.008466923128060333,0.8775164893749238,0.853309008653236,0.027211901741120332,0.039395520665918164,1.2022439805112537,1.3968935152772453,0.05589734855550956,0.08872886078884812,-9.990760212357658,-9.19685529945906,-0.14835846378802153,0.5315514594102693,2.7080502011022096,2.7080502011022096,0,0,0,0,0,1,0,0,0,0,0.0
7871_2010,0.008466923128060333,0.00757611209538315,0.853309008653236,0.8842208477348622,0.039395520665918164,0.06615063676267036,1.3968935152772453,1.1063890294605374,0.08872886078884812,0.11710654592018906,-9.19685529945906,-9.661513393487699,0.5315514594102693,-0.22366303335524235,2.7080502011022096,2.7080502011022096,0,0,0,0,0,1,0,0,0,0,0.0
7882_2008,0.03687424509850447,0.028569573438589162,0.27703014375739715,0.28797038296102456,0.09469519656048456,0.08853736064901448,2.081392349845828,2.579988754366772,0.06046933179415565,0.03549554454263991,-6.277188569738902,-6.050394476536901,-0.047015561250734215,0.19988775513128176,2.7080502011022096,2.7080502011022096,0,0,0,1,0,0,0,0,0,0,0.0
7882_2009,0.028569573438589162,0.03174060025281426,0.28797038296102456,0.282297777109056,0.08853736064901448,0.08103909914889786,2.579988754366772,2.5958629356187632,0.03549554454263991,0.07366581647690416,-6.050394476536901,-5.844146373011802,0.19988775513128176,0.16239343445250526,2.7080502011022096,2.7080502011022096,0,0,0,1,0,0,0,0,0,0,0.0
7882_2010,0.03174060025281426,0.031846615906308426,0.282297777109056,0.3482307218116138,0.08103909914889786,0.10929312843721134,2.5958629356187632,1.9776100204759928,0.07366581647690416,0.07385591559210264,-5.844146373011802,-5.945153364348304,0.16239343445250526,-0.02361029248625507,2.7080502011022096,2.7080502011022096,0,0,0,1,0,0,0,0,0,0,0.0
7902_2008,0.031429418447784165,0.035155466335475005,0.02672506512245196,0.02880938299834155,0.043894462689594405,0.017780563120893194,5.995693250631738,5.2068431919515294,0.479551352698333,0.17397874129400612,-8.342032068421123,-8.044832442009785,-1.063188360892092,0.1338388726927071,2.7080502011022096,2.7080502011022096,0,0,0,1,0,0,0,0,0,0,0.0
7902_2009,0.035155466335475005,0.03220779753544998,0.02880938299834155,0.09704823072364868,0.017780563120893194,0.08524965634322962,5.2068431919515294,4.354366470775863,0.17397874129400612,0.1462001958315405,-8.044832442009785,-7.860372571935762,0.1338388726927071,0.2804303183231574,2.7080502011022096,2.7080502011022096,0,0,0,1,0,0,0,0,0,0,0.0
7902_2010,0.03220779753544998,0.057969861649018635,0.09704823072364868,0.05974770850510714,0.08524965634322962,0.09633202502395136,4.354366470775863,3.9137012102337674,0.1462001958315405,0.08932293443878565,-7.860372571935762,-7.983626226784371,0.2804303183231574,-0.16018399409871695,2.7080502011022096,2.7080502011022096,0,0,0,1,0,0,0,0,0,0,0.0
7911_2008,0.006089538571322447,0.00550447931663099,0.9306004892714635,0.9628090472863648,0.004839322723952283,0.03469494707819114,1.235911368892629,0.6997659655007101,0.06967864604057346,0.16691831064690904,-9.437580257767603,-10.878214934699733,-0.11002570859923773,-1.4029002413778675,2.7080502011022096,1.9315214116032136,0,0,0,0,0,1,0,0,0,0,1.0
7911_2009,0.00550447931663099,0.0,0.9628090472863648,0.0,0.03469494707819114,0.0,0.6997659655007101,0.0,0.16691831064690904,0.0,-10.878214934699733,0.0,-1.4029002413778675,0.0,1.9315214116032136,0.0,0,0,0,0,0,1,0,0,0,0,1.0
7911_2010,0.0,0.0,0.0,0.0,0.0,0.0,0.0,0.0,0.0,0.0,0.0,0.0,0.0,0.0,0.0,0.0,0,0,0,0,0,1,0,0,0,0,1.0
7914_2008,0.04892734757537811,0.0888762309866812,0.11591657231124546,0.09511867124809877,0.07190070560358726,0.09022170224652723,2.0863094527125488,2.787504147379729,0.0725370347005928,0.037533428607650535,-11.593667012905874,-11.48437279834557,0.09193044277129432,0.13881373680745554,2.7080502011022096,2.7080502011022096,0,0,1,0,0,0,0,0,0,0,0.0
7914_2009,0.0888762309866812,0.09943102880763986,0.09511867124809877,0.1927348947624157,0.09022170224652723,0.17448164914725567,2.787504147379729,1.4274656615609291,0.037533428607650535,0.21521598252123766,-11.48437279834557,-12.190117408271064,0.13881373680745554,-0.6005006913725628,2.7080502011022096,2.4362414778067194,0,0,1,0,0,0,0,0,0,0,0.0
7914_2010,0.09943102880763986,0.03948553917961983,0.1927348947624157,0.22245628709433415,0.17448164914725567,0.1754324821805208,1.4274656615609291,1.5751659042402135,0.21521598252123766,0.14799836219697296,-12.190117408271064,-12.190229537932847,-0.6005006913725628,0.02262314253358605,2.4362414778067194,2.670694414558441,0,0,1,0,0,0,0,0,0,0,0.0
7936_2008,0.02684246452147703,0.03685089898524649,0.02503801170570617,0.0295275473801509,0.05074230353729504,0.09028145342124036,5.248671483914489,4.045890519890839,0.17640015937647965,0.0780567537713523,-8.752595050884322,-8.596095276246924,-0.13269813148320914,0.057841517421245624,2.7080502011022096,2.7080502011022096,0,0,0,0,1,0,0,0,0,0,0.0
7936_2009,0.03685089898524649,0.06758965768135794,0.0295275473801509,0.05923133410502104,0.09028145342124036,0.1210683784683694,4.045890519890839,2.3451490926877128,0.0780567537713523,0.15644333662279578,-8.596095276246924,-8.342590356568566,0.057841517421245624,0.3386009684557159,2.7080502011022096,2.7080502011022096,0,0,0,0,1,0,0,0,0,0,0.0
7936_2010,0.06758965768135794,0.057477724362911674,0.05923133410502104,0.04434282233492928,0.1210683784683694,0.14104359691970125,2.3451490926877128,2.506438316807737,0.15644333662279578,0.16769617338853246,-8.342590356568566,-8.856614349174924,0.3386009684557159,-0.6108285293169998,2.7080502011022096,2.7080502011022096,0,0,0,0,1,0,0,0,0,0,0.0
7946_2008,0.0032690421706440013,-0.02891923443956268,0.5412948334496201,0.6013456889995495,0.01434475221148263,0.003778392439339847,2.2365250158795105,2.343795834555588,0.3142309963115337,0.10920183118836632,-14.118771370039642,-14.213515906060607,0.16812292226372388,-0.15928448693214234,0.7178397931503168,0.5306282510621704,0,0,0,1,0,0,0,0,0,0,1.0
7946_2009,-0.02891923443956268,-0.09737924855286892,0.6013456889995495,0.8801268523867348,0.003778392439339847,0.004951487214552658,2.343795834555588,17.12361064331425,0.10920183118836632,0.1883606819943844,-14.213515906060607,-15.166453000839065,-0.15928448693214234,-0.8396752086768668,0.5306282510621704,-0.916290731874155,0,0,0,1,0,0,0,0,0,0,1.0
7946_2010,-0.09737924855286892,0.0,0.8801268523867348,0.0,0.004951487214552658,0.0,17.12361064331425,0.0,0.1883606819943844,0.0,-15.166453000839065,0.0,-0.8396752086768668,0.0,-0.916290731874155,0.0,0,0,0,1,0,0,0,0,0,0,1.0
7976_2008,0.0451486440536093,0.043635794396485655,0.11947910269331208,0.11510381166382393,0.11746466064623425,0.07748098407739211,1.9534470271835518,1.9665259988278216,0.21370076044422345,0.05155678659818778,-9.717539173701542,-9.998205454486877,0.2077624026368736,-0.2943674702480838,2.7080502011022096,2.7080502011022096,0,0,0,1,0,0,0,0,0,0,0.0
7976_2009,0.043635794396485655,0.03836812030993105,0.11510381166382393,0.1259735869284428,0.07748098407739211,0.08349891740804292,1.9665259988278216,1.8233177075925817,0.05155678659818778,0.11062712894165336,-9.998205454486877,-9.387978061508507,-0.2943674702480838,0.7811095198884328,2.7080502011022096,2.7080502011022096,0,0,0,1,0,0,0,0,0,0,0.0
7976_2010,0.03836812030993105,0.0460495346836753,0.1259735869284428,0.10810471587497296,0.08349891740804292,0.1103485606009179,1.8233177075925817,2.059168024861404,0.11062712894165336,0.0935638938998668,-9.387978061508507,-9.512010113075991,0.7811095198884328,-0.16159038219796926,2.7080502011022096,2.7080502011022096,0,0,0,1,0,0,0,0,0,0,0.0
7978_2008,0.032246147350643864,0.011369882611609329,0.3414080641756386,0.2497006934875421,0.06385898247836183,0.008086923129051933,1.71953370445902,2.1445219940212934,0.10856501772710712,0.18680744727329893,-13.835352434681432,-12.419479676705908,0.13398585084535286,0.6333383884680397,0.9321640810304452,1.6582280766035324,0,0,1,0,0,0,0,0,0,0,0.0
7978_2009,0.011369882611609329,-0.2213681913279836,0.2497006934875421,0.5286219400098123,0.008086923129051933,0.0069080635429061244,2.1445219940212934,1.2851759431373182,0.18680744727329893,0.2267123455169092,-12.419479676705908,-13.059786602240202,0.6333383884680397,-0.5967290300664774,1.6582280766035324,0.5306282510621704,0,0,1,0,0,0,0,0,0,0,0.0
7978_2010,-0.2213681913279836,-0.009479188050185357,0.5286219400098123,0.5801323463707388,0.0069080635429061244,0.043682755122987936,1.2851759431373182,1.1050602578119042,0.2267123455169092,0.2016064043795586,-13.059786602240202,-13.481390215325794,-0.5967290300664774,-0.27156004158983515,0.5306282510621704,0.3435897043900769,0,0,1,0,0,0,0,0,0,0,0.0
7980_2008,0.08285281050152023,0.040700682457013714,0.2649757542152843,0.21258330980937354,0.16144970757782864,0.1295060562996999,1.6994572447365104,1.977071032439853,0.17113330747990546,0.1455826928824137,-9.351974244672991,-9.26319504389307,-0.2752048602245539,0.42969971771355,2.7080502011022096,2.7080502011022096,0,0,0,0,0,0,1,0,0,0,0.0
7980_2009,0.040700682457013714,0.06315537284517117,0.21258330980937354,0.3890055430578477,0.1295060562996999,0.12457094066259101,1.977071032439853,1.6025980395283586,0.1455826928824137,0.1334748433271164,-9.26319504389307,-9.37408148258188,0.42969971771355,0.13296573093391245,2.7080502011022096,2.7080502011022096,0,0,0,0,0,0,1,0,0,0,0.0
7980_2010,0.06315537284517117,0.030142747154813423,0.3890055430578477,0.3222197013078687,0.12457094066259101,0.16811672017085075,1.6025980395283586,1.7995280570624017,0.1334748433271164,0.1802926463073787,-9.37408148258188,-9.081557875079993,0.13296573093391245,0.3811198549517789,2.7080502011022096,2.7080502011022096,0,0,0,0,0,0,1,0,0,0,0.0
7992_2008,0.054300869157220766,0.061664327789220125,0.045100047491803366,0.055847172900013314,0.03238597675762587,0.008402557062187625,3.897770667164928,4.200217092344978,0.08490346044462115,0.07339241715042888,-11.862281880801012,-11.753739583241767,-0.051228343632170895,0.14911308501925488,2.6878474937846906,2.7080502011022096,0,0,0,1,0,0,0,0,0,0,0.0
7992_2009,0.061664327789220125,0.09745628355873973,0.055847172900013314,0.09431168715458572,0.008402557062187625,0.03286103242340942,4.200217092344978,2.248066049302815,0.07339241715042888,0.11758747418450904,-11.753739583241767,-12.417078335095058,0.14911308501925488,-0.3714997213076541,2.7080502011022096,1.6695918352538477,0,0,0,1,0,0,0,0,0,0,0.0
7992_2010,0.09745628355873973,0.0643195423610662,0.09431168715458572,0.07526105110349338,0.03286103242340942,0.06726602418989716,2.248066049302815,2.7965613617198843,0.11758747418450904,0.11922854479048195,-12.417078335095058,-12.22272459828154,-0.3714997213076541,-0.07303998024568495,1.6695918352538477,2.091851715923172,0,0,0,1,0,0,0,0,0,0,0.0
7_2008,0.027224517628051045,0.024161779156644376,0.09883772840229092,0.07474532081782292,0.13838103228737866,0.10633670883985424,4.228684733391359,5.058344310722375,0.10796553122379546,0.07692177397670823,-5.161445968715675,-4.303208782900115,0.011470982256000295,0.8204999020536802,2.7080502011022096,2.7080502011022096,0,0,0,0,0,0,1,0,0,0,0.0
7_2009,0.024161779156644376,0.040448791406680534,0.07474532081782292,0.15515132194097447,0.10633670883985424,0.20492157665486274,5.058344310722375,3.4787806813962834,0.07692177397670823,0.18291656099488024,-4.303208782900115,-4.637812526871048,0.8204999020536802,-0.04097221903009857,2.7080502011022096,2.7080502011022096,0,0,0,0,0,0,1,0,0,0,0.0
7_2010,0.040448791406680534,0.04508868868684958,0.15515132194097447,0.08684294975860607,0.20492157665486274,0.12847128006657418,3.4787806813962834,3.693568585439491,0.18291656099488024,0.05846414327435035,-4.637812526871048,-3.9508880362872247,-0.04097221903009857,0.5526380490983832,2.7080502011022096,2.7080502011022096,0,0,0,0,0,0,1,0,0,0,0.0
8037_2008,0.04591593460272173,0.043513089812834825,0.18812689480903774,0.2588429057500484,0.06255855450703801,0.01490856188160145,2.2688376312296703,2.0896177089167307,0.12290945213212053,0.11241321233721767,-9.891504348150177,-11.013933585556623,-0.4187380754733475,-1.2066380838874915,2.7080502011022096,1.623340817603092,0,0,1,0,0,0,0,0,0,0,0.0
8037_2009,0.043513089812834825,0.051643394842571,0.2588429057500484,0.3877885349383703,0.01490856188160145,0.030740964097902317,2.0896177089167307,0.7577726212573359,0.11241321233721767,0.3022992480962984,-11.013933585556623,-11.66256566077742,-1.2066380838874915,-0.8896187695406876,1.623340817603092,0.4885800148186709,0,0,1,0,0,0,0,0,0,0,0.0
8037_2010,0.051643394842571,-0.00019277218227310825,0.3877885349383703,0.3675289278756024,0.030740964097902317,0.025336398411031483,0.7577726212573359,0.6380477107630075,0.3022992480962984,0.3819038111005817,-11.66256566077742,-11.427655002006738,-0.8896187695406876,0.4855789455945754,0.4885800148186709,0.947789398933526,0,0,1,0,0,0,0,0,0,0,0.0
8045_2008,0.03674641688044759,0.0389161832394674,0.14905770459904535,0.17088299769505672,0.06035560283124523,0.07783941523518176,3.939333874797578,3.6209215917451383,0.0590370374582298,0.059146024421861725,-4.965003136930103,-4.709033626930384,0.2050708409423307,0.2575151999098128,2.7080502011022096,2.7080502011022096,0,0,0,0,0,0,1,0,0,0,0.0
8045_2009,0.0389161832394674,0.046463541322686513,0.17088299769505672,0.1854720228089217,0.07783941523518176,0.10487318892501243,3.6209215917451383,3.0274986301864755,0.059146024421861725,0.08345181457074043,-4.709033626930384,-4.474616296331252,0.2575151999098128,0.2726024067312379,2.7080502011022096,2.7080502011022096,0,0,0,0,0,0,1,0,0,0,0.0
8045_2010,0.046463541322686513,0.04265872836521045,0.1854720228089217,0.21123545379082773,0.10487318892501243,0.12842119872486907,3.0274986301864755,2.904028536054664,0.08345181457074043,0.06918168107501872,-4.474616296331252,-4.391494153026732,0.2726024067312379,0.08003783520630597,2.7080502011022096,2.7080502011022096,0,0,0,0,0,0,1,0,0,0,0.0
8048_2008,0.04773476761173854,0.04559118788626093,0.11174232091221564,0.10396670887052492,0.12942831942095406,0.07588590825490613,3.9377265567605,4.96904197291541,0.05864007109778814,0.08344448020123835,-3.775093509281672,-3.6570137656310404,-0.046058612099802124,0.12591652617108326,2.7080502011022096,2.7080502011022096,0,0,0,0,0,0,1,0,0,0,0.0
8048_2009,0.04559118788626093,0.06133890042570881,0.10396670887052492,0.12665003324706478,0.07588590825490613,0.08208817724524191,4.96904197291541,4.35303769979427,0.08344448020123835,0.07657799580234093,-3.6570137656310404,-3.816357987018152,0.12591652617108326,-0.09677426175300392,2.7080502011022096,2.7080502011022096,0,0,0,0,0,0,1,0,0,0,0.0
8048_2010,0.06133890042570881,0.058258951100549926,0.12665003324706478,0.1532751455614029,0.08208817724524191,0.1257512001687826,4.35303769979427,3.729414464247859,0.07657799580234093,0.07457566895180061,-3.816357987018152,-3.6099987380204452,-0.09677426175300392,0.2812962524484538,2.7080502011022096,2.7080502011022096,0,0,0,0,0,0,1,0,0,0,0.0
8087_2008,0.0,0.0,0.0,0.0,0.0,0.0,0.0,0.0,0.0,0.0,0.0,0.0,0.0,0.0,0.0,0.0,0,0,0,0,0,1,0,0,0,0,0.0
8087_2009,0.0,0.0,0.0,0.0,0.0,0.0,0.0,0.0,0.0,0.0,0.0,0.0,0.0,0.0,0.0,0.0,0,0,0,0,0,1,0,0,0,0,0.0
8087_2010,0.0,0.0,0.0,0.0,0.0,0.0,0.0,0.0,0.0,0.0,0.0,0.0,0.0,0.0,0.0,0.0,0,0,0,0,0,1,0,0,0,0,0.0
8125_2008,-0.01923807991262852,0.021166119897880892,0.5953356647312937,0.6451775227688912,0.0525691280284389,0.08745302972335604,1.1747874315678724,0.9501824937316368,0.06364264266281829,0.03116544665643574,-8.727702094033775,-8.724408043673,-0.19003795443025226,-0.0014723629111899408,2.7080502011022096,2.7080502011022096,0,0,0,0,0,0,1,0,0,0,0.0
8125_2009,0.021166119897880892,0.029363041975616413,0.6451775227688912,0.7848268512532698,0.08745302972335604,0.12541343659983262,0.9501824937316368,0.5530464602453045,0.03116544665643574,0.11623243357113106,-8.724408043673,-9.082434554496565,-0.0014723629111899408,-0.23582664521547494,2.7080502011022096,2.7080502011022096,0,0,0,0,0,0,1,0,0,0,0.0
8125_2010,0.029363041975616413,0.03051058913304793,0.7848268512532698,0.6448375881651532,0.12541343659983262,0.18910095808381408,0.5530464602453045,1.0035411824594085,0.11623243357113106,0.1013739221176684,-9.082434554496565,-8.338409542554524,-0.23582664521547494,0.6497269798365843,2.7080502011022096,2.7080502011022096,0,0,0,0,0,0,1,0,0,0,0.0
8135_2008,-0.008903577956383484,0.24016714033017725,0.035424021632990306,0.03063333266453038,0.2266155887728786,0.32221631805852113,2.9528469791805585,2.060887677198384,0.09895015269555177,0.09596054009190752,-11.912234809531157,-11.055017634791561,-0.6299911843260425,0.7150943320577321,1.0331844833456545,1.8794650496471603,0,0,0,0,1,0,0,0,0,0,0.0
8135_2009,0.24016714033017725,0.03783120409361808,0.03063333266453038,0.030490133337547045,0.32221631805852113,0.3216903292750051,2.060887677198384,1.9139576760316428,0.09596054009190752,0.11481124524266145,-11.055017634791561,-11.122534578345203,0.7150943320577321,-0.11570008057564912,1.8794650496471603,1.3297240096314962,0,0,0,0,1,0,0,0,0,0,0.0
8135_2010,0.03783120409361808,-0.031215028069714587,0.030490133337547045,0.04070857499249195,0.3216903292750051,0.4081303473209533,1.9139576760316428,1.7346980868884514,0.11481124524266145,0.12824709378182306,-11.122534578345203,-11.27112249816786,-0.11570008057564912,-0.29181795640794445,1.3297240096314962,1.4134230285081433,0,0,0,0,1,0,0,0,0,0,0.0
8158_2008,0.004377051743004533,0.004690015706515608,0.8960450211036423,0.923827876647438,0.0507262572719392,0.06706610526768236,1.53595214143778,1.0771119410591947,0.045695288666409116,0.06257825958621002,-12.65649564305136,-12.843129327975356,0.01797049683658039,-0.4180017992192097,2.7080502011022096,2.7080502011022096,0,0,0,0,0,1,0,0,0,0,0.0
8158_2009,0.004690015706515608,0.0066339293172196405,0.923827876647438,0.943084051752562,0.06706610526768236,0.018837897365332115,1.0771119410591947,0.7964234304063779,0.06257825958621002,0.18034760354709106,-12.843129327975356,-12.62228796038649,-0.4180017992192097,0.05659145016856981,2.7080502011022096,2.602689685444384,0,0,0,0,0,1,0,0,0,0,0.0
8158_2010,0.0066339293172196405,0.009497160399401128,0.943084051752562,0.9325871578498982,0.018837897365332115,0.10667623517117863,0.7964234304063779,0.8999485967760235,0.18034760354709106,0.10584709247582733,-12.62228796038649,-12.577518758093088,0.05659145016856981,0.09424816836978313,2.602689685444384,2.7080502011022096,0,0,0,0,0,1,0,0,0,0,0.0
8179_2008,0.01050132267884838,0.009712398233446138,0.830853423707384,0.8719455147497488,0.044206825198034205,0.023070752944082482,2.0373476869328764,1.5866551180529436,0.029238486677544463,0.0604963145267842,-10.088154685108966,-10.457839677347213,0.09526965230767004,-0.1837397118393324,2.7080502011022096,2.7080502011022096,0,0,0,0,0,1,0,0,0,0,0.0
8179_2009,0.009712398233446138,0.006391745505040447,0.8719455147497488,0.8863719205317514,0.023070752944082482,0.013364680020908931,1.5866551180529436,1.3424234128220565,0.0604963145267842,0.11576550338691748,-10.457839677347213,-9.821784656974923,-0.1837397118393324,0.3157625642197677,2.7080502011022096,2.7080502011022096,0,0,0,0,0,1,0,0,0,0,0.0
8179_2010,0.006391745505040447,0.0051017780192394,0.8863719205317514,0.9030855027060016,0.013364680020908931,0.027053471200808168,1.3424234128220565,1.0521608354526737,0.11576550338691748,0.15983176990711406,-9.821784656974923,-10.031569839661886,0.3157625642197677,-0.1787931254264602,2.7080502011022096,2.7080502011022096,0,0,0,0,0,1,0,0,0,0,0.0
8185_2008,-0.386820028090954,-0.1841656038457765,0.2795079118960226,0.3757088197782792,0.06298564207686176,0.023231629549690963,1.1449079601447545,0.9626666747350301,0.11278115925746192,0.07759609341621923,-13.15539383272844,-13.761489761099586,-0.3589462596061104,-0.5887545883075648,0.2468600779315258,-0.35667494393873245,0,1,0,0,0,0,0,0,0,0,0.0
8185_2009,-0.1841656038457765,0.039421813403416564,0.3757088197782792,0.5885064430241278,0.023231629549690963,0.17932453165096904,0.9626666747350301,0.691711741092958,0.07759609341621923,0.3870675944843395,-13.761489761099586,-13.768098007808858,-0.5887545883075648,1.33649595946152,-0.35667494393873245,0.5306282510621704,0,1,0,0,0,0,0,0,0,0,0.0
8185_2010,0.039421813403416564,-0.18780861202751367,0.5885064430241278,0.6831403497423292,0.17932453165096904,0.1290294758177545,0.691711741092958,0.5579327443304997,0.3870675944843395,0.2159622427051419,-13.768098007808858,-14.736401500156216,1.33649595946152,-0.9929633227575664,0.5306282510621704,-0.2231435513142097,0,1,0,0,0,0,0,0,0,0,0.0
8186_2008,0.0,0.0,0.0,0.0,0.0,0.0,0.0,0.0,0.0,0.0,0.0,0.0,0.0,0.0,0.0,0.0,0,0,0,0,1,0,0,0,0,0,0.0
8186_2009,0.0,-0.2689193519349897,0.0,0.2924592072084721,0.0,0.25055396220262394,0.0,4.336735331226343,0.0,0.7891312265268535,0.0,-11.047492588198237,0.0,2.9358835360421187,0.0,2.069391205826334,0,0,0,0,1,0,0,0,0,0,0.0
8186_2010,-0.2689193519349897,-0.17022734263583233,0.2924592072084721,0.31038002293000755,0.25055396220262394,0.384278031002116,4.336735331226343,1.8225656261085488,0.7891312265268535,0.14474945898224634,-11.047492588198237,-11.112025891939448,2.9358835360421187,-0.7610628019102392,2.069391205826334,1.541159071680806,0,0,0,0,1,0,0,0,0,0,0.0
8228_2008,0.011258513878600806,0.010418551508835087,0.8189416315774898,0.853685151223274,0.02115466932337373,0.019698098656820318,2.073943827633334,1.726473485397657,0.06203037907649898,0.0888025992952895,-10.261835655407966,-10.454548393536717,-0.15083073387647078,-0.1372681762363849,2.7080502011022096,2.7080502011022096,0,0,0,0,0,1,0,0,0,0,0.0
8228_2009,0.010418551508835087,0.009300929204415777,0.853685151223274,0.8256424940918338,0.019698098656820318,0.016288940470654954,1.726473485397657,2.2189452585275724,0.0888025992952895,0.0965867384088357,-10.454548393536717,-9.547651743041156,-0.1372681762363849,0.7421161790897575,2.7080502011022096,2.7080502011022096,0,0,0,0,0,1,0,0,0,0,0.0
8228_2010,0.009300929204415777,0.00964218266348825,0.8256424940918338,0.8809618615643563,0.016288940470654954,0.013771257838192415,2.2189452585275724,1.5202136345199404,0.0965867384088357,0.094897447239219,-9.547651743041156,-10.135029501765604,0.7421161790897575,-0.5104125551568285,2.7080502011022096,2.7080502011022096,0,0,0,0,0,1,0,0,0,0,0.0
8237_2008,0.03829866344589401,0.034758493381696474,0.052937499376141665,0.13228843640692325,0.016186004611560844,0.0049750492760624,3.0921995379033897,3.244683853591272,0.11962426729798012,0.1773680029894817,-10.658039321355746,-10.372870397422046,0.03385510813703549,0.3600839640986861,2.7080502011022096,2.7080502011022096,1,0,0,0,0,0,0,0,0,0,0.0
8237_2009,0.034758493381696474,0.038519819812168864,0.13228843640692325,0.08081680620749424,0.0049750492760624,0.006919413301692486,3.244683853591272,3.0608807297591345,0.1773680029894817,0.06989794905231912,-10.372870397422046,-9.756881009011352,0.3600839640986861,0.6116408531965883,2.7080502011022096,2.7080502011022096,1,0,0,0,0,0,0,0,0,0,0.0
8237_2010,0.038519819812168864,0.04007655917041748,0.08081680620749424,0.06085173274074589,0.006919413301692486,0.06947301830878568,3.0608807297591345,3.2156135352579462,0.06989794905231912,0.09715778261599227,-9.756881009011352,-9.673403773325617,0.6116408531965883,0.10921682103577512,2.7080502011022096,2.7080502011022096,1,0,0,0,0,0,0,0,0,0,0.0
8254_2008,-0.14334585557630616,-0.023176378520690454,0.3584987465774901,0.15887834300363307,0.14022681610773738,0.08383433496053096,231.9988,9.93662684205312,0.12221288132059348,0.19014425907712587,-10.912669069659247,-10.26468827302992,0.17660870837067144,0.2599557577333438,0.7884573603642703,1.2208299213923592,0,0,0,0,1,0,0,0,0,0,0.0
8254_2009,-0.023176378520690454,-0.2436926451087501,0.15887834300363307,0.5309262636523358,0.08383433496053096,0.10964418557804896,9.93662684205312,87.0902,0.19014425907712587,0.21628200463842454,-10.26468827302992,-11.409316718409233,0.2599557577333438,-1.0510823463659182,1.2208299213923592,-0.4780358009429998,0,0,0,0,1,0,0,0,0,0,0.0
8254_2010,-0.2436926451087501,0.0031041212571352463,0.5309262636523358,0.19921685842610892,0.10964418557804896,0.13493897297608473,87.0902,4.73567040974491,0.21628200463842454,0.1639565348984271,-11.409316718409233,-11.176228197740887,-1.0510823463659182,-0.2395712716219473,-0.4780358009429998,-0.3583907007222356,0,0,0,0,1,0,0,0,0,0,0.0
8278_2008,0.0325433321542271,0.0699838336817605,0.2499883201740628,0.2321867710017325,0.12774392482196606,0.21675767900116374,2.6888795836573545,2.2528394474221325,0.041681708026223285,0.05162077872752401,-12.204808626330928,-12.175487162295973,-0.1120910890358719,0.05267086251327227,2.7080502011022096,2.7080502011022096,0,0,0,0,0,0,0,1,0,0,0.0
8278_2009,0.0699838336817605,0.09538854774188098,0.2321867710017325,0.22253304670726454,0.21675767900116374,0.2912750255804379,2.2528394474221325,1.7920987741331809,0.05162077872752401,0.4083804874529661,-12.175487162295973,-11.966194530370815,0.05267086251327227,0.2625154579830757,2.7080502011022096,2.7080502011022096,0,0,0,0,0,0,0,1,0,0,0.0
8278_2010,0.09538854774188098,0.07329653590306519,0.22253304670726454,0.268766141493547,0.2912750255804379,0.5673677904372951,1.7920987741331809,1.3854414997783513,0.4083804874529661,0.09733764382634716,-11.966194530370815,-11.61419885601118,0.2625154579830757,0.2427614215789405,2.7080502011022096,2.7080502011022096,0,0,0,0,0,0,0,1,0,0,0.0
8284_2008,-0.06061162180355239,-0.032975307921312244,0.026992662325761002,0.008655848072694726,0.10053667510904238,0.2790331368085148,5.563719498906284,2.8363231788905314,0.24614105203721834,0.07516852988284538,-9.625973758341573,-9.443701807622237,0.9899041498254352,-0.030185043960812532,2.7080502011022096,2.7080502011022096,0,0,0,0,1,0,0,0,0,0,0.0
8284_2009,-0.032975307921312244,-0.11397210119746505,0.008655848072694726,0.029494001539522925,0.2790331368085148,0.2530811536018521,2.8363231788905314,2.410661313779839,0.07516852988284538,0.12328117937614967,-9.443701807622237,-9.462645447819122,-0.030185043960812532,0.056802616562007864,2.7080502011022096,2.7080502011022096,0,0,0,0,1,0,0,0,0,0,0.0
8284_2010,-0.11397210119746505,-0.13298679733755733,0.029494001539522925,0.059322730498126024,0.2530811536018521,0.1146680088193449,2.410661313779839,3.3912599296628603,0.12328117937614967,0.1653429786624144,-9.462645447819122,-9.618108861403453,0.056802616562007864,-0.22078622217948685,2.7080502011022096,2.7080502011022096,0,0,0,0,1,0,0,0,0,0,0.0
8292_2008,0.014230594955912538,0.01555911783356814,0.7922394836064206,0.8676246912040709,0.02032479845834127,0.021317509975017,2.777215630832265,1.8665887777632681,0.03437841961195322,0.07609021710472785,-8.173450490303258,-8.642063532411884,-0.012234120337839565,-0.36445443942108696,2.7080502011022096,2.7080502011022096,0,0,0,0,0,1,0,0,0,0,0.0
8292_2009,0.01555911783356814,0.007591477739438794,0.8676246912040709,0.8975331523755834,0.021317509975017,0.020155167949480097,1.8665887777632681,1.4446611625766532,0.07609021710472785,0.15254632168742985,-8.642063532411884,-8.387087751294054,-0.36445443942108696,-0.021679813640416826,2.7080502011022096,2.614471854142644,0,0,0,0,0,1,0,0,0,0,0.0
8292_2010,0.007591477739438794,0.004716827630388505,0.8975331523755834,0.9046992047170942,0.020155167949480097,0.01619953039249598,1.4446611625766532,1.426280180238894,0.15254632168742985,0.08215340131662227,-8.387087751294054,-8.639411970041587,-0.021679813640416826,-0.20204640978106225,2.614471854142644,2.6115393007213656,0,0,0,0,0,1,0,0,0,0,0.0
8299_2008,0.044655124104427214,0.05711703818837713,0.1409973022836514,0.16602728407814668,0.05062222541069223,0.034831165989271086,2.2221311811217173,1.9658130031367207,0.18056713019869786,0.12215892830168755,-9.724072226668582,-9.64966076810174,-0.19618861510498006,0.015274965524307882,2.7080502011022096,2.7080502011022096,0,1,0,0,0,0,0,0,0,0,0.0
8299_2009,0.05711703818837713,0.07190357212499612,0.16602728407814668,0.19679627716088866,0.034831165989271086,0.011017666537274862,1.9658130031367207,1.5138339846279136,0.12215892830168755,0.13631335383427967,-9.64966076810174,-9.317813715756989,0.015274965524307882,0.43499649403739743,2.7080502011022096,2.7080502011022096,0,1,0,0,0,0,0,0,0,0,0.0
8299_2010,0.07190357212499612,0.004111691664938943,0.19679627716088866,0.1858047731808344,0.011017666537274862,0.05418239319485546,1.5138339846279136,1.299613410704102,0.13631335383427967,0.11974419236959785,-9.317813715756989,-9.70143410685996,0.43499649403739743,-0.20461003041224715,2.7080502011022096,2.7080502011022096,0,1,0,0,0,0,0,0,0,0,0.0
8317_2008,0.051249833939274216,0.04466732366285213,0.3157930777109125,0.2896260160057169,0.01642449033709717,0.014871918344692063,1.4392497372182795,1.3785542149771322,0.0634167737775085,0.06212320524785216,-9.17634596965686,-9.281456348902315,-0.3143494959475145,-0.12695692657762778,2.7080502011022096,2.7080502011022096,0,1,0,0,0,0,0,0,0,0,0.0
8317_2009,0.04466732366285213,0.038161046391928966,0.2896260160057169,0.2991604682729693,0.014871918344692063,0.02745698016811415,1.3785542149771322,1.5609907600623416,0.06212320524785216,0.1152841243642997,-9.281456348902315,-8.75248482869443,-0.12695692657762778,0.25915796870104635,2.7080502011022096,2.7080502011022096,0,1,0,0,0,0,0,0,0,0,0.0
8317_2010,0.038161046391928966,0.02990824768663532,0.2991604682729693,0.24755756005699184,0.02745698016811415,0.009741428758389098,1.5609907600623416,1.83320711978836,0.1152841243642997,0.07615852864847025,-8.75248482869443,-8.84990921176615,0.25915796870104635,-0.01906427826309787,2.7080502011022096,2.7080502011022096,0,1,0,0,0,0,0,0,0,0,0.0
8340_2008,0.034842473693760305,0.036441891308336964,0.6101067548101963,0.6282691758993816,0.15579034784190224,0.15118467737416202,1.3334122955556145,1.2648938992800722,0.07927790188005755,0.07237661533475223,-8.962088483672872,-8.977680492152063,-0.23944406056606654,-0.027711098203736143,2.7080502011022096,2.7080502011022096,0,1,0,0,0,0,0,0,0,0,0.0
8340_2009,0.036441891308336964,0.029818336519740238,0.6282691758993816,0.7231584934796994,0.15118467737416202,0.18620109338917426,1.2648938992800722,0.8368858922884752,0.07237661533475223,0.1371564102721354,-8.977680492152063,-8.92116193947948,-0.027711098203736143,0.08450133522216148,2.7080502011022096,2.7080502011022096,0,1,0,0,0,0,0,0,0,0,0.0
8340_2010,0.029818336519740238,0.021453589552657342,0.7231584934796994,0.7587107669256931,0.18620109338917426,0.18783110282215815,0.8368858922884752,0.7176517802743498,0.1371564102721354,0.19481192722833413,-8.92116193947948,-9.263984275867026,0.08450133522216148,-0.2186705776694623,2.7080502011022096,2.7080502011022096,0,1,0,0,0,0,0,0,0,0,0.0
8360_2008,0.02457188554088414,0.02246490995246326,0.3077204329007752,0.2908715416033352,0.0004684414921139091,0.06368169739707208,1.764163178507082,2.0352631621432957,0.1093953693038894,0.04404733340818146,-10.719006830774376,-10.714401060584123,0.27976230951178344,0.07745413375198394,2.7080502011022096,2.7080502011022096,0,0,0,0,0,0,0,0,0,1,0.0
8360_2009,0.02246490995246326,0.0218441411754385,0.2908715416033352,0.3418218803287588,0.06368169739707208,0.021323259295000084,2.0352631621432957,1.6262609430756851,0.04404733340818146,0.0683187247321428,-10.714401060584123,-10.515237365975024,0.07745413375198394,0.22118359402709295,2.7080502011022096,2.7080502011022096,0,0,0,0,0,0,0,0,0,1,0.0
8360_2010,0.0218441411754385,0.010879916509033985,0.3418218803287588,0.3317780241920872,0.021323259295000084,0.045812768609715976,1.6262609430756851,1.5243059080191528,0.0683187247321428,0.11167641773315956,-10.515237365975024,-10.44586963161409,0.22118359402709295,0.02013136639220503,2.7080502011022096,2.7080502011022096,0,0,0,0,0,0,0,0,0,1,0.0
8372_2008,0.07982372578532046,0.004895686825889528,0.4831976036237149,0.5060434082400929,0.07347128521816967,0.12363658774679252,1.2642504114243869,1.0177797200976342,0.07172019940260149,0.09139934608808227,-7.852926792206611,-8.3073449860272,-0.15849387841396206,-0.5395884650107144,2.7080502011022096,2.7080502011022096,0,0,1,0,0,0,0,0,0,0,0.0
8372_2009,0.004895686825889528,-0.0422011643247531,0.5060434082400929,0.4745959576128053,0.12363658774679252,0.2314743995119793,1.0177797200976342,1.1288018738908885,0.09139934608808227,0.11557471065550146,-8.3073449860272,-7.733386730683634,-0.5395884650107144,0.3374024142096136,2.7080502011022096,2.7080502011022096,0,0,1,0,0,0,0,0,0,0,0.0
8372_2010,-0.0422011643247531,-0.12658267067202658,0.4745959576128053,0.522184311201526,0.2314743995119793,0.31969424211928354,1.1288018738908885,1.1200754810373248,0.11557471065550146,0.13434735970953085,-7.733386730683634,-8.069843296819057,0.3374024142096136,-0.19669649469366665,2.7080502011022096,2.7080502011022096,0,0,1,0,0,0,0,0,0,0,0.0
8377_2008,-0.04142281865731895,-0.04889224962514865,0.003247127733730511,0.0021198490253864846,0.03761151815131866,0.04692104854971304,7.469297487429633,7.0061121976231835,0.1646918741106794,0.22184509552365364,-11.983595946517806,-11.33069587285931,-0.03316648839550285,0.4308825598527155,1.7011051009599245,2.302585092994046,0,0,0,0,0,0,1,0,0,0,0.0
8377_2009,-0.04889224962514865,-0.07649609560390648,0.0021198490253864846,0.012145044851178984,0.04692104854971304,0.13757505903022407,7.0061121976231835,4.331903210085923,0.22184509552365364,0.2308528416336696,-11.33069587285931,-12.364377628498886,0.4308825598527155,-0.7665698486754164,2.302585092994046,0.7747271675523681,0,0,0,0,0,0,1,0,0,0,0.0
8377_2010,-0.07649609560390648,-0.06360914776772095,0.012145044851178984,0.0049101240720024406,0.13757505903022407,0.05976367842977728,4.331903210085923,6.255514088896702,0.2308528416336696,0.2472795351205524,-12.364377628498886,-11.973706319942432,-0.7665698486754164,-0.09573210725814292,0.7747271675523681,1.332366019094335,0,0,0,0,0,0,1,0,0,0,0.0
840_2008,0.012746716563778456,0.014157185568251645,0.7800685549759642,0.8016109542173785,0.09511658882533744,0.07987533617816632,2.1231750757683625,1.827055426126716,0.03444444283146249,0.0391953190994298,-8.247350927521024,-8.376438150444338,-0.06705642470431608,-0.07207386458364763,2.7080502011022096,2.7080502011022096,0,0,0,0,0,1,0,0,0,0,0.0
840_2009,0.014157185568251645,0.012729229701064278,0.8016109542173785,0.8150573284571621,0.07987533617816632,0.07599464676484312,1.827055426126716,1.5946679696836925,0.0391953190994298,0.06631249210979429,-8.376438150444338,-7.867732177685722,-0.07207386458364763,0.3484537336613338,2.7080502011022096,2.7080502011022096,0,0,0,0,0,1,0,0,0,0,0.0
840_2010,0.012729229701064278,0.010291963778707544,0.8150573284571621,0.8274325208211727,0.07599464676484312,0.0989610884737295,1.5946679696836925,1.4970788535006183,0.06631249210979429,0.06799972410759862,-7.867732177685722,-8.105458621388957,0.3484537336613338,-0.16362166063603534,2.7080502011022096,2.7080502011022096,0,0,0,0,0,1,0,0,0,0,0.0
8418_2008,0.05107710397949952,0.011632039719425724,0.19231444960777253,0.2727987025278103,0.09117830130550074,0.15505391835784252,2.0193616487059067,1.2143925785793666,0.07854249323905159,0.10418358630165743,-9.874135926478608,-10.799849038556225,0.18704137112792668,-0.9224193815879898,2.7080502011022096,2.7080502011022096,0,1,0,0,0,0,0,0,0,0,0.0
8418_2009,0.011632039719425724,-0.008254194478418625,0.2727987025278103,0.2553721176679578,0.15505391835784252,0.21138547956002127,1.2143925785793666,1.3729964904433831,0.10418358630165743,0.1195710062428519,-10.799849038556225,-10.330640814732034,-0.9224193815879898,0.2797042133097857,2.7080502011022096,2.7080502011022096,0,1,0,0,0,0,0,0,0,0,0.0
8418_2010,-0.008254194478418625,-0.051312309855518906,0.2553721176679578,0.2460193397866661,0.21138547956002127,0.12226436554043407,1.3729964904433831,1.7222117414695124,0.1195710062428519,0.12892518927349156,-10.330640814732034,-10.481578846867695,0.2797042133097857,-0.02847111443215483,2.7080502011022096,2.7080502011022096,0,1,0,0,0,0,0,0,0,0,0.0
841_2008,0.013311229433307651,0.010533172269534126,0.8493807155372897,0.8832252904886518,0.07038262446611875,0.04367881674388985,1.715627078563141,1.3651470869724331,0.03590081268226012,0.05259476787271968,-7.3002339933208225,-7.549115979672361,-0.1961022017751075,-0.2955103505969734,2.7080502011022096,2.7080502011022096,0,0,0,0,0,1,0,0,0,0,0.0
841_2009,0.010533172269534126,0.0,0.8832252904886518,0.0,0.04367881674388985,0.0,1.3651470869724331,0.0,0.05259476787271968,0.0,-7.549115979672361,0.0,-0.2955103505969734,0.0,2.7080502011022096,0.0,0,0,0,0,0,1,0,0,0,0,0.0
841_2010,0.0,0.0,0.0,0.0,0.0,0.0,0.0,0.0,0.0,0.0,0.0,0.0,0.0,0.0,0.0,0.0,0,0,0,0,0,1,0,0,0,0,0.0
8431_2008,0.01914547112559751,-0.20929291262444494,0.7161462819655864,0.7174157340027788,0.19463769300108247,0.1571354391509824,0.4660919346070805,0.4764901236575127,0.12192077990368448,0.1004942498791679,-11.045225415509226,-11.343863796897779,0.12268219737912794,-0.15049965737640933,1.8840347453372257,1.589235205116581,0,0,1,0,0,0,0,0,0,0,0.0
8431_2009,-0.20929291262444494,-0.2500313649671085,0.7174157340027788,0.9138301012308846,0.1571354391509824,0.10897966317288732,0.4764901236575127,0.11110573970893628,0.1004942498791679,0.1530370176325028,-11.343863796897779,-12.163606293653764,-0.15049965737640933,-0.7695447730792686,1.589235205116581,0.2700271372130602,0,0,1,0,0,0,0,0,0,0,0.0
8431_2010,-0.2500313649671085,-0.1753898849919327,0.9138301012308846,0.8313676394940224,0.10897966317288732,0.2954800404087982,0.11110573970893628,0.2291618063094665,0.1530370176325028,0.2570200256718602,-12.163606293653764,-12.252067393312714,-0.7695447730792686,0.3898504816672158,0.2700271372130602,0.41210965082683293,0,0,1,0,0,0,0,0,0,0,0.0
8441_2008,0.02858238691708113,0.021761349153155238,0.04083109002539426,0.01608422760281486,0.06293272291025317,0.04023092878881287,4.189199711351407,5.430686391335795,0.11769351097702377,0.14353538922317252,-9.892714996145793,-9.278252838645114,-0.1216071316066396,-0.002569891113982115,2.7080502011022096,2.7080502011022096,0,0,0,0,1,0,0,0,0,0,0.0
8441_2009,0.021761349153155238,0.02540843029540981,0.01608422760281486,0.015094300256944668,0.04023092878881287,0.041472729894471136,5.430686391335795,5.030762492825894,0.14353538922317252,0.10084016108090774,-9.278252838645114,-8.941663724415477,-0.002569891113982115,0.21058020302817546,2.7080502011022096,2.7080502011022096,0,0,0,0,1,0,0,0,0,0,0.0
8441_2010,0.02540843029540981,0.031779495565625836,0.015094300256944668,0.017551043492576163,0.041472729894471136,0.05948166215715828,5.030762492825894,4.493283544707827,0.10084016108090774,0.10154626516379096,-8.941663724415477,-9.336755699903913,0.21058020302817546,-0.28314757122542245,2.7080502011022096,2.7080502011022096,0,0,0,0,1,0,0,0,0,0,0.0
8458_2008,-0.12832620077940085,-0.18900354745119832,0.1343032012814689,0.2021853333247178,0.4042245439548616,0.3960997421797763,1.0668067096911051,1.0098565480080384,0.1671287625787834,0.08433299413690422,-13.527544138201547,-13.886109493171793,-0.001998823726911944,-0.3922803346893637,0.3576744442718159,0.009950330853168092,0,0,0,0,0,0,1,0,0,0,0.0
8458_2009,-0.18900354745119832,0.08774726007151923,0.2021853333247178,0.1974023565413438,0.3960997421797763,0.25118667447157483,1.0098565480080384,1.0168586724979458,0.08433299413690422,0.17738623900003406,-13.886109493171793,-13.35731331939238,-0.3922803346893637,0.4594259407406464,0.009950330853168092,0.03922071315328133,0,0,0,0,0,0,1,0,0,0,0.0
8458_2010,0.08774726007151923,0.06774679701735105,0.1974023565413438,0.04619669302557016,0.25118667447157483,0.12244539984034307,1.0168586724979458,2.4910527634526423,0.17738623900003406,0.2609453450177116,-13.35731331939238,-12.67215912692899,0.4594259407406464,0.4831828615229009,0.03922071315328133,0.9555114450274363,0,0,0,0,0,0,1,0,0,0,0.0
8461_2008,0.03695924204504826,0.024551784371285086,0.253888094386843,0.25502802105824984,0.01599928494815874,0.019554089133651958,1.331849511774842,1.1719110771872914,0.1040117692789334,0.06401476215523601,-13.731087155815661,-13.724699118033794,-0.7080271331907949,0.05523171445497743,0.37156355643248296,0.37156355643248296,0,0,0,0,1,0,0,0,0,0,0.0
8461_2009,0.024551784371285086,0.016894772746653026,0.25502802105824984,0.4462458429265797,0.019554089133651958,0.0275539353628379,1.1719110771872914,0.7988025112206912,0.06401476215523601,0.15797709055419204,-13.724699118033794,-14.45130580108524,0.05523171445497743,-0.8292299508153282,0.37156355643248296,-0.8439700702945291,0,0,0,0,1,0,0,0,0,0,0.0
8461_2010,0.016894772746653026,-0.2778483114244976,0.4462458429265797,0.5845069047014474,0.0275539353628379,0.1097720569564623,0.7988025112206912,0.4315139909364211,0.15797709055419204,0.11921270756916268,-14.45130580108524,-14.52509764691099,-0.8292299508153282,-0.06360213269399961,-0.8439700702945291,-0.6831968497067772,0,0,0,0,1,0,0,0,0,0,0.0
8476_2008,0.02073525784859204,0.028787761054650862,0.033232886229058414,0.04230610517796728,0.09350291154652993,0.0793009635577714,3.3714133794899617,3.6522881345776175,0.12607411090891033,0.06607890737420008,-6.265404490201432,-6.271538158304484,-0.07064299830474494,0.077710240039915,2.7080502011022096,2.7080502011022096,0,0,0,0,0,0,1,0,0,0,0.0
8476_2009,0.028787761054650862,0.06412294909519838,0.04230610517796728,0.10379866252767693,0.0793009635577714,0.1485146912746558,3.6522881345776175,2.3487317054334764,0.06607890737420008,0.14733356840111406,-6.271538158304484,-6.552510926296037,0.077710240039915,-0.07490335232598744,2.7080502011022096,2.7080502011022096,0,0,0,0,0,0,1,0,0,0,0.0
8476_2010,0.06412294909519838,0.0186480320538417,0.10379866252767693,0.11539197163882645,0.1485146912746558,0.0918859986072114,2.3487317054334764,2.9406305120560248,0.14733356840111406,0.11927406452435925,-6.552510926296037,-6.2469460523561935,-0.07490335232598744,0.34763510787437457,2.7080502011022096,2.7080502011022096,0,0,0,0,0,0,1,0,0,0,0.0
8508_2008,0.030565189045213405,0.039904287452751576,0.3433592923546902,0.4178092319342361,0.1470740389226144,0.16100915983842784,1.7556018581084487,1.2053286304888005,0.081907606580882,0.07459982097385674,-9.227359484023546,-9.526826519120394,0.09431616191051392,-0.4059674544332468,2.7080502011022096,2.7080502011022096,0,1,0,0,0,0,0,0,0,0,0.0
8508_2009,0.039904287452751576,0.02693324491214532,0.4178092319342361,0.4726033125463782,0.16100915983842784,0.09571127376504858,1.2053286304888005,1.074278973071638,0.07459982097385674,0.0924294577819536,-9.526826519120394,-9.282705944322572,-0.4059674544332468,0.2470700431033784,2.7080502011022096,2.7080502011022096,0,1,0,0,0,0,0,0,0,0,0.0
8508_2010,0.02693324491214532,0.00942290654426275,0.4726033125463782,0.3854726941497831,0.09571127376504858,0.14334731967047987,1.074278973071638,1.2537216207771729,0.0924294577819536,0.13471055928185774,-9.282705944322572,-9.295371242159217,0.2470700431033784,0.031017793798760518,2.7080502011022096,2.7080502011022096,0,1,0,0,0,0,0,0,0,0,0.0
8523_2008,0.0058089879921939935,0.0,0.8983859592665417,0.0,0.022270866529489945,0.0,1.664674093987062,0.0,0.06568436566342148,0.0,-9.266762883360633,0.0,-0.07595319619229235,0.0,2.7080502011022096,0.0,0,0,0,0,0,1,0,0,0,0,0.0
8523_2009,0.0,0.0,0.0,0.0,0.0,0.0,0.0,0.0,0.0,0.0,0.0,0.0,0.0,0.0,0.0,0.0,0,0,0,0,0,1,0,0,0,0,0.0
8523_2010,0.0,0.0,0.0,0.0,0.0,0.0,0.0,0.0,0.0,0.0,0.0,0.0,0.0,0.0,0.0,0.0,0,0,0,0,0,1,0,0,0,0,0.0
8526_2008,0.03019252764685678,0.0302138605648037,0.4019962157829942,0.6130041672392434,0.08923245078216202,0.025305793301239183,2.4833384719224707,1.600234882877008,0.1553210386155276,0.11169500673627426,-9.220113785939668,-9.648960663379286,0.14975962781111984,-0.4740136854178222,2.7080502011022096,2.7080502011022096,0,0,0,0,0,0,0,0,0,0,0.0
8526_2009,0.0302138605648037,0.05585237901283277,0.6130041672392434,0.4236499643209225,0.025305793301239183,0.17145737599792413,1.600234882877008,1.653595525056225,0.11169500673627426,0.20093274441428946,-9.648960663379286,-8.889189669092001,-0.4740136854178222,0.754733409162782,2.7080502011022096,2.7080502011022096,0,0,0,0,0,0,0,0,0,0,0.0
8526_2010,0.05585237901283277,0.04507247518876425,0.4236499643209225,0.3878478428900315,0.17145737599792413,0.1181048220649388,1.653595525056225,1.9429680087959704,0.20093274441428946,0.2259702776753472,-8.889189669092001,-8.738166135114641,0.754733409162782,-0.5282401657023366,2.7080502011022096,2.7080502011022096,0,0,0,0,0,0,0,0,0,0,0.0
8527_2008,-0.1051670164758601,-0.16047885522624852,0.09496325729273168,0.15720189510542845,0.14183327200204687,0.02863778192542778,4.0422071787624665,4.121451396940661,0.3074335057987021,0.19180169197010247,-11.761765394689412,-12.604029862235205,0.17095498306344248,-1.071128790849163,0.5306282510621704,-0.3710636813908321,0,0,0,1,0,0,0,0,0,0,1.0
8527_2009,-0.16047885522624852,-0.28595154588018457,0.15720189510542845,0.543902052059317,0.02863778192542778,0.08130259688967355,4.121451396940661,2.886070758011701,0.19180169197010247,0.21625876320472195,-12.604029862235205,-13.484011074832976,-1.071128790849163,-0.7955651804109392,-0.3710636813908321,-1.7957674906255938,0,0,0,1,0,0,0,0,0,0,1.0
8527_2010,-0.28595154588018457,0.0,0.543902052059317,0.0,0.08130259688967355,0.0,2.886070758011701,0.0,0.21625876320472195,0.0,-13.484011074832976,0.0,-0.7955651804109392,0.0,-1.7957674906255938,0.0,0,0,0,1,0,0,0,0,0,0,1.0
8534_2008,0.010290983729752248,0.010829978477131382,0.8321474821233918,0.8616458825518537,0.018838026862039937,0.0203172062429344,1.857652373845456,1.5375521508710608,0.032256167959404364,0.055560819557657994,-9.355289839148512,-9.578826459915662,-0.02352768804941241,-0.19645132971666307,2.7080502011022096,2.6878474937846906,0,0,0,0,0,1,0,0,0,0,0.0
8534_2009,0.010829978477131382,0.004127977388495033,0.8616458825518537,0.8626860416610855,0.0203172062429344,0.01997050400986122,1.5375521508710608,1.244014433442013,0.055560819557657994,0.14771053538771292,-9.578826459915662,-8.800085975685276,-0.19645132971666307,0.2550760713337832,2.6878474937846906,2.580216829592325,0,0,0,0,0,1,0,0,0,0,0.0
8534_2010,0.004127977388495033,0.004870627907711014,0.8626860416610855,0.9082031001248668,0.01997050400986122,0.03679242773806659,1.244014433442013,0.7622780906383503,0.14771053538771292,0.1924064525313484,-8.800085975685276,-9.459264021886328,0.2550760713337832,-0.4493728550703352,2.580216829592325,1.9154509415706047,0,0,0,0,0,1,0,0,0,0,0.0
8549_2008,0.05725394209768842,0.046875801204441736,0.0912989488113413,0.2243372436857968,0.02139170603062144,0.04881293549912544,1.1991570579154087,0.8075883957884297,0.09184518602931203,0.07088075485116813,-12.041334285606176,-12.221586388389655,-0.41455540905892996,-0.26303792576549784,2.6093268697842498,2.4397349311412797,0,0,1,0,0,0,0,0,0,0,0.0
8549_2009,0.046875801204441736,0.060603719088639436,0.2243372436857968,0.4436900990389202,0.04881293549912544,0.036703285576874405,0.8075883957884297,0.6360062897871378,0.07088075485116813,0.16397373863523218,-12.221586388389655,-12.05629325842791,-0.26303792576549784,0.2623288872270564,2.4397349311412797,2.130609828254235,0,0,1,0,0,0,0,0,0,0,0.0
8549_2010,0.060603719088639436,0.016204140708577182,0.4436900990389202,0.27682335913410105,0.036703285576874405,0.08012396954250832,0.6360062897871378,0.6587711956708666,0.16397373863523218,0.16122220706831955,-12.05629325842791,-12.317067840135607,0.2623288872270564,-0.2388677000768833,2.130609828254235,2.1003465023597316,0,0,1,0,0,0,0,0,0,0,0.0
8551_2008,0.050444789716496574,0.009041970352016551,0.3628576507229044,0.4789449557700074,0.043461033758751814,0.060243448150111026,1.199136261200972,0.8650745172441987,0.08410186663313718,0.05238695293080743,-10.934917968241857,-11.340572727137337,0.03461736604273183,-0.3636838687878609,2.7080502011022096,2.7080502011022096,0,1,0,0,0,0,0,0,0,0,0.0
8551_2009,0.009041970352016551,-0.09347260826683404,0.4789449557700074,0.6718869860625442,0.060243448150111026,0.06673839624615201,0.8650745172441987,0.4495745524559384,0.05238695293080743,0.25058365185453224,-11.340572727137337,-11.688577519639518,-0.3636838687878609,-0.3760141381123943,2.7080502011022096,1.9459101490553128,0,1,0,0,0,0,0,0,0,0,0.0
8551_2010,-0.09347260826683404,-0.05146482841340581,0.6718869860625442,0.5386512865258181,0.06673839624615201,0.11768066185467912,0.4495745524559384,0.6840981854737859,0.25058365185453224,0.2090003820664508,-11.688577519639518,-11.533575462595122,-0.3760141381123943,0.4823191325631846,1.9459101490553128,2.3350522831315472,0,1,0,0,0,0,0,0,0,0,0.0
8565_2008,-0.676241825898468,-0.0979330031641216,0.21821891109127667,0.2924233044435273,0.13151423523197142,0.09371990645205668,1.1268703937574338,1.2537096056696793,0.4615422079279996,0.17340182916718444,-14.072953687948575,-14.377067168927557,0.8829156711554432,-0.4506042498267477,0.6312717768418578,0.3364722366212129,0,0,0,1,0,0,0,0,0,0,0.0
8565_2009,-0.0979330031641216,0.0842338189194173,0.2924233044435273,0.22223861331366404,0.09371990645205668,0.07206343352387977,1.2537096056696793,1.3097049453176914,0.17340182916718444,0.13295612720128944,-14.377067168927557,-13.840358305127195,-0.4506042498267477,0.6121620963649917,0.3364722366212129,0.37843643572024505,0,0,0,1,0,0,0,0,0,0,0.0
8565_2010,0.0842338189194173,0.06744046233806532,0.22223861331366404,0.14680785043829028,0.07206343352387977,0.051731828407416025,1.3097049453176914,1.7654518166569022,0.13295612720128944,0.1724840630143943,-13.840358305127195,-12.787915487113256,0.6121620963649917,1.0105021601890076,0.37843643572024505,1.664872619322201,0,0,0,1,0,0,0,0,0,0,0.0
8586_2008,0.05837720349504849,0.03028779045898678,0.18448253849865426,0.3637408654240907,0.02180839572793392,0.162410706954594,1.9195666800764235,1.181201608546906,0.09373294238059482,0.100635352934814,-10.902256816829826,-11.550089985428393,-0.33254731107462865,-0.5963866799834893,2.7080502011022096,2.4849066497880004,0,0,1,0,0,0,0,0,0,0,0.0
8586_2009,0.03028779045898678,0.02587512068361293,0.3637408654240907,0.43468956088479616,0.162410706954594,0.3048291452483555,1.181201608546906,0.8084708835663575,0.100635352934814,0.18058420818474893,-11.550089985428393,-11.474151987585552,-0.5963866799834893,-0.1126543371562408,2.4849066497880004,2.0668627594729756,0,0,1,0,0,0,0,0,0,0,0.0
8586_2010,0.02587512068361293,-0.07232061091252842,0.43468956088479616,0.35458701367758705,0.3048291452483555,0.25742100184140304,0.8084708835663575,1.1150515984811369,0.18058420818474893,0.16058201061936042,-11.474151987585552,-11.45810610798423,-0.1126543371562408,-0.039735841167898016,2.0668627594729756,2.3174737054877963,0,0,1,0,0,0,0,0,0,0,0.0
8598_2008,0.035284906203262086,0.023678023326250963,0.2966303249454438,0.5058682933414756,0.014534513477771656,0.01666630799045911,2.9119566859233,2.9209547423497577,0.0412307871500784,0.07597366296217771,-7.257917492306688,-7.247488335186094,0.07052216314349824,0.036518439842258964,2.7080502011022096,2.7080502011022096,0,0,0,0,0,0,1,0,0,0,0.0
8598_2009,0.023678023326250963,0.04586090058396482,0.5058682933414756,0.5429962868790352,0.01666630799045911,0.018698996371669312,2.9209547423497577,1.9541173079770968,0.07597366296217771,0.1237660080168374,-7.247488335186094,-7.233301587229493,0.036518439842258964,0.0748951421070862,2.7080502011022096,2.7080502011022096,0,0,0,0,0,0,1,0,0,0,0.0
8598_2010,0.04586090058396482,0.037248214589781344,0.5429962868790352,0.4188076564800625,0.018698996371669312,0.028405676252291238,1.9541173079770968,2.142784933534781,0.1237660080168374,0.0697214738418175,-7.233301587229493,-7.197930089638071,0.0748951421070862,0.1265626015609808,2.7080502011022096,2.7080502011022096,0,0,0,0,0,0,1,0,0,0,0.0
8600_2008,0.04126356932399139,0.031614449036697086,0.3179438968272761,0.35732480255754306,0.005533673869699146,0.00838095495574653,1.6926910030497435,1.2487543335157971,0.16235766148129752,0.14670640087787187,-10.354861822045207,-10.652302725118798,-0.28178756198770993,-0.10999496615410467,2.7080502011022096,2.6354795082673745,0,1,0,0,0,0,0,0,0,0,0.0
8600_2009,0.031614449036697086,0.0326256822669099,0.35732480255754306,0.2527438720551851,0.00838095495574653,0.00902527727587198,1.2487543335157971,1.5241893930622812,0.14670640087787187,0.12190494325122155,-10.652302725118798,-9.850643954903394,-0.10999496615410467,0.5287353180064703,2.6354795082673745,2.7080502011022096,0,1,0,0,0,0,0,0,0,0,0.0
8600_2010,0.0326256822669099,0.030533058741648317,0.2527438720551851,0.2626496245636928,0.00902527727587198,0.010376021929294392,1.5241893930622812,1.3776848992912234,0.12190494325122155,0.07984546701842728,-9.850643954903394,-10.137434103128475,0.5287353180064703,-0.2804080951029036,2.7080502011022096,2.7080502011022096,0,1,0,0,0,0,0,0,0,0,0.0
8674_2008,0.007648883965358117,0.006626918052179434,0.8719064971630781,0.9011990501488638,0.08221357496189889,0.06467231883182231,1.5222441785943177,1.1099021451769022,0.04465865805738422,0.035076032977532576,-8.87811688266488,-9.217810365032577,-0.051407867141554126,-0.35735074611822903,2.7080502011022096,2.7080502011022096,0,0,0,0,0,1,0,0,0,0,0.0
8674_2009,0.006626918052179434,0.005390094361161469,0.9011990501488638,0.9058047713718118,0.06467231883182231,0.045460519213278976,1.1099021451769022,1.0912980624482391,0.035076032977532576,0.10291043249002782,-9.217810365032577,-8.677277365019613,-0.35735074611822903,0.5341833383851461,2.7080502011022096,2.7080502011022096,0,0,0,0,0,1,0,0,0,0,0.0
8674_2010,0.005390094361161469,0.006247673992653533,0.9058047713718118,0.9080047391902902,0.045460519213278976,0.06463529192998006,1.0912980624482391,1.0879289588782242,0.10291043249002782,0.12613689031544265,-8.677277365019613,-8.841044967562409,0.5341833383851461,-0.13741059653397458,2.7080502011022096,2.7080502011022096,0,0,0,0,0,1,0,0,0,0,0.0
8677_2008,0.013942451890909544,0.01499226906094234,0.78029457334074,0.7805841701831906,0.1299615411236665,0.10989634554147294,2.2535511247276245,1.9515065364402324,0.09196591719076347,0.035536060221039265,-12.233921477745573,-12.34368226459758,-0.3020587538087971,-0.14395501563832286,2.7080502011022096,2.651832521103981,0,0,0,0,0,1,0,0,0,0,0.0
8677_2009,0.01499226906094234,0.011025225972116196,0.7805841701831906,0.8135108723583443,0.10989634554147294,0.07582234343260039,1.9515065364402324,1.7084243318802204,0.035536060221039265,0.06235418153269238,-12.34368226459758,-11.970004211758313,-0.14395501563832286,0.30687654228036193,2.651832521103981,2.525728644308256,0,0,0,0,0,1,0,0,0,0,0.0
8677_2010,0.011025225972116196,0.0067208672865917965,0.8135108723583443,0.8566338374463004,0.07582234343260039,0.03444174930877497,1.7084243318802204,1.3851001187876506,0.06235418153269238,0.12157103239929715,-11.970004211758313,-12.424702655030424,0.30687654228036193,-0.4808556538839226,2.525728644308256,2.299078953664758,0,0,0,0,0,1,0,0,0,0,0.0
8702_2008,0.05283760185381058,0.04888107453398053,0.10549578704211623,0.1177811213679154,0.20080604149252845,0.12616733486417453,2.4882055370116243,3.082668235249165,0.1365831634637058,0.0636678966051628,-9.062483015786118,-9.144224922305689,-0.543672487185408,-0.19422293979294936,2.7080502011022096,2.651832521103981,0,1,0,0,0,0,0,0,0,0,0.0
8702_2009,0.04888107453398053,0.041580199723781214,0.1177811213679154,0.11747321604731376,0.12616733486417453,0.033809466079998865,3.082668235249165,3.1426947983239515,0.0636678966051628,0.0807118723176993,-9.144224922305689,-8.573057548031562,-0.19422293979294936,0.3895874032413516,2.651832521103981,2.7080502011022096,0,1,0,0,0,0,0,0,0,0,0.0
8702_2010,0.041580199723781214,0.03631224359407618,0.11747321604731376,0.11700016705838245,0.033809466079998865,0.037924165696410286,3.1426947983239515,2.9502875144524183,0.0807118723176993,0.09115865700630917,-8.573057548031562,-8.87749949865044,0.3895874032413516,-0.17052821984741814,2.7080502011022096,2.7080502011022096,0,1,0,0,0,0,0,0,0,0,0.0
8721_2008,-0.10438547352009976,-0.07927029323128022,0.16504021320757892,0.07682229331239737,0.1893108327969288,0.21890768505394653,7.4299416510808935,4.132126355345964,0.20661566787174634,0.212084999478373,-11.371236626111164,-10.822216315017283,0.3936521873151181,-0.044747828858962536,0.6471032420585384,1.043804052173115,0,0,0,0,1,0,0,0,0,0,0.0
8721_2009,-0.07927029323128022,-0.6656739561156303,0.07682229331239737,0.31075942357154285,0.21890768505394653,0.6163255762438622,4.132126355345964,1.6542172838193463,0.212084999478373,0.18797419140089586,-10.822216315017283,-12.537172714293476,-0.044747828858962536,-1.3935331483594653,1.043804052173115,-1.203972804325936,0,0,0,0,1,0,0,0,0,0,0.0
8721_2010,-0.6656739561156303,-0.037237418019496885,0.31075942357154285,0.053753764470227915,0.6163255762438622,0.25323771591884103,1.6542172838193463,3.2344680110823067,0.18797419140089586,0.2487869370094877,-12.537172714293476,-11.306993514266253,-1.3935331483594653,1.1241158511412266,-1.203972804325936,0.11332868530700327,0,0,0,0,1,0,0,0,0,0,0.0
8743_2008,0.012944134560028424,0.005593225861338681,0.06649225993335786,0.06176532344774406,0.2236008331619489,0.2162306725989856,2.458297224758513,2.4753763848973964,0.1525363582765454,0.07184672051953622,-10.41944398643638,-10.342771159266086,-0.3832862619372399,0.05411581637675815,2.1114245875328868,2.1849270495258133,0,0,0,0,1,0,0,0,0,0,0.0
8743_2009,0.005593225861338681,-0.16287119921634347,0.06176532344774406,0.12286555405631308,0.2162306725989856,0.4297560343063249,2.4753763848973964,1.4731200259866817,0.07184672051953622,0.16094883221570522,-10.342771159266086,-10.749740864056704,0.05411581637675815,-0.34500980201135784,2.1849270495258133,1.3029127521808397,0,0,0,0,1,0,0,0,0,0,0.0
8743_2010,-0.16287119921634347,-0.0304590414972765,0.12286555405631308,0.09038300500100582,0.4297560343063249,0.3105941169957787,1.4731200259866817,1.998346333644916,0.16094883221570522,0.21248084755601926,-10.749740864056704,-10.658395928777528,-0.34500980201135784,0.2708249525811587,1.3029127521808397,1.6253112615903906,0,0,0,0,1,0,0,0,0,0,0.0
8760_2008,-0.06509531119445039,0.0,0.4859802187979713,0.0,0.26368458892796764,0.0,1.1441460534681644,0.0,0.2025378184758397,0.0,-15.592060762684573,0.0,-1.1182255871389049,0.0,-0.5621189181535413,0.0,1,0,0,0,0,0,0,0,0,0,1.0
8760_2009,0.0,0.0,0.0,0.0,0.0,0.0,0.0,0.0,0.0,0.0,0.0,0.0,0.0,0.0,0.0,0.0,1,0,0,0,0,0,0,0,0,0,1.0
8760_2010,0.0,0.0,0.0,0.0,0.0,0.0,0.0,0.0,0.0,0.0,0.0,0.0,0.0,0.0,0.0,0.0,1,0,0,0,0,0,0,0,0,0,1.0
8762_2008,0.02521173702420333,0.02449841010557462,0.4647495534841979,0.5791258376122143,0.0017608612902792926,0.0016694575670412324,1.1810759531929746,0.7763015913549092,0.1145250655648992,0.0641238301693025,-11.328668489020204,-11.758173476333244,-0.13311401836797246,-0.4009446076237408,2.5368663887187117,2.1174596088673567,0,0,1,0,0,0,0,0,0,0,0.0
8762_2009,0.02449841010557462,-0.1910402180327171,0.5791258376122143,0.8825640744864003,0.0016694575670412324,0.0006874357430085353,0.7763015913549092,0.1954645421812158,0.0641238301693025,0.27306452896052386,-11.758173476333244,-12.986799278697314,-0.4009446076237408,-1.270782551810843,2.1174596088673567,0.4252677354043441,0,0,1,0,0,0,0,0,0,0,0.0
8762_2010,-0.1910402180327171,-0.2880727428496743,0.8825640744864003,0.7633195494355627,0.0006874357430085353,0.00038320285048177487,0.1954645421812158,0.5386227874547205,0.27306452896052386,0.2301182449019653,-12.986799278697314,-12.637002575723276,-1.270782551810843,0.26199768909907684,0.4252677354043441,0.9969486348916096,0,0,1,0,0,0,0,0,0,0,0.0
8766_2008,0.00942494812656051,0.008988654086613408,0.8623615450474964,0.9061287286588816,0.0748720034084744,0.08110889231914369,1.889222130602354,1.4000411285277343,0.02768083438096349,0.07015439691690382,-10.262340848831283,-10.635014987742947,-0.046896601309096224,-0.3406960029656608,2.7080502011022096,2.7080502011022096,0,0,0,0,0,1,0,0,0,0,0.0
8766_2009,0.008988654086613408,0.00459519326153752,0.9061287286588816,0.9158277695593736,0.08110889231914369,0.07078408816938789,1.4000411285277343,1.3164045871406815,0.07015439691690382,0.1201134295094211,-10.635014987742947,-10.18735353971706,-0.3406960029656608,0.31526155228572045,2.7080502011022096,2.7080502011022096,0,0,0,0,0,1,0,0,0,0,0.0
8766_2010,0.00459519326153752,0.00018273688253744852,0.9158277695593736,0.94998565942685,0.07078408816938789,0.0886808585513447,1.3164045871406815,0.6262326793347192,0.1201134295094211,0.19583592937995647,-10.18735353971706,-10.90978824062401,0.31526155228572045,-0.3033069664129695,2.7080502011022096,2.7080502011022096,0,0,0,0,0,1,0,0,0,0,0.0
8778_2008,0.07239990445518865,0.05878648792365172,0.2648897528189837,0.3523970781674176,0.06427310441016179,0.18857574655061432,1.3504058828424659,0.9386821251021764,0.06366927127360328,0.050656669718564064,-11.462505576417012,-11.842406507086652,0.0048112044488464725,-0.3529592322426217,2.7080502011022096,2.7080502011022096,0,0,0,0,0,1,0,0,0,0,0.0
8778_2009,0.05878648792365172,-0.00872138456956318,0.3523970781674176,0.3686130418243102,0.18857574655061432,0.19069827105738865,0.9386821251021764,0.957590497666726,0.050656669718564064,0.10005315551800632,-11.842406507086652,-11.426066706837526,-0.3529592322426217,0.3785161392221378,2.7080502011022096,2.7080502011022096,0,0,0,0,0,1,0,0,0,0,0.0
8778_2010,-0.00872138456956318,0.040317093228581805,0.3686130418243102,0.4105096618256655,0.19069827105738865,0.3144967042508693,0.957590497666726,0.7464182358771059,0.10005315551800632,0.09613093199269976,-11.426066706837526,-11.853703480455751,0.3785161392221378,-0.392300355573839,2.7080502011022096,2.7080502011022096,0,0,0,0,0,1,0,0,0,0,0.0
8786_2008,0.02655136454747357,0.025041419542081517,0.1381972780568705,0.1095700239050266,0.07460698829228125,0.06786328111796007,3.015070806280697,3.0725163101380515,0.22231041301501936,0.05968414373702239,-8.179967061607964,-7.953898426414473,-0.09398121343856217,0.21039517067005786,2.7080502011022096,2.7080502011022096,0,0,0,0,1,0,0,0,0,0,0.0
8786_2009,0.025041419542081517,0.051624595294975456,0.1095700239050266,0.1556178162181592,0.06786328111796007,0.08452611465745502,3.0725163101380515,2.0730718954678684,0.05968414373702239,0.11255482152259637,-7.953898426414473,-7.832440426065223,0.21039517067005786,0.11065733221202162,2.7080502011022096,2.7080502011022096,0,0,0,0,1,0,0,0,0,0,0.0
8786_2010,0.051624595294975456,0.026468334861067408,0.1556178162181592,0.07767761618759662,0.08452611465745502,0.07645547453244497,2.0730718954678684,3.2152084119366267,0.11255482152259637,0.10046300849699852,-7.832440426065223,-7.28516907076841,0.11065733221202162,0.5972836080272261,2.7080502011022096,2.7080502011022096,0,0,0,0,1,0,0,0,0,0,0.0
8810_2008,0.007450035744190106,0.005648215242660162,0.8470193934971506,0.9020843456848504,0.027148222038862902,0.01819641298030637,1.398883156151973,0.9693161049636714,0.01995424560676133,0.049627190173905184,-8.445106885779191,-8.925949826835076,-0.07121442724587758,-0.4605868115141711,2.7080502011022096,2.7080502011022096,0,0,0,0,0,1,0,0,0,0,0.0
8810_2009,0.005648215242660162,-0.01958963897219982,0.9020843456848504,0.9556418516326652,0.01819641298030637,0.017126371067010804,0.9693161049636714,0.6048210213091617,0.049627190173905184,0.16022530157077025,-8.925949826835076,-9.287990563730744,-0.4605868115141711,-0.4791061736568028,2.7080502011022096,2.6232182655855123,0,0,0,0,0,1,0,0,0,0,0.0
8810_2010,-0.01958963897219982,-0.004527289814859754,0.9556418516326652,0.944651715101301,0.017126371067010804,0.033610721219918316,0.6048210213091617,0.6306699425982607,0.16022530157077025,0.4019431208736945,-9.287990563730744,-9.371768200895984,-0.4791061736568028,0.7470069472235342,2.6232182655855123,2.4740142086215764,0,0,0,0,0,1,0,0,0,0,0.0
8811_2008,0.0,0.0,0.0,0.0,0.0,0.0,0.0,0.0,0.0,0.0,0.0,0.0,0.0,0.0,0.0,0.0,0,0,0,0,0,1,0,0,0,0,0.0
8811_2009,0.0,-0.005743787606038743,0.0,0.7131980543819898,0.0,0.1278739707422306,0.0,1.3006769545220105,0.0,0.044376228282266825,0.0,-7.8923128437201795,0.0,-0.017078253108182558,0.0,2.7080502011022096,0,0,0,0,0,1,0,0,0,0,0.0
8811_2010,-0.005743787606038743,0.0,0.7131980543819898,0.0,0.1278739707422306,0.0,1.3006769545220105,0.0,0.044376228282266825,0.0,-7.8923128437201795,0.0,-0.017078253108182558,0.0,2.7080502011022096,0.0,0,0,0,0,0,1,0,0,0,0,0.0
8820_2008,0.028376096890691687,-0.0351216414399354,0.4743508650566744,0.5088837869167036,0.011236831866256748,0.02155915915567596,1.7849638169921014,1.7508679558111286,0.07880007567495557,0.1197228288150248,-8.794278459762735,-9.386250396950485,0.011324434040050927,-0.5214802933610252,2.7080502011022096,2.149433913499871,0,0,1,0,0,0,0,0,0,0,0.0
8820_2009,-0.0351216414399354,-0.119015407804705,0.5088837869167036,0.8259773975662187,0.02155915915567596,0.027900096173854392,1.7508679558111286,0.5773306975819398,0.1197228288150248,0.31556005343183513,-9.386250396950485,-10.417336092507446,-0.5214802933610252,-1.2244739184578513,2.149433913499871,0.6097655716208943,0,0,1,0,0,0,0,0,0,0,0.0
8820_2010,-0.119015407804705,-0.1162534618702423,0.8259773975662187,0.8450825552007506,0.027900096173854392,0.09214825128259456,0.5773306975819398,0.5862459272250701,0.31556005343183513,0.3326021058967909,-10.417336092507446,-10.55102914156899,-1.2244739184578513,-0.3355358481776414,0.6097655716208943,0.7030975114131134,0,0,1,0,0,0,0,0,0,0,0.0
8826_2008,0.011555187303294318,0.0,0.4812473664571487,0.0,0.02214737953820845,0.0,1.352207681521144,0.0,0.060392832487181476,0.0,-9.830230578210546,0.0,-0.032034483998160015,0.0,2.7080502011022096,0.0,0,0,0,0,0,0,0,0,0,1,0.0
8826_2009,0.0,0.012838962586669113,0.0,0.7835470388845537,0.0,0.015536018128685044,0.0,0.7328246940158945,0.0,0.26789381015846697,0.0,-10.123744746982268,0.0,-0.030366468358545118,0.0,1.9572739077056285,0,0,0,0,0,0,0,0,0,1,0.0
8826_2010,0.012838962586669113,0.0,0.7835470388845537,0.0,0.015536018128685044,0.0,0.7328246940158945,0.0,0.26789381015846697,0.0,-10.123744746982268,0.0,-0.030366468358545118,0.0,1.9572739077056285,0.0,0,0,0,0,0,0,0,0,0,1,0.0
8879_2008,0.010949013311238308,0.010391827653864349,0.8373454684328643,0.8748566734186697,0.023200946528401115,0.04298734001703492,1.6242579612735544,1.3047851820802647,0.021526431799307588,0.2064510184516539,-11.233078822865284,-11.441021920339475,-0.056916561157096625,-0.8685695206991434,2.7080502011022096,2.7080502011022096,0,0,0,0,0,1,0,0,0,0,0.0
8879_2009,0.010391827653864349,0.009746170237066832,0.8748566734186697,0.8715137910714945,0.04298734001703492,0.016119302387150033,1.3047851820802647,1.5624585969451643,0.2064510184516539,0.07804457800068773,-11.441021920339475,-10.735291751472136,-0.8685695206991434,0.6457200090997173,2.7080502011022096,2.7080502011022096,0,0,0,0,0,1,0,0,0,0,0.0
8879_2010,0.009746170237066832,0.00773364372838717,0.8715137910714945,0.8953787874131458,0.016119302387150033,0.019152874485024514,1.5624585969451643,1.4803733082291497,0.07804457800068773,0.091424299430907,-10.735291751472136,-10.906114579462717,0.6457200090997173,-0.13824567568976534,2.7080502011022096,2.7080502011022096,0,0,0,0,0,1,0,0,0,0,0.0
8889_2008,0.004991944845762978,0.00414461650715546,0.9532024723486576,0.9589799878333096,0.03355002882604255,0.02305068836303901,1.1484577319064742,0.7916564543013567,0.08937683861853297,0.13456702492408054,-9.712051798411213,-9.856476267317852,-0.3984677809084251,-0.3988375522633688,2.254444717666111,1.986503546020567,0,0,0,0,0,1,0,0,0,0,0.0
8889_2009,0.00414461650715546,0.00579404859605486,0.9589799878333096,0.9456642337006684,0.02305068836303901,0.021383489808009373,0.7916564543013567,1.029622056311562,0.13456702492408054,0.1978830116866568,-9.856476267317852,-8.938390831425977,-0.3988375522633688,0.5794556634800079,1.986503546020567,2.4105422344991383,0,0,0,0,0,1,0,0,0,0,0.0
8889_2010,0.00579404859605486,-0.015085159060481076,0.9456642337006684,0.9883320814124632,0.021383489808009373,0.03859636949397957,1.029622056311562,0.3406757649626938,0.1978830116866568,0.2850442801365113,-8.938390831425977,-10.75024316440347,0.5794556634800079,-1.4252891357414228,2.4105422344991383,0.8329091229351039,0,0,0,0,0,1,0,0,0,0,0.0
8909_2008,0.04838232100910006,0.0524074833772205,0.017341439823131133,0.01967033776178905,0.07761700783671213,0.11654938096289982,4.902140356578384,4.017510356630184,0.07528031535628436,0.06599787886666357,-11.758630747254985,-11.94088749377554,0.1714584823943554,-0.16710556126568638,2.7080502011022096,2.7080502011022096,0,0,0,0,1,0,0,0,0,0,0.0
8909_2009,0.0524074833772205,0.08331883415370626,0.01967033776178905,0.05803413574599683,0.11654938096289982,0.18605721469823933,4.017510356630184,2.60999858482717,0.06599787886666357,0.1426563961420396,-11.94088749377554,-12.362742205689257,-0.16710556126568638,-0.5444332884445837,2.7080502011022096,1.8656293177945105,0,0,0,0,1,0,0,0,0,0,0.0
8909_2010,0.08331883415370626,0.038652356604060134,0.05803413574599683,0.033108894851414966,0.18605721469823933,0.1479775224016605,2.60999858482717,3.1349922852171628,0.1426563961420396,0.09973382501366987,-12.362742205689257,-12.46804383945457,-0.5444332884445837,-0.2233203752193309,1.8656293177945105,1.9947003132247447,0,0,0,0,1,0,0,0,0,0,0.0
892_2008,0.025086598546615185,0.027620846435167504,0.5105708962030345,0.5482731738964376,0.010715585255278286,0.005426644552688993,1.7006372893235122,1.6705939171411424,0.059411079127717564,0.05054899613306522,-11.051063524445583,-10.996556341928306,-0.13397197623014892,0.061035706231801365,2.7080502011022096,2.7080502011022096,0,0,0,0,0,0,0,0,1,0,0.0
892_2009,0.027620846435167504,0.02848828080019261,0.5482731738964376,0.5500455368639233,0.005426644552688993,0.003372868403697384,1.6705939171411424,1.6249713625960347,0.05054899613306522,0.06343194316270198,-10.996556341928306,-10.507048726887547,0.061035706231801365,0.4647003086429251,2.7080502011022096,2.7080502011022096,0,0,0,0,0,0,0,0,1,0,0.0
892_2010,0.02848828080019261,0.022440752643956008,0.5500455368639233,0.5749883504868093,0.003372868403697384,0.003992102187652236,1.6249713625960347,1.375345020870842,0.06343194316270198,0.07094233408664104,-10.507048726887547,-10.405908691197254,0.4647003086429251,-0.19565964327595756,2.7080502011022096,2.7080502011022096,0,0,0,0,0,0,0,0,1,0,0.0
9002_2008,0.027738359468525275,0.033012608531947214,0.2540749693446956,0.19186022735124936,0.0033110781240264504,0.005642533100745569,2.7633599485615865,2.671490141001664,0.1404817253419769,0.1212773560071444,-10.33099360038118,-10.24351329246248,-0.5894739541294836,0.020018633984425983,2.7080502011022096,2.7080502011022096,1,0,0,0,0,0,0,0,0,0,0.0
9002_2009,0.033012608531947214,0.04485574974350058,0.19186022735124936,0.2935128668714779,0.005642533100745569,0.002753769740484651,2.671490141001664,1.8344489144487257,0.1212773560071444,0.16650636270657834,-10.24351329246248,-10.1234308736649,0.020018633984425983,0.15259504945010455,2.7080502011022096,2.4595888418037104,1,0,0,0,0,0,0,0,0,0,0.0
9002_2010,0.04485574974350058,-0.017631194636023497,0.2935128668714779,0.3095098503526087,0.002753769740484651,0.0011664791061663498,1.8344489144487257,1.4129937877746768,0.16650636270657834,0.13409718412936986,-10.1234308736649,-10.693156295788896,0.15259504945010455,-0.8343864421678344,2.4595888418037104,2.1162555148025524,1,0,0,0,0,0,0,0,0,0,0.0
9010_2008,0.030371331252526463,0.030218680327322413,0.3990601578497446,0.4387223005185714,0.20638671862057084,0.18694103974786014,0.9500465647473922,0.7179757564375866,0.08569289834168098,0.08784152293551263,-9.833319554689671,-10.111965108541721,-0.20400647482776785,-0.30665314179863834,2.7080502011022096,2.5233257596919447,0,0,0,0,0,0,1,0,0,0,0.0
9010_2009,0.030218680327322413,-0.5947256457075716,0.4387223005185714,0.9187864340530766,0.18694103974786014,0.24014765641158914,0.7179757564375866,0.08285203551030994,0.08784152293551263,0.5891354201573402,-10.111965108541721,-11.468882445827939,-0.30665314179863834,-1.4125813433301595,2.5233257596919447,0.6678293725756554,0,0,0,0,0,0,1,0,0,0,0.0
9010_2010,-0.5947256457075716,-0.09622404981333772,0.9187864340530766,0.4912454712016641,0.24014765641158914,0.20362257947495785,0.08285203551030994,0.5801620733830953,0.5891354201573402,0.3241380893543994,-11.468882445827939,-10.644145190823844,-1.4125813433301595,0.7324740650846312,0.6678293725756554,1.4929040961781488,0,0,0,0,0,0,1,0,0,0,0.0
9023_2008,0.020991282566372782,0.06506178337581198,0.24488176283124385,0.2720840241792837,0.0012747541634115793,0.0006621734089336281,1.2027078752035787,1.1986295780829983,0.13604365876705,0.09599092442425927,-11.413648875231445,-11.365833895278525,-0.5577058021453921,0.16998551819902852,2.4731713935695794,2.5297206655777926,0,0,1,0,0,0,0,0,0,0,0.0
9023_2009,0.06506178337581198,0.07094536501639913,0.2720840241792837,0.2462326370866836,0.0006621734089336281,0.0006656328226714541,1.1986295780829983,1.1867745568506387,0.09599092442425927,0.22773681508983554,-11.365833895278525,-10.784549369894274,0.16998551819902852,0.6102319907807018,2.5297206655777926,2.6253929674212007,0,0,1,0,0,0,0,0,0,0,0.0
9023_2010,0.07094536501639913,0.07405626551819904,0.2462326370866836,0.20637598497817605,0.0006656328226714541,0.0007405902891480032,1.1867745568506387,1.5341413989251607,0.22773681508983554,0.1873789706710846,-10.784549369894274,-10.377796564082196,0.6102319907807018,0.7668380504574531,2.6253929674212007,2.7080502011022096,0,0,1,0,0,0,0,0,0,0,0.0
9028_2008,0.057030293841695064,0.02809998735974864,0.07523747058396997,0.16299752703653764,0.05752742749539121,0.01076135685441059,3.9383390754300267,4.5294981623795465,0.1619470173761185,0.062224986073284035,-10.540226168896956,-9.773966763945301,-0.4023639119303848,0.6731275488024204,2.7080502011022096,2.7080502011022096,0,0,0,0,0,0,0,0,0,0,0.0
9028_2009,0.02809998735974864,0.06731966857062621,0.16299752703653764,0.30968222308185234,0.01076135685441059,0.040165798598728285,4.5294981623795465,1.879216559022099,0.062224986073284035,0.15634662600510396,-9.773966763945301,-10.36767783270212,0.6731275488024204,-0.6003475400886744,2.7080502011022096,2.7080502011022096,0,0,0,0,0,0,0,0,0,0,0.0
9028_2010,0.06731966857062621,0.024348598794959396,0.30968222308185234,0.2650605154816816,0.040165798598728285,0.06382927214806819,1.879216559022099,1.7832475549266866,0.15634662600510396,0.2506706300203768,-10.36767783270212,-10.557697513345008,-0.6003475400886744,0.20502735325984867,2.7080502011022096,2.7080502011022096,0,0,0,0,0,0,0,0,0,0,0.0
904_2008,0.07431797568585044,0.024698744621823504,0.3055325917739343,0.3175832778445009,0.09376540646729783,0.046379598591300114,1.4874735554778429,1.4325425139274977,0.06346494885608543,0.10514326011622324,-10.835200268493443,-10.901576223944158,-0.16438319849171248,-0.12417891969787465,2.7080502011022096,2.6796507265805123,0,0,0,0,1,0,0,0,0,0,0.0
904_2009,0.024698744621823504,0.0330256812377811,0.3175832778445009,0.4197183034381204,0.046379598591300114,0.06959213492622504,1.4325425139274977,0.913990095679058,0.10514326011622324,0.16139108090112667,-10.901576223944158,-10.38946208339228,-0.12417891969787465,0.6601905586623019,2.6796507265805123,2.6858045921548905,0,0,0,0,1,0,0,0,0,0,0.0
904_2010,0.0330256812377811,0.04468661534120868,0.4197183034381204,0.2604877497136228,0.06959213492622504,0.06707154135097723,0.913990095679058,1.3269300900332806,0.16139108090112667,0.10999147093076353,-10.38946208339228,-10.288272873346507,0.6601905586623019,0.0006126879495790827,2.6858045921548905,2.7080502011022096,0,0,0,0,1,0,0,0,0,0,0.0
9053_2008,0.0,0.0,0.0,0.0,0.0,0.0,0.0,0.0,0.0,0.0,0.0,0.0,0.0,0.0,0.0,0.0,0,0,0,0,0,1,0,0,0,0,0.0
9053_2009,0.0,0.0,0.0,0.0,0.0,0.0,0.0,0.0,0.0,0.0,0.0,0.0,0.0,0.0,0.0,0.0,0,0,0,0,0,1,0,0,0,0,0.0
9053_2010,0.0,0.0,0.0,0.0,0.0,0.0,0.0,0.0,0.0,0.0,0.0,0.0,0.0,0.0,0.0,0.0,0,0,0,0,0,1,0,0,0,0,0.0
9058_2008,-0.0011727718752675114,0.006919180451119499,0.9272991915844132,0.9457628474836232,0.008973794979769226,0.01492037887027666,1.1584276715726003,1.0977442700626034,0.06255216498580844,0.09859740910589117,-10.602207103574631,-10.591241901526695,-0.16642757422016385,0.028025981049176432,2.5610957881455465,2.596000697293587,0,0,0,0,0,1,0,0,0,0,0.0
9058_2009,0.006919180451119499,0.004398136667590456,0.9457628474836232,0.9758673961958892,0.01492037887027666,0.010896346655517496,1.0977442700626034,0.7790598499647482,0.09859740910589117,0.31145478818993705,-10.591241901526695,-10.885972943971293,0.028025981049176432,-0.550448462596806,2.596000697293587,1.80005827204275,0,0,0,0,0,1,0,0,0,0,0.0
9058_2010,0.004398136667590456,0.0035395813745052952,0.9758673961958892,0.9596233188145448,0.010896346655517496,0.04275002873162043,0.7790598499647482,0.9985304620117564,0.31145478818993705,0.5041729685017335,-10.885972943971293,-10.543522948766118,-0.550448462596806,0.4634618759815282,1.80005827204275,2.379546134130174,0,0,0,0,0,1,0,0,0,0,0.0
9096_2008,0.03803534427804325,0.03362997638963429,0.4286266161562592,0.4473113364446503,0.14454636945508567,0.1568650658416983,0.8464725366532783,0.8369964683093498,0.03370591926339879,0.1089273449778402,-11.3061280301179,-11.689943330870864,-0.0686634054542723,-0.3797844767127017,2.6390573296152584,2.276241117654444,0,0,0,0,0,1,0,0,0,0,0.0
9096_2009,0.03362997638963429,0.023747111125322563,0.4473113364446503,0.6263815063036487,0.1568650658416983,0.2442064328444216,0.8369964683093498,0.5685179048542477,0.1089273449778402,0.1112839160670795,-11.689943330870864,-11.669316956319115,-0.3797844767127017,-0.006218731541642708,2.276241117654444,1.8885836538635947,0,0,0,0,0,1,0,0,0,0,0.0
9096_2010,0.023747111125322563,0.022506390643768432,0.6263815063036487,0.7201173884553178,0.2442064328444216,0.1529277908069585,0.5685179048542477,0.6292783149779951,0.1112839160670795,0.14695774031409073,-11.669316956319115,-11.219079942224369,-0.006218731541642708,0.2795192663604835,1.8885836538635947,2.569554123848285,0,0,0,0,0,1,0,0,0,0,0.0
90_2008,0.01950176796915364,0.020156736208411408,0.6173122355102311,0.6973517304246539,0.05928916239880268,0.07051843205913821,4.346977241203705,3.776746054674805,0.026323559786720897,0.05531760591662651,-5.159904650476697,-5.354345941310992,0.04055795748675325,-0.12956894304885844,2.7080502011022096,2.7080502011022096,0,0,0,0,0,1,0,0,0,0,0.0
90_2009,0.020156736208411408,0.019881989819596168,0.6973517304246539,0.8414891971329861,0.07051843205913821,0.16964147593756215,3.776746054674805,1.6799519076877434,0.05531760591662651,0.11770506318513695,-5.354345941310992,-5.899708656920938,-0.12956894304885844,-0.5537948295397477,2.7080502011022096,2.7080502011022096,0,0,0,0,0,1,0,0,0,0,0.0
90_2010,0.019881989819596168,0.01348256229956557,0.8414891971329861,0.6942696704887094,0.16964147593756215,0.1637846476531733,1.6799519076877434,2.714178013804029,0.11770506318513695,0.22785055218335604,-5.899708656920938,-5.328019986485807,-0.5537948295397477,0.5878961495203727,2.7080502011022096,2.7080502011022096,0,0,0,0,0,1,0,0,0,0,0.0
9117_2008,0.05929604017701452,0.04937570343839389,0.17924691608728652,0.2649473449578621,0.14238195132261866,0.17504778454049613,2.2231880353444318,1.777055157254914,0.06425342018225627,0.09483180625074307,-9.799371967000004,-10.235590373463896,-0.045687797686458975,-0.3824801650186742,2.7080502011022096,2.7080502011022096,0,0,1,0,0,0,0,0,0,0,0.0
9117_2009,0.04937570343839389,0.05981185424928422,0.2649473449578621,0.3086088240001422,0.17504778454049613,0.25750537940355306,1.777055157254914,1.4163018053576784,0.09483180625074307,0.10867899958613472,-10.235590373463896,-9.842157172242091,-0.3824801650186742,0.3394495800252001,2.7080502011022096,2.7080502011022096,0,0,1,0,0,0,0,0,0,0,0.0
9117_2010,0.05981185424928422,0.05758692114385632,0.3086088240001422,0.2386752327919672,0.25750537940355306,0.2528149516359203,1.4163018053576784,1.8750027309985489,0.10867899958613472,0.11927291702925008,-9.842157172242091,-9.785588151810472,0.3394495800252001,0.1195447895455477,2.7080502011022096,2.7080502011022096,0,0,1,0,0,0,0,0,0,0,0.0
913_2008,0.0,0.0,0.0,0.0,0.0,0.0,0.0,0.0,0.0,0.0,0.0,0.0,0.0,0.0,0.0,0.0,0,0,0,0,0,1,0,0,0,0,0.0
913_2009,0.0,0.0,0.0,0.0,0.0,0.0,0.0,0.0,0.0,0.0,0.0,0.0,0.0,0.0,0.0,0.0,0,0,0,0,0,1,0,0,0,0,0.0
913_2010,0.0,0.0,0.0,0.0,0.0,0.0,0.0,0.0,0.0,0.0,0.0,0.0,0.0,0.0,0.0,0.0,0,0,0,0,0,1,0,0,0,0,0.0
9141_2008,0.00843844410339564,0.009031880924609513,0.8629574731183619,0.8875257922110815,0.0641202838958052,0.06899180935533904,1.7632295157903144,1.4775101097229162,0.0561766153280814,0.08298411683687508,-10.61169913843244,-10.765910568374887,-0.13435866471966704,-0.31701403540284906,2.7080502011022096,2.7080502011022096,0,0,0,0,0,1,0,0,0,0,0.0
9141_2009,0.009031880924609513,0.007762365027711165,0.8875257922110815,0.8927157197574925,0.06899180935533904,0.0792921795468719,1.4775101097229162,1.332195533935138,0.08298411683687508,0.1323966406119128,-10.765910568374887,-10.15879584536469,-0.31701403540284906,0.4344755026807408,2.7080502011022096,2.7080502011022096,0,0,0,0,0,1,0,0,0,0,0.0
9141_2010,0.007762365027711165,0.017536654573566148,0.8927157197574925,0.9321334756544066,0.0792921795468719,0.10211123755018008,1.332195533935138,0.8437856806977998,0.1323966406119128,0.17346797108820006,-10.15879584536469,-10.6589240455635,0.4344755026807408,-0.32631736249178345,2.7080502011022096,2.6369121732688705,0,0,0,0,0,1,0,0,0,0,0.0
9146_2008,0.033587358278998294,0.062325826617458766,0.10548610822708583,0.033422459893048116,0.3433489762863906,0.5095277547638773,1.7023647687395276,1.0187180738959074,0.09226491235183884,0.1347268568187847,-13.512679574817382,-14.041346602666144,0.05383662008025025,-0.4922396849324814,1.7833912195575383,1.2669476034873244,0,0,0,0,1,0,0,0,0,0,0.0
9146_2009,0.062325826617458766,-0.0886578449905482,0.033422459893048116,0.09149338374291116,0.5095277547638773,0.9553875236294896,1.0187180738959074,0.5246610336018864,0.1347268568187847,0.12381341513876795,-14.041346602666144,-14.306397669749266,-0.4922396849324814,-0.3427055652518078,1.2669476034873244,0.5068778415178933,0,0,0,0,1,0,0,0,0,0,0.0
9146_2010,-0.0886578449905482,-0.018971665466298943,0.09149338374291116,0.031882937797530174,0.9553875236294896,0.4027087322360216,0.5246610336018864,1.1291082601587374,0.12381341513876795,0.305657538093181,-14.306397669749266,-13.710895215605804,-0.3427055652518078,0.4265491968558473,0.5068778415178933,1.3110318766193438,0,0,0,0,1,0,0,0,0,0,0.0
9147_2008,0.008867434500701305,0.008347980158460807,0.836259840387542,0.8977983639012923,0.021945395412841042,0.024387599247315657,1.6115530470461332,0.947821350400032,0.05065777328398511,0.1174880600432847,-9.779047317906253,-10.066034687701128,0.013908335825305068,-0.4511434787424825,2.7080502011022096,2.7080502011022096,0,0,0,0,0,1,0,0,0,0,0.0
9147_2009,0.008347980158460807,0.007211760226501906,0.8977983639012923,0.8632600160729715,0.024387599247315657,0.026709263043131613,0.947821350400032,1.2033228085466388,0.1174880600432847,0.1616055484716502,-10.066034687701128,-9.293232094995087,-0.4511434787424825,0.41105938004269504,2.7080502011022096,2.7080502011022096,0,0,0,0,0,1,0,0,0,0,0.0
9147_2010,0.007211760226501906,0.004659411939109878,0.8632600160729715,0.9361724810610276,0.026709263043131613,0.016133016719935583,1.2033228085466388,0.5827088887352847,0.1616055484716502,0.14688274181208466,-9.293232094995087,-10.318272186153932,0.41105938004269504,-0.8120494600756282,2.7080502011022096,2.5128460184772416,0,0,0,0,0,1,0,0,0,0,0.0
9158_2008,0.00457883940977966,0.022686842351653257,0.7164339751648692,0.7194729930547054,0.00020291581199408896,0.21006335510790056,3.2610603531805022,0.7366767306081046,0.13593350207337745,0.3489792049109361,-12.889251994366669,-13.911930551890887,-1.0479224632964812,-1.0561330947765764,2.052840859882657,1.0402767116551463,0,1,0,0,0,0,0,0,0,0,0.0
9158_2009,0.022686842351653257,-0.09962807355878504,0.7194729930547054,0.8798470969075005,0.21006335510790056,0.13106963289482748,0.7366767306081046,6.978,0.3489792049109361,0.22316394729219874,-13.911930551890887,-13.933496846453185,-1.0561330947765764,-0.37147447713337706,1.0402767116551463,0.5247285289349821,0,1,0,0,0,0,0,0,0,0,0.0
9158_2010,-0.09962807355878504,0.0,0.8798470969075005,0.0,0.13106963289482748,0.0,6.978,0.0,0.22316394729219874,0.0,-13.933496846453185,0.0,-0.37147447713337706,0.0,0.5247285289349821,0.0,0,1,0,0,0,0,0,0,0,0,0.0
9188_2008,-0.016671803068330764,0.08757819024996218,0.2271908251013195,0.2175506990990999,0.010721211676669362,0.0029139775604841984,1.5283624665742632,1.6208969502014068,0.13195748738461746,0.0967561603589116,-9.947316714806774,-9.842762162986265,-0.02641793476120502,0.04911081484644127,2.7080502011022096,2.7080502011022096,0,0,0,1,0,0,0,0,0,0,0.0
9188_2009,0.08757819024996218,-0.04489734478046116,0.2175506990990999,0.3406062541692102,0.0029139775604841984,0.0044357065109217695,1.6208969502014068,1.6585539894262709,0.0967561603589116,0.1564885836948674,-9.842762162986265,-9.323484811095351,0.04911081484644127,0.4480785297862057,2.7080502011022096,2.7080502011022096,0,0,0,1,0,0,0,0,0,0,0.0
9188_2010,-0.04489734478046116,0.0866982043290439,0.3406062541692102,0.21639848208894652,0.0044357065109217695,0.00862990422954829,1.6585539894262709,1.610298266612856,0.1564885836948674,0.06938554019771515,-9.323484811095351,-9.355732478082784,0.4480785297862057,-0.1437305905954196,2.7080502011022096,2.7080502011022096,0,0,0,1,0,0,0,0,0,0,0.0
9193_2008,0.0028707992744863163,0.004817408634788418,0.9415045866346046,0.9565441439478948,0.09777618996558901,0.18371638695087505,0.9038138218861528,0.6221575508473618,0.043158481252846784,0.06840221269842257,-11.800037353321922,-12.109006633221234,-0.1427713776079942,-0.3240445869199347,2.7080502011022096,2.7080502011022096,0,0,0,0,0,1,0,0,0,0,0.0
9193_2009,0.004817408634788418,0.005209745229866618,0.9565441439478948,0.9681527686662909,0.18371638695087505,0.11517303455219832,0.6221575508473618,0.4851471536910086,0.06840221269842257,0.10086097425575136,-12.109006633221234,-11.863234581247607,-0.3240445869199347,0.13538438741661624,2.7080502011022096,2.7080502011022096,0,0,0,0,0,1,0,0,0,0,0.0
9193_2010,0.005209745229866618,0.004560214240301298,0.9681527686662909,0.95212650285653,0.11517303455219832,0.1872380878429222,0.4851471536910086,0.8196895169610612,0.10086097425575136,0.11905724666426487,-11.863234581247607,-11.761096548068435,0.13538438741661624,-0.028641510845496487,2.7080502011022096,2.7080502011022096,0,0,0,0,0,1,0,0,0,0,0.0
9213_2008,0.01163545271035687,0.010737023596975849,0.7931108065767941,0.8565486211005212,0.03376770062261385,0.027312186841498956,2.1757375456801533,1.5026163276273354,0.03208811273059666,0.06362513193613119,-8.989844437173767,-9.27067361712873,-0.06867298808288337,-0.2819097795697937,2.7080502011022096,2.7080502011022096,0,0,0,0,0,1,0,0,0,0,0.0
9213_2009,0.010737023596975849,0.00987299125804156,0.8565486211005212,0.8362849607742358,0.027312186841498956,0.024245225237420318,1.5026163276273354,1.7862107239496845,0.06362513193613119,0.14298592254628908,-9.27067361712873,-8.60255691534901,-0.2819097795697937,0.4526338874617484,2.7080502011022096,2.7080502011022096,0,0,0,0,0,1,0,0,0,0,0.0
9213_2010,0.00987299125804156,0.008506880646649334,0.8362849607742358,0.8903481186006653,0.024245225237420318,0.05685331195282967,1.7862107239496845,1.1234440966969377,0.14298592254628908,0.22379597797029094,-8.60255691534901,-9.345259907227767,0.4526338874617484,-0.3465110012661952,2.7080502011022096,2.7080502011022096,0,0,0,0,0,1,0,0,0,0,0.0
9222_2008,0.06521830585690433,0.001201478689424724,0.1566359151972329,0.4162224000900819,0.008146169044098693,0.015360934065519482,2.1931427528005965,1.0940537936948949,0.09687092708849487,0.0947493107180015,-10.249566858351132,-11.003776241790314,0.4448620423317531,-0.8962905714217768,2.5687881337687024,1.6448050562713916,0,0,1,0,0,0,0,0,0,0,0.0
9222_2009,0.001201478689424724,-0.7527106180167743,0.4162224000900819,0.8914829619280283,0.015360934065519482,0.03412299157982631,1.0940537936948949,0.2378537741547353,0.0947493107180015,0.3760450965212173,-11.003776241790314,-12.806326666689602,-0.8962905714217768,-1.8147596777317012,1.6448050562713916,-0.6539264674066639,0,0,1,0,0,0,0,0,0,0,0.0
9222_2010,-0.7527106180167743,0.027786721676189643,0.8914829619280283,0.3993647709846595,0.03412299157982631,0.01956439879721241,0.2378537741547353,1.3600648020626929,0.3760450965212173,0.3727920593345445,-12.806326666689602,-11.411305329026195,-1.8147596777317012,1.5167562789779372,-0.6539264674066639,0.8458682675776092,0,0,1,0,0,0,0,0,0,0,0.0
9235_2008,-0.026502811231116426,-0.04257329694246322,0.024297839472877985,0.03755949957527231,0.1682812007818804,0.20971872471110975,3.744506231514938,3.1040659724558184,0.09248930556087268,0.1449164387474444,-10.886757933581451,-11.892819563317664,-0.06237055248243205,-0.945837778832902,1.4609379041156565,0.4574248470388755,0,0,0,0,1,0,0,0,0,0,0.0
9235_2009,-0.04257329694246322,-0.10651281611022294,0.03755949957527231,0.08999236625280464,0.20971872471110975,0.2933656008037477,3.1040659724558184,2.2210405244925733,0.1449164387474444,0.3058205942982232,-11.892819563317664,-12.69437912680985,-0.945837778832902,-1.0003782070111578,0.4574248470388755,-0.8439700702945291,0,0,0,0,1,0,0,0,0,0,0.0
9235_2010,-0.10651281611022294,0.0,0.08999236625280464,0.0,0.2933656008037477,0.0,2.2210405244925733,0.0,0.3058205942982232,0.0,-12.69437912680985,0.0,-1.0003782070111578,0.0,-0.8439700702945291,0.0,0,0,0,0,1,0,0,0,0,0,0.0
9239_2008,0.009624821156780379,0.008846437881428294,0.8559746314769373,0.8747666287384934,0.02765016437868725,0.015281292192490756,1.9386634012169452,1.6716198510531974,0.03465204696362612,0.04915597818448805,-10.433642056723844,-10.550392782361342,-0.07111713402985588,-0.103120506771446,2.7080502011022096,2.7080502011022096,0,0,0,0,0,1,0,0,0,0,0.0
9239_2009,0.008846437881428294,0.007281274497579087,0.8747666287384934,0.8966473133157834,0.015281292192490756,0.019109568961488684,1.6716198510531974,1.2947476818860686,0.04915597818448805,0.1130767110842661,-10.550392782361342,-10.124589183075688,-0.103120506771446,0.1880893896604069,2.7080502011022096,2.7080502011022096,0,0,0,0,0,1,0,0,0,0,0.0
9239_2010,0.007281274497579087,0.005589904194056914,0.8966473133157834,0.9131960739118968,0.019109568961488684,0.019885556296700968,1.2947476818860686,0.9823283403627774,0.1130767110842661,0.10422540050987726,-10.124589183075688,-10.58956503089408,0.1880893896604069,-0.3455473055933762,2.7080502011022096,2.7080502011022096,0,0,0,0,0,1,0,0,0,0,0.0
9245_2008,0.021387073314635945,0.0458346600798463,0.26150853710825656,0.2771077539204847,0.14375304409798476,0.16680036888413693,2.435377438687649,1.997353191453672,0.03982929965096962,0.07254937298913203,-7.8575910063701215,-7.920812476928482,-0.09097402872834057,-0.12338642196784864,2.7080502011022096,2.7080502011022096,0,0,0,0,0,0,1,0,0,0,0.0
9245_2009,0.0458346600798463,-0.7355826572049557,0.2771077539204847,0.625568091062473,0.16680036888413693,0.22697655618367546,1.997353191453672,5.069957129548143,0.07254937298913203,0.2110369942916712,-7.920812476928482,-9.032530780097844,-0.12338642196784864,-0.5998053304871562,2.7080502011022096,1.297463147413275,0,0,0,0,0,0,1,0,0,0,0.0
9245_2010,-0.7355826572049557,-0.05147691600134162,0.625568091062473,0.4472777301397273,0.22697655618367546,0.19622682596800226,5.069957129548143,6.226223025194379,0.2110369942916712,0.11166574623819088,-9.032530780097844,-8.727328581725638,-0.5998053304871562,0.16367138763448436,1.297463147413275,1.790091412127358,0,0,0,0,0,0,1,0,0,0,0.0
925_2008,0.03324498012667953,0.020579622586054773,0.5531750299598487,0.5999924375011433,0.10045289802721427,0.02171207994527696,3.2720065342512017,3.1720050817831327,0.03931203084033074,0.036209150520033775,-7.920030056799222,-8.033953700495205,0.0529543917429664,-0.15812954864107712,2.6651427000909336,2.5439614125693146,0,0,0,0,0,0,0,1,0,0,0.0
925_2009,0.020579622586054773,0.020093470167819087,0.5999924375011433,0.7006897540704898,0.02171207994527696,0.017999749497151725,3.1720050817831327,3.680706006991555,0.036209150520033775,0.1403192649742083,-8.033953700495205,-7.967548383493205,-0.15812954864107712,0.14838048611352975,2.5439614125693146,2.1679101896674444,0,0,0,0,0,0,0,1,0,0,0.0
925_2010,0.020093470167819087,0.013452519682453128,0.7006897540704898,0.7283186782883541,0.017999749497151725,0.03995036257137312,3.680706006991555,4.527433160002224,0.1403192649742083,0.05712283782799351,-7.967548383493205,-8.311366807203251,0.14838048611352975,-0.33438891913710433,2.1679101896674444,2.0554049638515948,0,0,0,0,0,0,0,1,0,0,0.0
9280_2008,0.018229296354370362,0.01864155571976933,0.7548841863707434,0.7996341833070725,0.03785491424121492,0.027223992653270315,2.0652057242523387,1.7168997695303976,0.02636291115987782,0.0662638036973788,-9.786886445491326,-10.06315572803598,-0.012065880422038558,-0.18670106432638775,2.7080502011022096,2.7080502011022096,0,0,0,0,0,1,0,0,0,0,0.0
9280_2009,0.01864155571976933,0.009839355517838048,0.7996341833070725,0.8058046771890492,0.027223992653270315,0.02087270732410135,1.7168997695303976,1.802017698222798,0.0662638036973788,0.07817863298769609,-10.06315572803598,-9.558762922407807,-0.18670106432638775,0.3206695791730915,2.7080502011022096,2.7080502011022096,0,0,0,0,0,1,0,0,0,0,0.0
9280_2010,0.009839355517838048,0.015079995050777097,0.8058046771890492,0.8185309570603991,0.02087270732410135,0.022148797983478092,1.802017698222798,1.5632403086309357,0.07817863298769609,0.10409047007840533,-9.558762922407807,-9.874616522328033,0.3206695791730915,-0.0681992563027686,2.7080502011022096,2.7080502011022096,0,0,0,0,0,1,0,0,0,0,0.0
92_2008,0.020007744062772774,0.0,0.6943213354325949,0.0,0.02746848746581617,0.0,2.3184444719589297,0.0,0.029233701351780637,0.0,-6.327204632400474,0.0,-0.12547285879032408,0.0,2.7080502011022096,0.0,0,0,0,0,0,1,0,0,0,0,0.0
92_2009,0.0,0.013328850474570214,0.0,0.7726481648305088,0.0,0.030834924423228226,0.0,2.6361184499332886,0.0,0.09448059534233287,0.0,-5.906654002090413,0.0,0.13301411333217367,0.0,2.7080502011022096,0,0,0,0,0,1,0,0,0,0,0.0
92_2010,0.013328850474570214,0.0,0.7726481648305088,0.0,0.030834924423228226,0.0,2.6361184499332886,0.0,0.09448059534233287,0.0,-5.906654002090413,0.0,0.13301411333217367,0.0,2.7080502011022096,0.0,0,0,0,0,0,1,0,0,0,0,0.0
9312_2008,0.059183867856760164,0.04264497135453843,0.2102044299100286,0.16290338654808048,0.04973826145279776,0.16654635662589592,2.5262682182804204,3.1481244184945205,0.11736723763698935,0.12637670566440706,-11.982367075747552,-10.854291021658405,0.23970421227547145,1.0358446842568558,2.7080502011022096,2.7080502011022096,0,0,0,0,0,0,1,0,0,0,0.0
9312_2009,0.04264497135453843,0.0884640186190946,0.16290338654808048,0.23003430191188384,0.16654635662589592,0.0356621992024182,3.1481244184945205,2.735675589028589,0.12637670566440706,0.4044798718051644,-10.854291021658405,-10.405111165184378,1.0358446842568558,-0.5673103043664671,2.7080502011022096,2.7080502011022096,0,0,0,0,0,0,1,0,0,0,0.0
9312_2010,0.0884640186190946,0.05955256270682981,0.23003430191188384,0.14024350865254775,0.0356621992024182,0.03225367532517138,2.735675589028589,2.672525294592772,0.4044798718051644,0.13768017713336878,-10.405111165184378,-9.795998080981768,-0.5673103043664671,0.5731771026887109,2.7080502011022096,2.7080502011022096,0,0,0,0,0,0,1,0,0,0,0.0
9360_2008,0.03801416103353439,0.04098492271806211,0.20246730220493964,0.27785036136443564,0.08349369704227816,0.08639966350458098,2.385490093404884,2.656660731186427,0.05882422985231039,0.057658729930827476,-8.617245696719657,-9.002758268791421,-0.19146825607035595,-0.2309251127043087,2.7080502011022096,2.7080502011022096,0,0,0,0,0,0,1,0,0,0,0.0
9360_2009,0.04098492271806211,0.04586000538507639,0.27785036136443564,0.389657091686197,0.08639966350458098,0.10200234926552268,2.656660731186427,1.809463983907292,0.057658729930827476,0.1628655744497177,-9.002758268791421,-9.17020658293374,-0.2309251127043087,0.006470727996693959,2.7080502011022096,2.7080502011022096,0,0,0,0,0,0,1,0,0,0,0.0
9360_2010,0.04586000538507639,0.037447409863517314,0.389657091686197,0.4047296408828943,0.10200234926552268,0.18281942608401744,1.809463983907292,1.6076203703873433,0.1628655744497177,0.17063570597501926,-9.17020658293374,-9.197361287818184,0.006470727996693959,0.2208784377846028,2.7080502011022096,2.7080502011022096,0,0,0,0,0,0,1,0,0,0,0.0
9370_2008,-0.01170891124257696,0.03947281849501882,0.3943385677512225,0.3703423697611702,0.003586538655977639,0.011135531944694254,1.403309295109218,1.2701752509699429,0.08604336373488605,0.07218219415806844,-9.88710604216201,-9.87604603030263,-0.12727319835886786,-0.06305547362823816,2.7080502011022096,2.7080502011022096,0,0,0,0,1,0,0,0,0,0,0.0
9370_2009,0.03947281849501882,0.04070383908240844,0.3703423697611702,0.36530967107359263,0.011135531944694254,0.010788650241294542,1.2701752509699429,1.2678444138232243,0.07218219415806844,0.09076891925821176,-9.87604603030263,-9.332586848229568,-0.06305547362823816,0.40527957737068937,2.7080502011022096,2.7080502011022096,0,0,0,0,1,0,0,0,0,0,0.0
9370_2010,0.04070383908240844,0.011597759836834415,0.36530967107359263,0.3649304841532001,0.010788650241294542,0.00964935147337513,1.2678444138232243,1.135436246660435,0.09076891925821176,0.15904009462446508,-9.332586848229568,-9.611644545854489,0.40527957737068937,0.07959360411285549,2.7080502011022096,2.7080502011022096,0,0,0,0,1,0,0,0,0,0,0.0
9375_2008,0.041673161144844165,0.03452526675483359,0.1813854897705208,0.15140813138473658,0.0034753038555319924,0.004897214919818359,4.790755626662677,4.399510866229725,0.08212587029196311,0.24172049271494975,-9.635039509056595,-9.205373372441708,-0.002818340258051624,-0.394642779320936,2.7080502011022096,2.7080502011022096,0,1,0,0,0,0,0,0,0,0,0.0
9375_2009,0.03452526675483359,0.07180174847443335,0.15140813138473658,0.4792753507893125,0.004897214919818359,0.006903646932394149,4.399510866229725,1.8426010541908555,0.24172049271494975,0.15502695561927538,-9.205373372441708,-9.737613084853274,-0.394642779320936,-0.36183092078697293,2.7080502011022096,2.7080502011022096,0,1,0,0,0,0,0,0,0,0,0.0
9375_2010,0.07180174847443335,0.04421472555109531,0.4792753507893125,0.34247036367689004,0.006903646932394149,0.006046303711554223,1.8426010541908555,2.2774490504006515,0.15502695561927538,0.17438070837304612,-9.737613084853274,-9.297965809560912,-0.36183092078697293,0.4531057105337946,2.7080502011022096,2.7080502011022096,0,1,0,0,0,0,0,0,0,0,0.0
9418_2008,0.012960454678246091,0.005364440932886937,0.8148240891448605,0.8524013748126591,0.04337857098593295,0.0357250450470934,1.3312222304047918,1.1042252343208196,0.14815230936463014,0.11400749996561978,-12.85691163575436,-13.101279838659398,0.17902125477605524,-0.3537914401378877,1.7047480922384253,1.4036429994545037,0,0,0,0,0,1,0,0,0,0,0.0
9418_2009,0.005364440932886937,0.0013854303327321769,0.8524013748126591,0.9346064835730128,0.0357250450470934,0.06599949160730399,1.1042252343208196,0.5297273242724434,0.11400749996561978,0.1679893865084322,-13.101279838659398,-13.422359721067775,-0.3537914401378877,-0.5075142001104127,1.4036429994545037,0.5538851132264376,0,0,0,0,0,1,0,0,0,0,0.0
9418_2010,0.0013854303327321769,0.008030369863004955,0.9346064835730128,0.8740463935787682,0.06599949160730399,0.11051440115123247,0.5297273242724434,0.990794205064317,0.1679893865084322,0.2436419690116388,-13.422359721067775,-12.84825752868904,-0.5075142001104127,0.18392113621345654,0.5538851132264376,1.2781243469590222,0,0,0,0,0,1,0,0,0,0,0.0
9424_2008,0.0411358010253887,0.032664276766185524,0.16682709625389106,0.14582233166532765,0.011978068310090812,0.039793194094872815,2.8327720903277718,3.3227401801082035,0.19697735615868228,0.03500897298808898,-7.940652564098247,-7.547181219397544,-0.6922592113013549,0.3613260220315707,2.7080502011022096,2.7080502011022096,0,0,0,0,1,0,0,0,0,0,0.0
9424_2009,0.032664276766185524,0.05290715762912551,0.14582233166532765,0.2182471273392191,0.039793194094872815,0.0380676792414503,3.3227401801082035,2.269231161879562,0.03500897298808898,0.08983873783291296,-7.547181219397544,-7.534263077383421,0.3613260220315707,0.0398400388037331,2.7080502011022096,2.7080502011022096,0,0,0,0,1,0,0,0,0,0,0.0
9424_2010,0.05290715762912551,0.04319300873548985,0.2182471273392191,0.18599209612257944,0.0380676792414503,0.07093132466266652,2.269231161879562,2.3865188823595918,0.08983873783291296,0.07610731271144068,-7.534263077383421,-7.560199655440992,0.0398400388037331,-0.029000533114300675,2.7080502011022096,2.7080502011022096,0,0,0,0,1,0,0,0,0,0,0.0
9438_2008,0.006960948107557425,0.003369304121746332,0.9106637761231134,0.9212484530573088,0.021041047688753128,0.01918021456057186,1.2743179806125713,1.07115318248484,0.027414546771527163,0.06139381037048367,-12.512401168569452,-12.87019576474566,-0.3292211735100277,-0.3398142496613346,2.7080502011022096,2.6567569067146595,0,0,0,0,0,1,0,0,0,0,0.0
9438_2009,0.003369304121746332,0.0033062532189311504,0.9212484530573088,0.955407872820715,0.01918021456057186,0.02147780444239894,1.07115318248484,0.6703667019475892,0.06139381037048367,0.11176976599602063,-12.87019576474566,-13.05879354370296,-0.3398142496613346,-0.3354412951489833,2.6567569067146595,1.9754689512968575,0,0,0,0,0,1,0,0,0,0,0.0
9438_2010,0.0033062532189311504,0.0016835457193260688,0.955407872820715,0.9669960084693408,0.02147780444239894,0.02286040913145367,0.6703667019475892,0.4228379880126068,0.11176976599602063,0.10559355994627974,-13.05879354370296,-13.134218529811337,-0.3354412951489833,-0.26482095006589146,1.9754689512968575,2.1341782756185843,0,0,0,0,0,1,0,0,0,0,0.0
9440_2008,0.035912979579953215,0.03763884199310501,0.021096741885604103,0.0247396159466678,0.005445641720186939,0.009284070787467964,3.953111480714404,3.9867073043141623,0.07993542752387624,0.0691341503044969,-7.760571472737705,-7.666159741551131,-0.16637677016501762,0.06389945740619765,2.7080502011022096,2.7080502011022096,0,1,0,0,0,0,0,0,0,0,0.0
9440_2009,0.03763884199310501,0.0523969205023855,0.0247396159466678,0.030326728017486957,0.009284070787467964,0.016249498847494416,3.9867073043141623,3.3489209851633697,0.0691341503044969,0.10032442706251288,-7.666159741551131,-7.324413794420207,0.06389945740619765,0.2721810857035157,2.7080502011022096,2.7080502011022096,0,1,0,0,0,0,0,0,0,0,0.0
9440_2010,0.0523969205023855,0.02937706510057825,0.030326728017486957,0.021753500231645337,0.016249498847494416,0.030157077433537294,3.3489209851633697,3.641909859737072,0.10032442706251288,0.1006034585553888,-7.324413794420207,-7.388404175240116,0.2721810857035157,-0.09927544880205404,2.7080502011022096,2.7080502011022096,0,1,0,0,0,0,0,0,0,0,0.0
9449_2008,0.013360998486079743,0.001051100730209055,0.7991495331294547,0.90389575658723,0.022889526681482,0.0148683864745676,1.5194689067324652,0.8042659071584053,0.04484243798097464,0.09363874499600663,-9.278825323988748,-10.057413454468538,-0.05314010777746677,-0.7669728628517627,2.7080502011022096,2.7080502011022096,0,0,0,0,0,1,0,0,0,0,0.0
9449_2009,0.001051100730209055,-0.026697706426415727,0.90389575658723,0.9443591783747768,0.0148683864745676,0.02078217795103214,0.8042659071584053,0.5740581712763136,0.09363874499600663,0.18025854794810908,-10.057413454468538,-10.211811251104756,-0.7669728628517627,-0.21713018297324632,2.7080502011022096,2.306577114263583,0,0,0,0,0,1,0,0,0,0,0.0
9449_2010,-0.026697706426415727,-0.06875495259533528,0.9443591783747768,0.9912932935723202,0.02078217795103214,0.10702142150881476,0.5740581712763136,0.20882224171577868,0.18025854794810908,0.3904943069991566,-10.211811251104756,-12.42869420099173,-0.21713018297324632,-1.933244021304953,2.306577114263583,0.2700271372130602,0,0,0,0,0,1,0,0,0,0,0.0
9476_2008,0.02665149428040966,-0.07849340195008206,0.2910902158072309,0.2578029273509034,0.021530813918668026,0.07241888891364241,1.9161502162481552,1.5608090064512503,0.09307555681025677,0.08715242396162423,-12.261222566395194,-12.244813449611762,0.03993472062503856,-0.05894833699276951,2.1598687907924505,2.155244505095337,0,0,0,1,0,0,0,0,0,0,0.0
9476_2009,-0.07849340195008206,-0.005069850514569329,0.2578029273509034,0.23242053248462305,0.07241888891364241,0.04807475501416415,1.5608090064512503,1.7220054588201823,0.08715242396162423,0.0769050116047343,-12.244813449611762,-12.087384260985711,-0.05894833699276951,0.08842783527035986,2.155244505095337,1.8082887711792652,0,0,0,1,0,0,0,0,0,0,0.0
9476_2010,-0.005069850514569329,-0.0704533013760842,0.23242053248462305,0.17970772240708538,0.04807475501416415,0.08105583251454393,1.7220054588201823,1.685773569626075,0.0769050116047343,0.06669810462888381,-12.087384260985711,-12.106000190548313,0.08842783527035986,-0.0572919426753874,1.8082887711792652,2.0476928433652555,0,0,0,1,0,0,0,0,0,0,0.0
9522_2008,0.03006018390208041,0.03884232412998075,0.5437835169779823,0.5346486474706352,0.012382124504309106,0.011154963306198641,1.907311901594014,1.8314617207698436,0.08152394586733884,0.10564570405642563,-10.462973214050583,-10.618997419092347,0.510943756095752,-0.3832074082816643,2.7080502011022096,2.7080502011022096,0,0,0,1,0,0,0,0,0,0,0.0
9522_2009,0.03884232412998075,0.03363210325984208,0.5346486474706352,0.6389151109272879,0.011154963306198641,0.00269647870465783,1.8314617207698436,1.391046586633888,0.10564570405642563,0.14586510711582448,-10.618997419092347,-10.458001618212656,-0.3832074082816643,0.1395117024405822,2.7080502011022096,2.7080502011022096,0,0,0,1,0,0,0,0,0,0,0.0
9522_2010,0.03363210325984208,0.019123431975429032,0.6389151109272879,0.7425985260071511,0.00269647870465783,0.05110284118423585,1.391046586633888,0.9770235485273704,0.14586510711582448,0.07987440142738537,-10.458001618212656,-10.837771926482713,0.1395117024405822,-0.2374749020472628,2.7080502011022096,2.7080502011022096,0,0,0,1,0,0,0,0,0,0,0.0
9550_2008,0.032811626641803884,0.008783719167574906,0.4564659833280824,0.4580584572268146,0.0385769390781504,0.03621024258121013,1.762945865595224,1.6893965750952682,0.06955801962343856,0.041761620796355765,-9.611188705676387,-9.487474940094774,-0.22217239931412308,0.0720544450554225,2.7080502011022096,2.7080502011022096,0,1,0,0,0,0,0,0,0,0,0.0
9550_2009,0.008783719167574906,-0.05528233561956458,0.4580584572268146,0.7192578674131841,0.03621024258121013,0.07777754910113292,1.6893965750952682,0.9238660956924856,0.041761620796355765,0.18977787831777496,-9.487474940094774,-10.041056278492283,0.0720544450554225,-0.5814340249381544,2.7080502011022096,2.552565298261815,0,1,0,0,0,0,0,0,0,0,0.0
9550_2010,-0.05528233561956458,-0.02007435197753756,0.7192578674131841,0.5699051489968868,0.07777754910113292,0.060425163367593425,0.9238660956924856,1.5352655222660632,0.18977787831777496,0.19002660811654207,-10.041056278492283,-9.681092823659316,-0.5814340249381544,0.5114553411217906,2.552565298261815,2.7080502011022096,0,1,0,0,0,0,0,0,0,0,0.0
9558_2008,0.017608905140139575,0.043526307299673335,0.13002758793726374,0.07851381839305771,0.04385912680124629,0.03739506641470645,2.577977764954285,2.8925806792102615,0.09132378575838687,0.11473636708269612,-9.65032197835212,-9.557880639735568,0.3685580979831854,-0.00013340603021643263,2.7080502011022096,2.7080502011022096,0,0,0,0,0,0,1,0,0,0,0.0
9558_2009,0.043526307299673335,0.05768396389752884,0.07851381839305771,0.06354678290821314,0.03739506641470645,0.0653733041401088,2.8925806792102615,2.8549658777140503,0.11473636708269612,0.16025097202213773,-9.557880639735568,-9.542163495358345,-0.00013340603021643263,-0.10940565098250883,2.7080502011022096,2.7080502011022096,0,0,0,0,0,0,1,0,0,0,0.0
9558_2010,0.05768396389752884,0.05235794379232882,0.06354678290821314,0.06534742850196153,0.0653733041401088,0.13655685130904827,2.8549658777140503,1.8453933821182773,0.16025097202213773,0.1123668176206878,-9.542163495358345,-9.264091922790833,-0.10940565098250883,0.2273189322556928,2.7080502011022096,2.7080502011022096,0,0,0,0,0,0,1,0,0,0,0.0
9576_2008,0.03348236153804484,0.02903123577362553,0.3970435631840785,0.37574605937287003,0.19858517332644865,0.12334345266091365,0.8792868591067934,0.9927650526573888,0.029793066484509318,0.08873383807472192,-11.370754220823779,-11.178661605739704,-0.07356900995854533,0.17823591787308146,2.7080502011022096,2.7080502011022096,0,0,1,0,0,0,0,0,0,0,0.0
9576_2009,0.02903123577362553,-0.2852830661523855,0.37574605937287003,0.5332842292288835,0.12334345266091365,0.16783884643374078,0.9927650526573888,0.9550712224160146,0.08873383807472192,0.13281615720560386,-11.178661605739704,-12.071841179605405,0.17823591787308146,-0.7825105055485198,2.7080502011022096,1.7177540559175593,0,0,1,0,0,0,0,0,0,0,0.0
9576_2010,-0.2852830661523855,-0.05433023976989281,0.5332842292288835,0.5306453787555335,0.16783884643374078,0.15670996157389722,0.9550712224160146,0.7419989129392205,0.13281615720560386,0.22264464604175446,-12.071841179605405,-11.713808968854005,-0.7825105055485198,-0.04421114021422457,1.7177540559175593,2.2793164660546914,0,0,1,0,0,0,0,0,0,0,0.0
9588_2008,0.01297183611714437,0.01665759852069941,0.7672551179723807,0.7781530902797164,0.09180275158207496,0.09216298239105453,2.208934035953884,2.1283751871193917,0.03836580653507602,0.041581148267066256,-8.9792860015665,-8.963763501106618,-0.16456996354182313,0.06034998303208335,2.7080502011022096,2.7080502011022096,0,0,0,0,0,1,0,0,0,0,0.0
9588_2009,0.01665759852069941,0.008211631845227973,0.7781530902797164,0.9098281926893648,0.09216298239105453,0.25470074096327555,2.1283751871193917,1.1109980485251836,0.041581148267066256,0.15967745935752803,-8.963763501106618,-9.115367586769212,0.06034998303208335,-0.19239079225643854,2.7080502011022096,2.7080502011022096,0,0,0,0,0,1,0,0,0,0,0.0
9588_2010,0.008211631845227973,0.003667844943073572,0.9098281926893648,0.8684326905874993,0.25470074096327555,0.2683732579006629,1.1109980485251836,1.4499520304741809,0.15967745935752803,0.1683810411218346,-9.115367586769212,-8.65950207908315,-0.19239079225643854,0.3993357830834275,2.7080502011022096,2.7080502011022096,0,0,0,0,0,1,0,0,0,0,0.0
9616_2008,0.032176941951693704,0.027317307855144468,0.34305204516091536,0.3504382030430386,0.05776338438419745,0.0744078025717257,3.7941744993730926,3.6529246508535564,0.11308649587325,0.0695941328866651,-9.499837940551084,-9.41278548291774,0.4803210682823496,-0.053805541650981066,2.7080502011022096,2.7080502011022096,0,1,0,0,0,0,0,0,0,0,0.0
9616_2009,0.027317307855144468,0.029108125043514583,0.3504382030430386,0.2376262239466305,0.0744078025717257,0.12643547498939828,3.6529246508535564,2.805317804933514,0.0695941328866651,0.07811600791636948,-9.41278548291774,-8.559636700469536,-0.053805541650981066,0.5542772094673268,2.7080502011022096,2.7080502011022096,0,1,0,0,0,0,0,0,0,0,0.0
9616_2010,0.029108125043514583,0.015605267303051559,0.2376262239466305,0.3348726339054741,0.12643547498939828,0.1002257501883662,2.805317804933514,2.2060070386870168,0.07811600791636948,0.08547899103837933,-8.559636700469536,-8.756441727040173,0.5542772094673268,-0.1887412219527555,2.7080502011022096,2.7080502011022096,0,1,0,0,0,0,0,0,0,0,0.0
9632_2008,0.05261476441101106,0.044003707233568834,0.07402296276290915,0.07809170239561153,0.3477267786919262,0.269702117306462,1.4611893267335276,1.3030946551274327,0.06519375312765935,0.041920745667718334,-11.636814514394796,-11.713047967365815,-0.33053587712503674,-0.13863911424728015,2.5408142817262958,2.4832385926873037,0,0,0,0,0,0,1,0,0,0,0.0
9632_2009,0.044003707233568834,-0.1541793204184174,0.07809170239561153,0.18648972214903464,0.269702117306462,0.34549942451430393,1.3030946551274327,0.7137995955538502,0.041920745667718334,0.11714658258223093,-11.713047967365815,-12.315248631178267,-0.13863911424728015,-0.26133640685227216,2.4832385926873037,1.6486586255873816,0,0,0,0,0,0,1,0,0,0,0.0
9632_2010,-0.1541793204184174,-0.12968628704507054,0.18648972214903464,0.12814512078177087,0.34549942451430393,0.3564470219340305,0.7137995955538502,1.0287028169412489,0.11714658258223093,0.10569030614631014,-12.315248631178267,-12.286048487743075,-0.26133640685227216,-0.11764778341239195,1.6486586255873816,1.9035989509835904,0,0,0,0,0,0,1,0,0,0,0.0
9645_2008,0.011777270067750357,0.01214628347502892,0.8102106977854638,0.8626554030036176,0.04749558601098852,0.04551498640204546,1.98528600848463,1.3247412011228534,0.0568498175802482,0.06111719647395561,-9.914456765865891,-10.34398695068738,0.06090726870810297,-0.36781441258869096,2.7080502011022096,2.7080502011022096,0,0,0,0,0,1,0,0,0,0,0.0
9645_2009,0.01214628347502892,0.007210311373388848,0.8626554030036176,0.8269764332849322,0.04551498640204546,0.04405561811630967,1.3247412011228534,1.6639236406469124,0.06111719647395561,0.08521730105001682,-10.34398695068738,-9.559681847229774,-0.36781441258869096,0.6601558972179561,2.7080502011022096,2.7080502011022096,0,0,0,0,0,1,0,0,0,0,0.0
9645_2010,0.007210311373388848,0.007989604045438876,0.8269764332849322,0.8816341069338629,0.04405561811630967,0.04531523338418061,1.6639236406469124,1.1372783494770708,0.08521730105001682,0.09600070338440238,-9.559681847229774,-10.193953230917169,0.6601558972179561,-0.4311983061543647,2.7080502011022096,2.7080502011022096,0,0,0,0,0,1,0,0,0,0,0.0
9654_2008,0.054206717398824766,0.052364046432832316,0.24071331724538536,0.16908448796324713,0.3024602873438589,0.27534063168321504,2.1698661921226425,2.4954772637639904,0.06504767274730466,0.1007427108938894,-9.580921605505768,-9.201687020263464,0.07335813875108657,0.3886820113968029,2.7080502011022096,2.7080502011022096,0,0,0,0,0,0,1,0,0,0,0.0
9654_2009,0.052364046432832316,0.054263619825670316,0.16908448796324713,0.14931529567719873,0.27534063168321504,0.2911271282175651,2.4954772637639904,2.3116489837192598,0.1007427108938894,0.09184176950490658,-9.201687020263464,-8.842916496862921,0.3886820113968029,0.442717765191775,2.7080502011022096,2.7080502011022096,0,0,0,0,0,0,1,0,0,0,0.0
9654_2010,0.054263619825670316,0.041037111599447056,0.14931529567719873,0.2563200613163574,0.2911271282175651,0.4019828448676616,2.3116489837192598,1.3689959369888158,0.09184176950490658,0.1850700073392197,-8.842916496862921,-9.213560599874462,0.442717765191775,-0.3986259954224145,2.7080502011022096,2.7080502011022096,0,0,0,0,0,0,1,0,0,0,0.0
9677_2008,0.03373993549818892,0.04189983938131018,0.25425329141229075,0.3509104951031531,0.1351099761774224,0.1583914909038452,2.1912642056527067,1.7545294593180845,0.08406835112526183,0.12321596345441226,-10.38776284186254,-10.459554164956462,-0.08449860944144205,-0.11998881611287145,2.7080502011022096,2.7080502011022096,0,0,0,1,0,0,0,0,0,0,0.0
9677_2009,0.04189983938131018,0.059216213057766774,0.3509104951031531,0.4226689580712333,0.1583914909038452,0.10565976429629884,1.7545294593180845,1.1195802246419182,0.12321596345441226,0.2415411349623599,-10.459554164956462,-10.430826168019678,-0.11998881611287145,-0.3749766316608247,2.7080502011022096,2.0386195471595814,0,0,0,1,0,0,0,0,0,0,0.0
9677_2010,0.059216213057766774,0.044835489614290916,0.4226689580712333,0.26394747149647946,0.10565976429629884,0.20138986610090603,1.1195802246419182,1.513756059465001,0.2415411349623599,0.17351999661945725,-10.430826168019678,-10.2049374397148,-0.3749766316608247,0.4038738801913349,2.0386195471595814,2.498973906999436,0,0,0,1,0,0,0,0,0,0,0.0
9764_2008,0.01874740256840433,0.03831777282168927,0.5291291732255613,0.40307624953813176,0.013098866370712135,0.009973287579823542,3.1970904279679098,3.1153408733256764,0.09808005915764392,0.09587077621793882,-6.67126540014994,-6.23747397522166,0.3316035730930188,0.1660200222315437,2.7080502011022096,2.7080502011022096,0,0,1,0,0,0,0,0,0,0,0.0
9764_2009,0.03831777282168927,-0.03701720927629487,0.40307624953813176,0.8353290947610321,0.009973287579823542,0.012795621370256176,3.1153408733256764,0.9614235895518968,0.09587077621793882,0.2055880176888233,-6.23747397522166,-7.632273118973807,0.1660200222315437,-1.2446453897766607,2.7080502011022096,2.6217658325051976,0,0,1,0,0,0,0,0,0,0,0.0
9764_2010,-0.03701720927629487,-0.05697326236692753,0.8353290947610321,0.8225126219566572,0.012795621370256176,0.09069478470065613,0.9614235895518968,1.0355555960679084,0.2055880176888233,0.5288217366657906,-7.632273118973807,-7.810812267351763,-1.2446453897766607,-0.16566775245497342,2.6217658325051976,2.21046980408624,0,0,1,0,0,0,0,0,0,0,0.0
9798_2008,0.03473613779236266,0.04973800656069219,0.27210746179356704,0.5226481773685614,0.011973929354699922,0.03029352181495905,3.1096537820335417,1.2033826612639933,0.0645211668837861,0.09575673594509093,-7.088260146617303,-8.128426480377936,0.035976100500119866,-1.0057635478055575,2.7080502011022096,2.632608005935352,0,0,1,0,0,0,0,0,0,0,0.0
9798_2009,0.04973800656069219,-0.3133687262021013,0.5226481773685614,0.8264451830283571,0.03029352181495905,0.036178760134216434,1.2033826612639933,0.6259448335070963,0.09575673594509093,0.29349053376161965,-8.128426480377936,-9.167980855510502,-1.0057635478055575,-1.1838490917632627,2.632608005935352,1.091923300517313,0,0,1,0,0,0,0,0,0,0,0.0
9798_2010,-0.3133687262021013,-0.10809736263747816,0.8264451830283571,0.6788506761972875,0.036178760134216434,0.1208619364894988,0.6259448335070963,2.0023683729307566,0.29349053376161965,0.3716405799982661,-9.167980855510502,-8.630996800825287,-1.1838490917632627,0.7972758942502302,1.091923300517313,1.8640801308076809,0,0,1,0,0,0,0,0,0,0,0.0
9804_2008,0.03406810466742907,0.03824162483672462,0.4181570758265903,0.4627466778394029,0.018205236088600044,0.0114428937602581,2.5949690165545607,2.3863926415922068,0.0389005793188551,0.050528631628155914,-6.4724279279189965,-6.6526229667412675,0.047127236860537665,-0.16757074452304768,2.7080502011022096,2.7080502011022096,0,1,0,0,0,0,0,0,0,0,0.0
9804_2009,0.03824162483672462,0.035868679188850436,0.4627466778394029,0.4633560194754718,0.0114428937602581,0.015838975170789527,2.3863926415922068,2.3440124976018284,0.050528631628155914,0.06395970910473563,-6.6526229667412675,-6.17994959150875,-0.16757074452304768,0.442479222432326,2.7080502011022096,2.7080502011022096,0,1,0,0,0,0,0,0,0,0,0.0
9804_2010,0.035868679188850436,0.03206584303430466,0.4633560194754718,0.469793633912051,0.015838975170789527,0.0367757153512146,2.3440124976018284,2.251445989903233,0.06395970910473563,0.06343325507754842,-6.17994959150875,-6.396374137277175,0.442479222432326,-0.21603692876129466,2.7080502011022096,2.7080502011022096,0,1,0,0,0,0,0,0,0,0,0.0
9833_2008,0.03440480617693474,0.04532841955013043,0.28188498378725124,0.3650268248265,0.1371663546303035,0.12714106413348428,5.805556668273288,5.511860224787509,0.07200225231126799,0.0851965717580813,-5.4303189945558605,-5.456489640107566,-0.2604904439696172,-0.005065805336811757,2.7080502011022096,2.7080502011022096,0,0,0,0,0,0,1,0,0,0,0.0
9833_2009,0.04532841955013043,0.060889009017863725,0.3650268248265,0.5462073371501585,0.12714106413348428,0.2286409317640121,5.511860224787509,3.245294954926459,0.0851965717580813,0.14790606804341466,-5.456489640107566,-5.977233820125853,-0.005065805336811757,-0.2512234290179371,2.7080502011022096,2.3263016196113617,0,0,0,0,0,0,1,0,0,0,0.0
9833_2010,0.060889009017863725,0.026907614685962037,0.5462073371501585,0.5259659420575593,0.2286409317640121,0.2094587870355244,3.245294954926459,3.3211251040922565,0.14790606804341466,0.10603261270305114,-5.977233820125853,-5.867915033353873,-0.2512234290179371,0.11645875015220547,2.3263016196113617,2.6644465636200785,0,0,0,0,0,0,1,0,0,0,0.0
9847_2008,0.007901932430320887,0.01058334082430671,0.5956655096708182,0.6397338082610454,0.03624055623486685,0.26772270663850056,3.4482630438015036,1.1364917268074126,0.04027974773148155,0.2361752804772555,-7.603984562524861,-7.7929443616312435,0.2692142707475945,-0.9442100503069284,2.7080502011022096,2.7080502011022096,0,0,0,0,0,1,0,0,0,0,0.0
9847_2009,0.01058334082430671,0.006654433639244882,0.6397338082610454,0.7151584229841371,0.26772270663850056,0.07078504714892818,1.1364917268074126,1.136285413303292,0.2361752804772555,0.06330819301613537,-7.7929443616312435,-7.152703716894251,-0.9442100503069284,0.4743659286427053,2.7080502011022096,2.7080502011022096,0,0,0,0,0,1,0,0,0,0,0.0
9847_2010,0.006654433639244882,0.004650517301119157,0.7151584229841371,0.7424514108254117,0.07078504714892818,0.17545133454222275,1.136285413303292,1.0880277192248151,0.06330819301613537,0.062186718633529085,-7.152703716894251,-7.451872552251551,0.4743659286427053,-0.276126626613269,2.7080502011022096,2.7080502011022096,0,0,0,0,0,1,0,0,0,0,0.0
9848_2008,0.03923017953351717,0.04324038042103144,0.18394373105185052,0.2396812110208557,0.01698823112792947,0.01508153369131193,3.353524627694062,3.506187182501496,0.0365365392089851,0.06698241656129209,-7.2310154810673835,-7.2990428338628375,0.12025853490755448,0.011092917261234715,2.7080502011022096,2.7080502011022096,0,0,0,0,1,0,0,0,0,0,0.0
9848_2009,0.04324038042103144,0.047257815649143324,0.2396812110208557,0.2909636748654144,0.01508153369131193,0.0223520820196271,3.506187182501496,3.1443807040487797,0.06698241656129209,0.05522068369268695,-7.2990428338628375,-7.028860494609102,0.011092917261234715,0.2845219832499535,2.7080502011022096,2.7080502011022096,0,0,0,0,1,0,0,0,0,0,0.0
9848_2010,0.047257815649143324,0.05119506024677658,0.2909636748654144,0.2574075944710465,0.0223520820196271,0.0139931280078158,3.1443807040487797,2.9366461327123066,0.05522068369268695,0.06616611025058594,-7.028860494609102,-7.130149078491892,0.2845219832499535,-0.06226505534544855,2.7080502011022096,2.7080502011022096,0,0,0,0,1,0,0,0,0,0,0.0
9857_2008,0.0,0.0,0.0,0.0,0.0,0.0,0.0,0.0,0.0,0.0,0.0,0.0,0.0,0.0,0.0,0.0,0,0,1,0,0,0,0,0,0,0,0.0
9857_2009,0.0,-0.2024632844378759,0.0,0.6912652957617292,0.0,0.04978015223161388,0.0,0.39790828659262173,0.0,0.3513846782837994,0.0,-9.270217377002037,0.0,-0.04821121425353192,0.0,2.1598687907924505,0,0,1,0,0,0,0,0,0,0,0.0
9857_2010,-0.2024632844378759,0.047347282652601935,0.6912652957617292,0.32505453160524883,0.04978015223161388,0.0912322411624176,0.39790828659262173,1.2632684007931878,0.3513846782837994,0.16433564137161086,-9.270217377002037,-8.376896964094461,-0.04821121425353192,1.0371081636371169,2.1598687907924505,2.7080502011022096,0,0,1,0,0,0,0,0,0,0,0.0
9868_2008,0.045060350014201216,0.018460785024534583,0.7726025855170554,0.8380596773318341,0.04945035534357154,0.07062384548845044,1.3940601991378323,0.7247372175961564,0.06294570216023168,0.07928263767810619,-10.31684076562276,-10.720875567717174,0.2648490047262221,-0.45303731231417604,2.4740142086215764,2.057962510002712,1,0,0,0,0,0,0,0,0,0,0.0
9868_2009,0.018460785024534583,-0.06809047478632617,0.8380596773318341,0.9527920713048982,0.07062384548845044,0.05210476687329274,0.7247372175961564,0.32491653390645103,0.07928263767810619,0.17858101484850578,-10.720875567717174,-11.628762448578804,-0.45303731231417604,-1.0757373189826331,2.057962510002712,0.6523251860396901,1,0,0,0,0,0,0,0,0,0,0.0
9868_2010,-0.06809047478632617,-0.05775958096907705,0.9527920713048982,0.926788245479094,0.05210476687329274,0.04763776994061253,0.32491653390645103,0.6636153509478109,0.17858101484850578,0.6421935785501334,-11.628762448578804,-11.383674181098389,-1.0757373189826331,0.5878460186981973,0.6523251860396901,1.1314021114911006,1,0,0,0,0,0,0,0,0,0,0.0
9899_2008,-0.10288937264991094,-0.2271751511004899,0.029724915891549575,0.07314381159440178,0.07937858697803285,0.14830687073482968,5.619045708899097,4.025189092729509,0.14320430431936884,0.2168409750360778,-10.937366509872449,-11.943026591762822,-0.2859147916494742,-1.1682242869054182,0.14842000511827322,-0.9942522733438668,0,0,0,0,1,0,0,0,0,0,0.0
9899_2009,-0.2271751511004899,-0.15323112361144728,0.07314381159440178,0.2061071746180118,0.14830687073482968,0.09289938249452184,4.025189092729509,9.134764047413519,0.2168409750360778,0.2308096486510141,-11.943026591762822,-11.692666786262706,-1.1682242869054182,-0.12452194785430708,-0.9942522733438668,-1.2378743560016174,0,0,0,0,1,0,0,0,0,0,0.0
9899_2010,-0.15323112361144728,-0.06333710600028841,0.2061071746180118,0.06960352037895637,0.09289938249452184,0.08600369692229035,9.134764047413519,6.3827216749506865,0.2308096486510141,0.4719069923027172,-11.692666786262706,-11.130739228103492,-0.12452194785430708,1.6324633237691204,-1.2378743560016174,1.0851892683359692,0,0,0,0,1,0,0,0,0,0,0.0
9971_2008,0.02919183526822805,0.027059689309032044,0.17798037410459658,0.17527645231881792,0.13354141872319406,0.0842159203828409,2.3241506726685164,2.727672342004956,0.11840160133260533,0.12037623764006923,-10.419968446645377,-9.644093128407418,0.16353926259606605,0.7821840805082646,2.7080502011022096,2.7080502011022096,0,1,0,0,0,0,0,0,0,0,0.0
9971_2009,0.027059689309032044,0.034832813544603186,0.17527645231881792,0.11577877393269755,0.0842159203828409,0.044870285890726,2.727672342004956,3.6197695160288217,0.12037623764006923,0.20104626465038491,-9.644093128407418,-9.909136924650412,0.7821840805082646,-0.2318446767784474,2.7080502011022096,2.7080502011022096,0,1,0,0,0,0,0,0,0,0,0.0
9971_2010,0.034832813544603186,0.022531002744534644,0.11577877393269755,0.16338603661357218,0.044870285890726,0.14006124103560136,3.6197695160288217,2.154616174708248,0.20104626465038491,0.16881897231764406,-9.909136924650412,-9.907200684252881,-0.2318446767784474,0.13032985235336464,2.7080502011022096,2.7080502011022096,0,1,0,0,0,0,0,0,0,0,0.0
9977_2008,0.031269948696727966,0.04986929668173904,0.15567273066083825,0.21459182721745498,0.037506063510059015,0.02038954858114271,2.373551580495716,1.7290751269348532,0.2264824729513467,0.11740881642786395,-10.440318830257851,-11.321081744824907,0.10046724141974486,-0.8683523964322603,2.7080502011022096,2.242835088588272,0,0,0,1,0,0,0,0,0,0,0.0
9977_2009,0.04986929668173904,-0.06246907668980928,0.21459182721745498,0.4890112520948049,0.02038954858114271,1.5960418162955868e-05,1.7290751269348532,0.7376125736955966,0.11740881642786395,0.2684159158342562,-11.321081744824907,-13.469627274277734,-0.8683523964322603,-2.230510951631597,2.242835088588272,-0.4004775665971253,0,0,0,1,0,0,0,0,0,0,0.0
9977_2010,-0.06246907668980928,-0.5370098890367571,0.4890112520948049,0.6312078391339849,1.5960418162955868e-05,0.002959952081405675,0.7376125736955966,0.7627095088082191,0.2684159158342562,0.24971584675832104,-13.469627274277734,-11.257781485870844,-2.230510951631597,2.332216865682109,-0.4004775665971253,2.0347056478384444,0,0,0,1,0,0,0,0,0,0,0.0
9999_2008,0.009571853943612338,0.006833266026241925,0.8836699990303271,0.9288090793412156,0.07863999829715979,0.07267478645919606,1.545646002537792,0.9012053654271609,0.038368757524104916,0.08390413562764121,-11.547481156565171,-12.097334584882214,-0.17587043473594086,-0.6320049502988215,2.561049455025852,1.9387272709839767,0,0,0,0,0,1,0,0,0,0,0.0
9999_2009,0.006833266026241925,-0.0004885087628329285,0.9288090793412156,0.9031750792636516,0.07267478645919606,0.035621810591490964,0.9012053654271609,1.1585546327299785,0.08390413562764121,0.1698844420768359,-12.097334584882214,-11.337734639501493,-0.6320049502988215,0.6839340590166533,1.9387272709839767,2.174751721484161,0,0,0,0,0,1,0,0,0,0,0.0
9999_2010,-0.0004885087628329285,-0.011628972952931829,0.9031750792636516,0.9537119718254032,0.035621810591490964,0.05652684999966461,1.1585546327299785,0.671816931737353,0.1698844420768359,0.1598314830856193,-11.337734639501493,-12.292150749286675,0.6839340590166533,-0.8626483255825929,2.174751721484161,1.4516138272405332,0,0,0,0,0,1,0,0,0,0,0.0
